Predicted p,Predicted U:0,Predicted U:1,Predicted U:2,Points:0,Points:1,Points:2
0.00020459278,0.05000731,0.0001603514,2.6432987e-23,-24.75,-9.3333,0.0
0.00022719687,-0.00013179518,-0.00023343856,7.6374256e-23,-24.75,-10.0,0.0
0.00020341831,0.049916554,-0.00032921298,-4.3071200000000004e-23,-25.0,-9.3333,0.0
0.00020033093,0.023118706,-1.6589183e-05,-1.3994039e-23,-25.0,-10.0,0.0
0.00022653422,0.049686197,0.00021520664,1.9153639e-23,-24.5,-9.3333,0.0
0.00021321248,-3.1706877e-06,-0.00070367055,-7.279931599999999e-23,-24.5,-10.0,0.0
0.0002153086,0.049701937,-0.00042333547,4.962377e-25,-24.25,-9.3333,0.0
0.0002155082,8.9191366e-05,-0.0003237538,-2.1215878e-23,-24.25,-10.0,0.0
0.00021060344,0.049912177,0.00016924311,-2.5663627e-23,-24.0,-9.3333,0.0
0.00022013788,0.000306434,-3.0742493e-05,-8.414230000000001e-24,-24.0,-10.0,0.0
0.00022238202,0.049802005,0.000655707,-3.4872398e-23,-23.75,-9.3333,0.0
0.00022877676,-3.1641684e-06,3.273727e-05,-1.5884857e-23,-23.75,-10.0,0.0
0.00020607586,0.050004497,0.00026507536,-3.0730133e-23,-23.5,-9.3333,0.0
0.0002110886,6.5580476e-05,-0.00042109378,1.0404462000000001e-22,-23.5,-10.0,0.0
0.00022615434,0.049807582,0.00020518713,7.338209000000001e-23,-23.25,-9.3333,0.0
0.00022164141,6.243598e-05,-4.5544206e-05,1.1655994e-23,-23.25,-10.0,0.0
0.0001998884,0.050060574,-0.000184973,-4.0146457e-23,-23.0,-9.3333,0.0
0.00023374328,-0.00018798886,-1.1645025e-05,7.53809e-23,-23.0,-10.0,0.0
0.00022443125,0.049987376,-0.00018745745,9.7452165e-23,-22.75,-9.3333,0.0
0.0002158618,0.00021386659,0.00010101439,-1.3776565999999998e-23,-22.75,-10.0,0.0
0.00020510622,0.050029792,0.0004766705,4.5679862e-23,-22.5,-9.3333,0.0
0.00022286865,0.00028059864,0.00016784528,3.6980588e-23,-22.5,-10.0,0.0
0.00022714277,0.04989642,-0.00034133167,-2.6680718e-23,-22.25,-9.3333,0.0
0.00019962827,0.00028027338,0.0005440428,5.87339e-23,-22.25,-10.0,0.0
0.00020808823,0.04999794,1.11269765e-05,1.1480261e-23,-22.0,-9.3333,0.0
0.00021642204,-0.00025012577,0.00012470526,6.1209043e-24,-22.0,-10.0,0.0
0.0002055291,0.04996454,6.649108e-05,-7.3782754e-23,-21.75,-9.3333,0.0
0.00022019597,3.9453153e-05,-0.00079445634,-5.703063599999999e-23,-21.75,-10.0,0.0
0.0002241391,0.049741115,0.0003148385,1.1100259e-22,-21.5,-9.3333,0.0
0.00020544475,-3.5186997e-05,3.2561366e-05,-1.9542091e-23,-21.5,-10.0,0.0
0.00020640847,0.049722955,-0.00021396502,-2.8530764e-23,-21.25,-9.3333,0.0
0.00022826083,-7.451238e-05,-3.154832e-05,6.863769000000001e-23,-21.25,-10.0,0.0
0.00021623386,0.04980368,-0.0002015892,-5.1991663999999997e-23,-21.0,-9.3333,0.0
0.00022696286,0.00027247262,-0.0002412945,-1.1587546000000001e-24,-21.0,-10.0,0.0
0.00020387032,0.04992509,-0.00016896008,-9.572051000000001e-23,-20.75,-9.3333,0.0
0.00022378325,0.00012662029,0.0004552966,2.6731142e-23,-20.75,-10.0,0.0
0.00022703712,0.04997028,-0.00021149963,2.0790966e-24,-20.5,-9.3333,0.0
0.00021822448,0.00021264539,-0.00034877541,-2.7560907e-23,-20.5,-10.0,0.0
0.00021433686,0.049932912,-0.00023370143,6.8924986e-25,-20.25,-9.3333,0.0
0.00023416188,-0.00017889892,1.3696263e-05,-1.2064165000000001e-22,-20.25,-10.0,0.0
0.00021665491,0.04973118,0.00013698253,-3.6818095e-23,-20.0,-9.3333,0.0
0.0002187034,-5.256664e-05,-7.6224096e-05,1.8346406e-23,-20.0,-10.0,0.0
0.00020737998,0.050022576,0.00027745246,-5.928972499999999e-23,-19.75,-9.3333,0.0
0.00021113615,3.307918e-05,0.00028613117,-7.5464006e-23,-19.75,-10.0,0.0
0.00021007183,0.049914084,-0.00024872087,-1.3985431e-23,-19.5,-9.3333,0.0
0.0002084874,3.9113685e-05,-0.00020781718,-5.818947000000001e-23,-19.5,-10.0,0.0
0.00021072182,0.049700893,1.4828984e-05,-4.1734149999999996e-24,-19.25,-9.3333,0.0
0.00022889239,-0.0003491072,-0.00032379292,6.734389399999999e-23,-19.25,-10.0,0.0
0.00022420415,0.049833093,0.000338275,-1.7704462e-23,-19.0,-9.3333,0.0
0.00020879894,-0.0001662802,-0.000110172434,-7.105347000000001e-23,-19.0,-10.0,0.0
0.00021976641,0.04997786,-0.00030589476,-1.2293280000000002e-23,-18.75,-9.3333,0.0
0.0001993442,8.281809e-05,0.00014884165,-2.8460344e-23,-18.75,-10.0,0.0
0.00021156057,0.049702458,-3.927492e-05,-3.8457890000000006e-23,-18.5,-9.3333,0.0
0.00020632875,-2.1416286e-05,-4.8811547e-05,-1.0120422999999999e-23,-18.5,-10.0,0.0
0.00019836398,0.049488172,-6.272885e-05,3.1680313e-23,-18.25,-9.3333,0.0
0.00022523865,0.00013290299,-1.6117003e-05,-4.1322074e-23,-18.25,-10.0,0.0
0.00021932447,0.049899824,-0.00047861598,-2.5649566e-23,-18.0,-9.3333,0.0
0.00019637222,3.0981144e-05,-0.0001860421,4.9509668e-24,-18.0,-10.0,0.0
0.00021974908,0.050052665,0.00017353255,5.534269499999999e-25,-17.75,-9.3333,0.0
0.00021542469,-3.421298e-05,-3.8183993e-05,6.0690036e-23,-17.75,-10.0,0.0
0.00019876179,0.050118588,-1.7108774e-05,1.7928322e-23,-17.5,-9.3333,0.0
0.00020694429,5.500042e-05,-5.823048e-05,6.559129000000001e-23,-17.5,-10.0,0.0
0.00021431208,0.04999747,-7.5987205e-05,-5.2794106e-24,-17.25,-9.3333,0.0
0.00020331588,-3.2698736e-05,3.2875687e-06,5.0314584e-23,-17.25,-10.0,0.0
0.00020270766,0.049760826,-0.00022509485,4.5155356999999997e-23,-17.0,-9.3333,0.0
0.00020877074,-8.186023e-05,-0.0003093494,-5.2607922e-23,-17.0,-10.0,0.0
0.00020388854,0.049725868,0.00012935023,2.3379261999999998e-23,-16.75,-9.3333,0.0
0.00019858619,0.00030127168,-4.0115672e-05,1.4529022e-23,-16.75,-10.0,0.0
0.00020927307,0.049771596,9.4664516e-05,-4.1502717e-23,-16.5,-9.3333,0.0
0.00020484999,5.9070007e-05,1.3824785e-05,-7.664542e-23,-16.5,-10.0,0.0
0.00021041556,0.049900696,0.00025292736,-1.8305640000000003e-23,-16.25,-9.3333,0.0
0.00019700851,0.00010138564,-6.860448e-05,-1.0225909000000001e-22,-16.25,-10.0,0.0
0.00019726537,0.050011486,-0.00026712465,2.7579133e-23,-16.0,-9.3333,0.0
0.00020969694,-1.3687604e-05,-0.0005064572,5.843013e-23,-16.0,-10.0,0.0
0.00019567314,0.050059453,-0.00014419481,6.585438e-23,-15.75,-9.3333,0.0
0.00019782603,-3.7900172e-05,0.00017454429,-3.8180868e-24,-15.75,-10.0,0.0
0.00020981533,0.049645394,0.00031159003,4.4363366e-23,-15.5,-9.3333,0.0
0.00020903285,0.00023247069,0.00022200635,1.9195195e-25,-15.5,-10.0,0.0
0.00021967293,0.04983245,-0.00014754757,-3.1042497e-24,-15.25,-9.3333,0.0
0.00020649933,0.00010732422,0.00045267446,-3.7603144e-23,-15.25,-10.0,0.0
0.00021104883,0.05000736,0.00052901637,-2.9749521999999997e-23,-15.0,-9.3333,0.0
0.00019278305,4.4557266e-05,0.00028559472,-2.1515834000000002e-24,-15.0,-10.0,0.0
0.00020464245,0.050288074,-0.00029329877,-5.5067186e-23,-14.75,-9.3333,0.0
0.00019615682,0.00015118113,-0.00039457623,1.3666756e-23,-14.75,-10.0,0.0
0.00019867274,0.050097644,0.00023324066,-6.100664000000001e-23,-14.5,-9.3333,0.0
0.00018709226,0.00018090103,-0.00014734268,7.783374000000001e-23,-14.5,-10.0,0.0
0.00019765503,0.04994938,0.000109389424,-3.3072078e-23,-14.25,-9.3333,0.0
0.00018774207,0.0001244666,0.00012194505,-2.3465494e-23,-14.25,-10.0,0.0
0.00020203517,0.050049648,8.912897e-05,-7.1837965e-24,-14.0,-9.3333,0.0
0.00017750575,-0.00014264439,0.00012886827,5.0398746e-24,-14.0,-10.0,0.0
0.00018584127,0.05042796,-0.0003148858,1.0228686e-23,-13.75,-9.3333,0.0
0.00018466362,-0.00011828769,0.0002599398,-7.0145916e-23,-13.75,-10.0,0.0
0.00017426493,0.050055016,-0.00049300306,-3.1652330000000005e-23,-13.5,-9.3333,0.0
0.00019977507,-1.7709099e-05,-0.0001228659,-1.0278088e-23,-13.5,-10.0,0.0
0.0001896761,0.050176214,0.00028148992,2.1005611e-23,-13.25,-9.3333,0.0
0.00018548692,-0.00021817838,-0.00016401988,-3.949e-24,-13.25,-10.0,0.0
0.0001743665,0.05015105,-0.00022918818,-4.300188e-24,-13.0,-9.3333,0.0
0.00018755204,-2.7715927e-05,1.4503516e-05,6.9125445e-23,-13.0,-10.0,0.0
0.00017343952,0.050237454,-0.00020506646,-7.99222e-23,-12.75,-9.3333,0.0
0.00017018244,0.0002157446,-0.00030876635,-2.1731464e-23,-12.75,-10.0,0.0
0.0001865349,0.050364282,-0.00019438565,-5.2075974e-24,-12.5,-9.3333,0.0
0.0001774765,-9.747935e-05,-0.0005971821,4.0506820000000004e-23,-12.5,-10.0,0.0
0.00018334154,0.05057516,3.1562755e-05,-2.338356e-23,-12.25,-9.3333,0.0
0.00018318107,0.00021689874,0.00036426098,-8.036274e-23,-12.25,-10.0,0.0
0.00017068746,0.05039198,-0.00036273524,2.1648565e-23,-12.0,-9.3333,0.0
0.00017272,4.822004e-05,2.2570952e-05,-8.261860000000001e-24,-12.0,-10.0,0.0
0.0001801547,0.050439805,-0.0003602053,-5.8511517000000004e-24,-11.75,-9.3333,0.0
0.00020345303,0.00039963517,0.00024086842,-7.7244755e-24,-11.75,-10.0,0.0
0.0001561969,0.05061077,-0.0003146052,1.3437192e-23,-11.5,-9.3333,0.0
0.00018446839,3.7825084e-05,0.00027511222,-5.0595645e-24,-11.5,-10.0,0.0
0.00017232492,0.050609894,-4.3123495e-05,-5.6901585e-23,-11.25,-9.3333,0.0
0.00015854574,-0.00015443191,-0.0004464942,-6.1652547e-23,-11.25,-10.0,0.0
0.00016454453,0.050598487,-0.00021802168,-3.037435e-23,-11.0,-9.3333,0.0
0.00014586958,-0.00031994376,0.00013539451,1.8525736e-24,-11.0,-10.0,0.0
0.00016567708,0.05074979,0.00011452258,1.6902273e-23,-10.75,-9.3333,0.0
0.00016010457,8.320855e-05,-0.00020376383,-2.7926179999999998e-24,-10.75,-10.0,0.0
0.00015342,0.050925188,-2.542045e-05,-2.7353754999999997e-23,-10.5,-9.3333,0.0
0.0001398857,2.2936147e-05,-4.022708e-05,-5.933241e-23,-10.5,-10.0,0.0
0.00013900024,0.05093427,0.00026725396,-2.878103e-23,-10.25,-9.3333,0.0
0.00013503824,-0.00011419179,-9.4234e-05,8.494063e-24,-10.25,-10.0,0.0
0.00016923234,0.050946124,-0.00041690294,5.1472126e-23,-10.0,-9.3333,0.0
0.00014850346,4.4301152e-05,-0.00042866776,-1.7756312e-25,-10.0,-10.0,0.0
0.00022497852,0.050140493,-0.0003258111,-2.1415112e-24,-24.75,-8.6667,0.0
0.00023228597,0.049907677,-0.00082266843,3.7927372e-23,-25.0,-8.6667,0.0
0.00020695929,0.05000721,0.00022201752,1.9402192e-24,-24.5,-8.6667,0.0
0.00020304993,0.049949914,-5.445414e-05,-1.25050736e-23,-24.25,-8.6667,0.0
0.00021122622,0.05001372,0.000121757854,-5.7905975e-23,-24.0,-8.6667,0.0
0.00021599644,0.05020368,-0.00017883687,-4.4534720000000004e-23,-23.75,-8.6667,0.0
0.00021640639,0.049957637,-0.00031628716,8.467575e-23,-23.5,-8.6667,0.0
0.00023560403,0.049945675,0.0004693619,4.058789e-23,-23.25,-8.6667,0.0
0.00022959603,0.04999264,-0.00046821614,-2.0064507e-23,-23.0,-8.6667,0.0
0.00021457722,0.05025299,-0.00055307127,7.099033000000001e-23,-22.75,-8.6667,0.0
0.00024110892,0.04996539,-0.00039077044,3.8197882e-23,-22.5,-8.6667,0.0
0.00022128249,0.050075084,-0.00030333363,3.279036e-23,-22.25,-8.6667,0.0
0.0002266578,0.049798917,0.0005861094,-4.8942395e-23,-22.0,-8.6667,0.0
0.00020182428,0.04989906,0.00028903806,4.5234015999999996e-23,-21.75,-8.6667,0.0
0.0002059876,0.049989827,0.00014055613,6.4711327e-23,-21.5,-8.6667,0.0
0.00021465612,0.050235227,-2.0520762e-05,6.2079439999999995e-24,-21.25,-8.6667,0.0
0.00020548562,0.050035793,1.9097468e-05,-1.3675061999999998e-23,-21.0,-8.6667,0.0
0.00022143888,0.05009117,0.00023489865,5.4460735e-23,-20.75,-8.6667,0.0
0.00021799847,0.050097443,0.00028396538,1.3015876999999999e-23,-20.5,-8.6667,0.0
0.00021911679,0.049958386,0.00028621056,-4.7923211999999996e-23,-20.25,-8.6667,0.0
0.0002178789,0.050025817,0.00019394778,5.298555e-23,-20.0,-8.6667,0.0
0.00020957607,0.049755648,0.00026135938,-2.4239083e-23,-19.75,-8.6667,0.0
0.00022534553,0.049903434,-2.9740273e-05,-5.889734000000001e-23,-19.5,-8.6667,0.0
0.00020788542,0.05035439,-0.00021405448,-1.9638976e-23,-19.25,-8.6667,0.0
0.00019650726,0.050278842,-0.00039108645,9.965244e-24,-19.0,-8.6667,0.0
0.00019453492,0.050035186,-0.00018334744,-3.3358088e-23,-18.75,-8.6667,0.0
0.00021874241,0.05006546,-0.00033153326,1.977312e-23,-18.5,-8.6667,0.0
0.0002200183,0.050143883,3.770087e-05,-6.5838205e-24,-18.25,-8.6667,0.0
0.00022689477,0.05021311,4.260044e-05,4.0598717e-23,-18.0,-8.6667,0.0
0.00021532772,0.050110064,5.4929405e-05,-9.630212e-24,-17.75,-8.6667,0.0
0.00022227164,0.05047182,-0.00023953721,4.4992335e-24,-17.5,-8.6667,0.0
0.00020736137,0.050089866,3.432494e-05,5.5727457e-23,-17.25,-8.6667,0.0
0.00021170461,0.050337553,-8.669682e-05,6.374208000000001e-23,-17.0,-8.6667,0.0
0.00022006512,0.05017654,-0.0001424742,9.346858e-23,-16.75,-8.6667,0.0
0.00020223422,0.050191343,-0.00017733732,-2.2433286e-23,-16.5,-8.6667,0.0
0.00020735845,0.05019268,-0.00043047825,4.8010504e-23,-16.25,-8.6667,0.0
0.00020307067,0.050340414,-3.3403747e-05,7.0450656e-23,-16.0,-8.6667,0.0
0.00020015323,0.049997583,-0.0004328643,7.694789e-24,-15.75,-8.6667,0.0
0.00019777617,0.050078005,-0.00013580918,4.049974e-24,-15.5,-8.6667,0.0
0.00020641723,0.050166816,-0.0001320981,-3.438661e-23,-15.25,-8.6667,0.0
0.00020505,0.050273485,0.0003320903,-1.2000682e-23,-15.0,-8.6667,0.0
0.000197599,0.050456673,-0.00042634248,2.9656626e-24,-14.75,-8.6667,0.0
0.00019663724,0.050540898,0.00012104446,5.6043e-23,-14.5,-8.6667,0.0
0.00020553685,0.05027776,0.00016365829,5.635915000000001e-23,-14.25,-8.6667,0.0
0.00020528509,0.050276157,9.716267e-05,9.0538866e-23,-14.0,-8.6667,0.0
0.00018353053,0.050505567,-0.0002988791,-2.0469199e-23,-13.75,-8.6667,0.0
0.00018084924,0.050444134,0.00017460855,3.507157e-23,-13.5,-8.6667,0.0
0.00019008291,0.050606586,0.00016067404,2.2488998e-23,-13.25,-8.6667,0.0
0.00018756576,0.05061139,-0.00031852606,-4.0745865e-23,-13.0,-8.6667,0.0
0.00018887805,0.050368953,-0.00035776733,4.8288384999999997e-23,-12.75,-8.6667,0.0
0.00019614317,0.050506108,-0.00011888519,6.227311e-23,-12.5,-8.6667,0.0
0.00018794434,0.050790504,0.00010241405,-1.1273365e-23,-12.25,-8.6667,0.0
0.00018141801,0.05075233,0.0001724044,-6.189822e-23,-12.0,-8.6667,0.0
0.00018099567,0.050962545,-4.7998503e-05,2.1555517e-23,-11.75,-8.6667,0.0
0.00019053053,0.05066235,-0.0003930158,-2.5270256999999998e-23,-11.5,-8.6667,0.0
0.00018076159,0.050729588,-0.0002549435,-5.2284186e-23,-11.25,-8.6667,0.0
0.00015706118,0.05121258,-0.00040740147,-2.6331545999999998e-23,-11.0,-8.6667,0.0
0.00016424853,0.05103161,-0.0005729036,-6.02098e-23,-10.75,-8.6667,0.0
0.00015914663,0.051299438,-0.0005566477,-4.2354232e-23,-10.5,-8.6667,0.0
0.00016823164,0.051264662,-0.0004896587,2.2725353e-23,-10.25,-8.6667,0.0
0.00016524372,0.051345117,-0.00039367937,1.4057628000000001e-24,-10.0,-8.6667,0.0
0.00019754423,0.049867213,-0.00023424561,-7.593643e-23,-24.75,-8.0,0.0
0.00021151624,0.049926907,4.4273213e-05,-2.4593730000000003e-23,-25.0,-8.0,0.0
0.0002255213,0.050307922,-8.35245e-05,-6.3050812e-24,-24.5,-8.0,0.0
0.0002330216,0.050296992,-0.0003312144,-4.9782677e-23,-24.25,-8.0,0.0
0.000212332,0.050008465,-0.00035309233,6.949286499999999e-23,-24.0,-8.0,0.0
0.00020822043,0.050027013,-0.00012888853,-1.3989268e-23,-23.75,-8.0,0.0
0.00022177021,0.050136026,-0.00068055606,-7.630388e-23,-23.5,-8.0,0.0
0.00021502716,0.050291367,2.7565053e-05,8.3774655e-23,-23.25,-8.0,0.0
0.00021124278,0.050296493,0.00033514603,-3.6910808e-23,-23.0,-8.0,0.0
0.00020795403,0.049973764,0.00031588238,-1.4144667e-23,-22.75,-8.0,0.0
0.00022115413,0.050091803,0.00012557488,-1.5836509e-23,-22.5,-8.0,0.0
0.00022334725,0.050113812,-5.2322634e-05,2.2412258e-23,-22.25,-8.0,0.0
0.00022694177,0.05012203,0.00016985275,2.9834087999999997e-23,-22.0,-8.0,0.0
0.00021413225,0.049922355,-0.00036103046,-6.807017000000001e-23,-21.75,-8.0,0.0
0.00022807113,0.050180055,0.00044647348,1.9321917e-24,-21.5,-8.0,0.0
0.00021119473,0.050206505,-0.00032138615,-3.9305013999999996e-23,-21.25,-8.0,0.0
0.00019245288,0.050107703,0.0003646596,-1.3372619e-23,-21.0,-8.0,0.0
0.00020686552,0.05015529,-0.00032900274,1.7647386e-24,-20.75,-8.0,0.0
0.00020687538,0.049818024,3.5336474e-05,4.7181556e-23,-20.5,-8.0,0.0
0.00021907825,0.049924627,-0.00016927664,-5.423758000000001e-23,-20.25,-8.0,0.0
0.00020542686,0.049999572,-0.00056124246,7.4812287e-23,-20.0,-8.0,0.0
0.00022565966,0.05004752,-0.000400034,-1.3807817e-23,-19.75,-8.0,0.0
0.00020909877,0.049931232,-0.0002587204,-6.648342999999999e-24,-19.5,-8.0,0.0
0.00020366098,0.050086517,-0.00047341222,-2.2700312e-23,-19.25,-8.0,0.0
0.00020603508,0.04981627,-4.2085536e-05,1.1130562e-23,-19.0,-8.0,0.0
0.000213747,0.050050788,-0.00033880596,5.893864e-25,-18.75,-8.0,0.0
0.00021505653,0.04989061,-0.00035809376,-4.6112593e-23,-18.5,-8.0,0.0
0.00020698919,0.05029194,-0.000110419845,-7.409981000000001e-23,-18.25,-8.0,0.0
0.0002109977,0.050281793,0.0003275671,1.6994992e-23,-18.0,-8.0,0.0
0.00021651151,0.050024062,-6.240746e-05,3.8609655e-23,-17.75,-8.0,0.0
0.00021846379,0.049870074,-0.00022111472,-1.8624690000000002e-23,-17.5,-8.0,0.0
0.00021603236,0.05012037,-8.775474e-06,-2.3675622e-23,-17.25,-8.0,0.0
0.00021748523,0.050256453,8.3895866e-05,-4.250496e-24,-17.0,-8.0,0.0
0.00020141617,0.049814135,-0.0005320804,-1.4893365999999998e-23,-16.75,-8.0,0.0
0.0002076637,0.050294265,-0.00014298328,6.18449e-23,-16.5,-8.0,0.0
0.00019372138,0.050346196,0.00013037375,-8.890942e-24,-16.25,-8.0,0.0
0.00022274855,0.050314195,-0.00084829936,-1.5765089e-23,-16.0,-8.0,0.0
0.0001951788,0.050534867,6.572553e-05,-1.5718325e-23,-15.75,-8.0,0.0
0.00020647807,0.050139084,-3.3726683e-05,3.8135780000000004e-23,-15.5,-8.0,0.0
0.00019748969,0.050014973,0.00012964709,-2.732748e-23,-15.25,-8.0,0.0
0.00020878302,0.050209764,-0.00040108897,1.090278e-22,-15.0,-8.0,0.0
0.00020438846,0.050552536,-0.00017986182,2.1270669e-23,-14.75,-8.0,0.0
0.00020138094,0.050492544,9.8653254e-05,-1.6242406e-23,-14.5,-8.0,0.0
0.00020673923,0.050540995,-0.00012589607,6.434187e-23,-14.25,-8.0,0.0
0.00020592299,0.050079964,-0.000496414,-3.2216170000000006e-23,-14.0,-8.0,0.0
0.00019108654,0.05054843,-0.0002241726,-6.5269114e-23,-13.75,-8.0,0.0
0.00019099956,0.050470404,-0.00017251447,-4.0995523999999996e-25,-13.5,-8.0,0.0
0.00018717788,0.050499253,-0.0003803001,1.7777365e-23,-13.25,-8.0,0.0
0.00019674622,0.0505337,-0.000714964,2.4310901e-23,-13.0,-8.0,0.0
0.00019013317,0.050451055,0.00016066723,-2.3207354e-23,-12.75,-8.0,0.0
0.0001915049,0.05056237,-0.0006094044,3.9999792e-23,-12.5,-8.0,0.0
0.00018253924,0.050846927,-0.00075968844,3.8074946e-23,-12.25,-8.0,0.0
0.00018355311,0.050735865,-0.00025448715,2.8264495e-23,-12.0,-8.0,0.0
0.00019183637,0.05053562,-9.957364e-05,2.0461902999999999e-23,-11.75,-8.0,0.0
0.00016623341,0.050805815,-0.0005045207,3.7856387e-23,-11.5,-8.0,0.0
0.00016585519,0.05079999,-8.582417e-05,-3.0372167e-23,-11.25,-8.0,0.0
0.00018230248,0.05102223,-0.00041344104,-3.8625053e-23,-11.0,-8.0,0.0
0.00016273401,0.051026795,-0.0010701981,1.7618483000000002e-24,-10.75,-8.0,0.0
0.00014911924,0.050543174,-0.0010448818,3.044584e-23,-10.5,-8.0,0.0
0.00016540829,0.051050987,-0.00051633106,1.8534296e-23,-10.25,-8.0,0.0
0.00014591575,0.051175717,-0.00079491735,-2.4178271e-23,-10.0,-8.0,0.0
0.00020364998,0.04988753,-7.0737675e-05,4.8442812e-23,-24.75,-7.3333,0.0
0.00020103139,0.050304905,-0.0006094151,-4.1213425999999996e-23,-25.0,-7.3333,0.0
0.00020268641,0.04992481,0.00011003902,-4.3270125e-23,-24.5,-7.3333,0.0
0.00021305555,0.04969985,-0.00038870936,1.2687786e-23,-24.25,-7.3333,0.0
0.00021928168,0.049738094,0.00053827744,4.7552900000000004e-23,-24.0,-7.3333,0.0
0.00023272505,0.050004236,-0.00045395552,-2.6989595e-23,-23.75,-7.3333,0.0
0.0002259142,0.050044168,-0.00046410473,5.794899000000001e-23,-23.5,-7.3333,0.0
0.00020888174,0.049949892,-4.8486865e-05,-2.4256627e-23,-23.25,-7.3333,0.0
0.00020478568,0.050045744,0.00017212285,6.636453e-24,-23.0,-7.3333,0.0
0.00021316459,0.04999666,3.7553255e-05,-2.6692276e-23,-22.75,-7.3333,0.0
0.00021211914,0.05027838,-8.555991e-05,-2.4303984e-24,-22.5,-7.3333,0.0
0.00020806884,0.050079476,-0.00014297385,-2.2611606e-23,-22.25,-7.3333,0.0
0.00022235495,0.050286576,-0.00010187412,2.2168077e-23,-22.0,-7.3333,0.0
0.00022031242,0.050193876,5.200226e-05,-2.0612594999999998e-23,-21.75,-7.3333,0.0
0.0002298126,0.049792394,0.00031559938,-1.0529356000000001e-22,-21.5,-7.3333,0.0
0.00022099285,0.049798623,0.00025652442,9.589165999999999e-24,-21.25,-7.3333,0.0
0.00020241043,0.049752716,-1.6915612e-05,-1.3672159e-23,-21.0,-7.3333,0.0
0.00020810496,0.050019674,-9.493879e-05,4.1361050000000006e-23,-20.75,-7.3333,0.0
0.00020976456,0.04988213,-0.0005144647,-5.556994e-23,-20.5,-7.3333,0.0
0.00020751776,0.050134283,0.00033400394,8.402651000000001e-23,-20.25,-7.3333,0.0
0.00021642963,0.050174437,0.00026020547,-4.9534710000000007e-23,-20.0,-7.3333,0.0
0.0002177555,0.05034261,0.00066506385,5.2196187e-23,-19.75,-7.3333,0.0
0.00020495358,0.0502183,5.572522e-05,4.5756456999999996e-23,-19.5,-7.3333,0.0
0.00022130358,0.04985936,-0.00023344345,-3.6605193999999997e-23,-19.25,-7.3333,0.0
0.00021976768,0.04994187,0.00035648933,-5.1643201999999997e-23,-19.0,-7.3333,0.0
0.00021543972,0.050020482,-9.260618e-05,-1.05155133e-22,-18.75,-7.3333,0.0
0.00021815117,0.050166473,-0.00054856896,2.8160037e-23,-18.5,-7.3333,0.0
0.00021113733,0.04997158,-0.00033119274,9.283366e-24,-18.25,-7.3333,0.0
0.00020892949,0.050133087,-0.00011192076,-4.9497046e-23,-18.0,-7.3333,0.0
0.0002035288,0.049983703,0.00021526683,-5.6013946e-23,-17.75,-7.3333,0.0
0.0002125311,0.050133474,-0.00056477374,-4.0019103e-24,-17.5,-7.3333,0.0
0.00020852868,0.05032067,-0.00041466486,3.6460697e-23,-17.25,-7.3333,0.0
0.00021289063,0.05033496,-0.00040165382,-6.036515000000001e-23,-17.0,-7.3333,0.0
0.0002175771,0.0503418,-0.0004948729,1.8195323e-23,-16.75,-7.3333,0.0
0.000201931,0.050205722,0.00012284087,2.6041851e-23,-16.5,-7.3333,0.0
0.00020732365,0.050140616,-0.0007045765,2.8161905e-23,-16.25,-7.3333,0.0
0.00020697986,0.050295535,0.00069667684,1.0535244e-23,-16.0,-7.3333,0.0
0.00020579282,0.049938165,0.00013514864,4.5575814e-23,-15.75,-7.3333,0.0
0.00019991101,0.050162032,-0.00016814185,-6.158285e-23,-15.5,-7.3333,0.0
0.00021003751,0.050430145,-0.00038499176,6.4690684e-23,-15.25,-7.3333,0.0
0.00020099171,0.050066505,9.344099e-05,9.70102e-24,-15.0,-7.3333,0.0
0.00020368502,0.0500794,-0.0003005243,1.28433655e-23,-14.75,-7.3333,0.0
0.00020473349,0.05027783,7.324992e-05,-7.5059976e-23,-14.5,-7.3333,0.0
0.00020393952,0.050102256,-0.00067762705,8.682165000000001e-23,-14.25,-7.3333,0.0
0.0001928208,0.050232954,-6.436708e-05,2.8919515e-24,-14.0,-7.3333,0.0
0.00018091049,0.050203066,-0.00029001478,-3.6862044e-23,-13.75,-7.3333,0.0
0.00019497541,0.050248772,-0.00048289867,-2.3380172999999998e-23,-13.5,-7.3333,0.0
0.00020650266,0.050130397,-0.00046765304,-3.7594030000000005e-23,-13.25,-7.3333,0.0
0.00021030659,0.05052522,-0.00031763176,2.446582e-23,-13.0,-7.3333,0.0
0.00018938161,0.050324775,-0.00080730836,6.989546000000001e-23,-12.75,-7.3333,0.0
0.00019714754,0.050371863,-0.00027508847,8.710817000000001e-23,-12.5,-7.3333,0.0
0.00018877961,0.050649844,-0.00042921444,2.3883602999999998e-23,-12.25,-7.3333,0.0
0.00018791121,0.050646998,-0.00017779274,-1.14477475e-23,-12.0,-7.3333,0.0
0.00019702254,0.050638422,-0.00070451037,8.668092e-24,-11.75,-7.3333,0.0
0.00018119029,0.050793268,-0.00057604956,9.646772e-24,-11.5,-7.3333,0.0
0.00018041422,0.050459534,-0.0006794152,-3.8715122e-23,-11.25,-7.3333,0.0
0.00016171692,0.05060514,-0.00067090825,5.0697880000000005e-25,-11.0,-7.3333,0.0
0.00017617317,0.050680183,-0.0007322759,-9.856444999999999e-24,-10.75,-7.3333,0.0
0.00016249606,0.050824158,-0.00062742125,2.3691120999999998e-23,-10.5,-7.3333,0.0
0.00018234829,0.05105849,-0.0011488781,-5.4064917e-23,-10.25,-7.3333,0.0
0.00015968022,0.050804436,-0.00090935326,1.58411e-22,-10.0,-7.3333,0.0
0.00022908815,0.04998213,0.00042535877,5.9635284e-23,-24.75,-6.6667,0.0
0.00021850615,0.04963053,0.00011378377,7.015763000000001e-23,-25.0,-6.6667,0.0
0.00022122229,0.05024323,-0.0001528284,4.0607934e-23,-24.5,-6.6667,0.0
0.00023126596,0.05015101,-0.00016122474,2.5375017e-23,-24.25,-6.6667,0.0
0.00021148696,0.050248936,-0.00045347482,-1.4003202e-23,-24.0,-6.6667,0.0
0.00022426798,0.049981862,0.00013713428,4.3464444e-23,-23.75,-6.6667,0.0
0.00021194357,0.04974065,-0.00023482612,6.505919e-24,-23.5,-6.6667,0.0
0.00022065277,0.049881607,-0.00032174308,6.107818000000001e-23,-23.25,-6.6667,0.0
0.00021578952,0.04999417,-0.000552722,4.4846730000000004e-23,-23.0,-6.6667,0.0
0.00021121251,0.049917758,-0.00020858785,8.880428e-24,-22.75,-6.6667,0.0
0.00020347124,0.050063968,6.0685183e-05,-9.603151000000001e-25,-22.5,-6.6667,0.0
0.00023340588,0.04989646,0.00046572136,-2.9305891999999997e-23,-22.25,-6.6667,0.0
0.00021072708,0.04982918,-3.5765814e-05,3.5939493e-24,-22.0,-6.6667,0.0
0.00021244898,0.049920082,7.102243e-05,-6.3976493000000004e-24,-21.75,-6.6667,0.0
0.00021865577,0.050015017,-0.00020394986,-4.9924610000000007e-23,-21.5,-6.6667,0.0
0.00021714577,0.050163854,-0.00015358813,-5.0854530000000004e-23,-21.25,-6.6667,0.0
0.00021482106,0.049930662,0.00027200487,1.911261e-23,-21.0,-6.6667,0.0
0.00020898956,0.050031472,-9.492063e-05,-1.4818973e-23,-20.75,-6.6667,0.0
0.00019565117,0.0501687,0.00016802372,1.9604594999999998e-23,-20.5,-6.6667,0.0
0.00020859175,0.050033167,0.00019787042,-2.7404952e-23,-20.25,-6.6667,0.0
0.0002066824,0.049717464,0.00043158233,1.1164615999999999e-23,-20.0,-6.6667,0.0
0.0002009893,0.049780473,0.00032300968,-4.817398e-23,-19.75,-6.6667,0.0
0.00022915707,0.050249897,0.00024406286,5.913145e-23,-19.5,-6.6667,0.0
0.0002103609,0.049881116,-0.00012694974,-9.114017000000001e-23,-19.25,-6.6667,0.0
0.00021284449,0.04983364,7.5537246e-06,-5.747855e-24,-19.0,-6.6667,0.0
0.00021052134,0.049799234,0.00012253411,-2.8870264e-23,-18.75,-6.6667,0.0
0.00021820882,0.050301526,-0.00044132688,8.9696085e-23,-18.5,-6.6667,0.0
0.00021604322,0.05008231,8.704647e-05,6.843698e-23,-18.25,-6.6667,0.0
0.00022270207,0.04981009,0.00038923428,-3.1234045e-23,-18.0,-6.6667,0.0
0.0001980263,0.05009196,9.140745e-05,-4.5227093e-23,-17.75,-6.6667,0.0
0.0002016364,0.050011113,-3.5178382e-05,1.3414624e-23,-17.5,-6.6667,0.0
0.0002088747,0.050028607,2.1135551e-05,3.3346324e-23,-17.25,-6.6667,0.0
0.00023018746,0.049802013,0.00010310579,-4.6796087e-23,-17.0,-6.6667,0.0
0.00020916114,0.049957246,0.00023733487,1.0320345e-23,-16.75,-6.6667,0.0
0.00020629213,0.05020272,-0.00075435755,-5.226251e-24,-16.5,-6.6667,0.0
0.0002160883,0.050176702,-0.00026888947,2.9949730000000005e-23,-16.25,-6.6667,0.0
0.0002107788,0.05022977,-0.0001981504,-4.0112403e-23,-16.0,-6.6667,0.0
0.00020777587,0.050259165,-0.0001098552,4.5759928e-23,-15.75,-6.6667,0.0
0.00021533208,0.050191037,-0.0005355049,-4.2989485999999997e-23,-15.5,-6.6667,0.0
0.00021612439,0.05001335,-0.000952431,-1.3870484e-23,-15.25,-6.6667,0.0
0.00019635365,0.050203152,-0.0006624495,-7.621002e-23,-15.0,-6.6667,0.0
0.0002094275,0.050293256,-0.000260664,2.0700545e-23,-14.75,-6.6667,0.0
0.0001934018,0.050064526,-0.00044985092,2.91822e-23,-14.5,-6.6667,0.0
0.00020551051,0.05020504,-0.00016040704,6.0906474e-23,-14.25,-6.6667,0.0
0.00020971242,0.050480433,-0.00038412586,-8.222329e-24,-14.0,-6.6667,0.0
0.00021249303,0.05009486,-0.00012858491,-3.1753557e-23,-13.75,-6.6667,0.0
0.00018867041,0.050188445,-3.1649834e-05,-1.9357157e-23,-13.5,-6.6667,0.0
0.00019675927,0.050235778,-0.00016725506,8.013312e-25,-13.25,-6.6667,0.0
0.00018820638,0.050255794,-0.0007725812,-3.3361270000000004e-23,-13.0,-6.6667,0.0
0.0001958439,0.050119635,-0.00070557185,-8.14367e-24,-12.75,-6.6667,0.0
0.00019314988,0.05028574,-0.0008976832,-2.9827493e-23,-12.5,-6.6667,0.0
0.0001941814,0.050309062,-0.00048171822,3.0030584e-23,-12.25,-6.6667,0.0
0.00019483402,0.05033891,-0.0005339524,-2.5998420000000003e-23,-12.0,-6.6667,0.0
0.00020526866,0.05029321,-0.001003739,4.0590264e-23,-11.75,-6.6667,0.0
0.00019111326,0.050188303,-0.0010221424,-7.062095000000001e-23,-11.5,-6.6667,0.0
0.00020206739,0.050455958,-0.00076184655,3.2652834e-23,-11.25,-6.6667,0.0
0.00018001832,0.050709605,-0.00077792886,5.5501477e-24,-11.0,-6.6667,0.0
0.0001693239,0.050603054,-0.000765858,-2.4300854e-23,-10.75,-6.6667,0.0
0.00018283613,0.050604574,-0.00095925666,2.394073e-24,-10.5,-6.6667,0.0
0.00018048276,0.050614305,-0.0016884254,2.1289854e-23,-10.25,-6.6667,0.0
0.00016255298,0.050937153,-0.00084899575,4.4345543999999997e-23,-10.0,-6.6667,0.0
0.00021997835,0.049914137,-0.00020163099,4.950901000000001e-23,-24.75,-6.0,0.0
0.0002089989,0.049951,-0.000135035,4.7896680000000003e-23,-25.0,-6.0,0.0
0.00021339497,0.049934983,-0.0003904919,3.5771876e-24,-24.5,-6.0,0.0
0.00023513634,0.050019242,-0.00024600409,-2.6118187e-23,-24.25,-6.0,0.0
0.00020981558,0.050105274,-0.0002801083,1.4490155e-23,-24.0,-6.0,0.0
0.0002062977,0.05003786,0.00027964055,1.0393779e-24,-23.75,-6.0,0.0
0.00022990862,0.049857005,-0.00015068497,1.7955484e-23,-23.5,-6.0,0.0
0.00021798568,0.04985964,0.00059659686,1.3511509e-23,-23.25,-6.0,0.0
0.00021058702,0.049648233,0.00021863985,-4.0542452e-23,-23.0,-6.0,0.0
0.00021793004,0.05023501,0.00029976806,4.0392127e-23,-22.75,-6.0,0.0
0.00020478037,0.049933292,0.00047794916,-1.0635652000000002e-22,-22.5,-6.0,0.0
0.00020751156,0.04995323,0.0002350784,3.6328243999999996e-23,-22.25,-6.0,0.0
0.0002220266,0.049987633,-0.00030798698,-1.6584317e-23,-22.0,-6.0,0.0
0.00021288992,0.04975942,0.00014044704,-6.1428157e-24,-21.75,-6.0,0.0
0.0002084784,0.0502045,0.00032015424,-7.182926000000001e-23,-21.5,-6.0,0.0
0.00020379008,0.050224617,-0.00026185176,3.4698860000000003e-23,-21.25,-6.0,0.0
0.00021669516,0.049776547,-0.00012739282,-1.8453186e-23,-21.0,-6.0,0.0
0.00021793849,0.050061613,0.0001969426,-7.176865e-23,-20.75,-6.0,0.0
0.00021230098,0.050090995,-0.00041143817,-3.5304618000000004e-24,-20.5,-6.0,0.0
0.00021430652,0.050329104,-0.00034892512,4.4204887e-23,-20.25,-6.0,0.0
0.00023860447,0.049888257,6.658019e-05,2.8936478e-23,-20.0,-6.0,0.0
0.0002104857,0.050169498,0.0001830033,-2.1265166e-25,-19.75,-6.0,0.0
0.00020891083,0.050096437,-2.9185903e-06,-9.253629e-24,-19.5,-6.0,0.0
0.00021538927,0.05049306,0.00019395351,2.0906807999999998e-23,-19.25,-6.0,0.0
0.00021237455,0.050233338,0.00048374583,1.8530202e-23,-19.0,-6.0,0.0
0.00021638545,0.050263915,0.00024094898,-7.216078000000001e-23,-18.75,-6.0,0.0
0.00020260965,0.05029334,-0.0001446681,6.1092216e-23,-18.5,-6.0,0.0
0.00021523668,0.050147913,0.00016989186,3.0995190000000004e-23,-18.25,-6.0,0.0
0.0002150527,0.05023858,0.00021464122,4.0726224999999997e-23,-18.0,-6.0,0.0
0.00022154648,0.04998833,-0.00032615103,1.1581910999999999e-23,-17.75,-6.0,0.0
0.00020693177,0.049992338,-0.0004329651,-2.8852657e-23,-17.5,-6.0,0.0
0.00022105208,0.04982686,-0.00033249706,5.744866000000001e-23,-17.25,-6.0,0.0
0.00022524298,0.050210293,-9.725639e-05,3.9715754e-23,-17.0,-6.0,0.0
0.00020897064,0.050131522,0.00042197155,1.5047351e-23,-16.75,-6.0,0.0
0.00020763378,0.049895227,-1.08340755e-05,-3.5723460000000005e-23,-16.5,-6.0,0.0
0.00021437071,0.05003079,5.7634432e-05,-4.6137306e-23,-16.25,-6.0,0.0
0.00019683057,0.049901694,-0.00037359446,8.5899506e-24,-16.0,-6.0,0.0
0.00020230701,0.050028354,-0.0002315656,1.3534682e-23,-15.75,-6.0,0.0
0.00022061905,0.050125398,0.000220994,5.1864134e-24,-15.5,-6.0,0.0
0.00021886361,0.050129116,-0.00047878327,1.2147852e-23,-15.25,-6.0,0.0
0.00021617007,0.05011489,-0.00023166602,-2.3470960000000003e-23,-15.0,-6.0,0.0
0.00022121356,0.05009401,-0.00013860874,-5.0697983e-23,-14.75,-6.0,0.0
0.00020555475,0.050171215,-0.00024472203,-3.5737945e-23,-14.5,-6.0,0.0
0.00022404263,0.050263315,-0.00046201446,1.102406e-23,-14.25,-6.0,0.0
0.0002194284,0.049923077,-7.318938e-05,-7.1815726e-23,-14.0,-6.0,0.0
0.0002038381,0.04987274,0.00010806811,-1.5368828e-23,-13.75,-6.0,0.0
0.00022118943,0.050242506,-0.0005979826,-4.2304484e-23,-13.5,-6.0,0.0
0.00021033327,0.050160076,9.357324e-05,-7.2520374e-23,-13.25,-6.0,0.0
0.00021668748,0.049978875,-0.00035728235,1.3961525e-23,-13.0,-6.0,0.0
0.00019804806,0.050182194,-0.0004922133,-8.640564e-24,-12.75,-6.0,0.0
0.00020399842,0.0502607,-0.0009572776,9.107166e-24,-12.5,-6.0,0.0
0.00019954596,0.049982265,-0.00088585936,4.626587e-24,-12.25,-6.0,0.0
0.00019129351,0.05027739,-0.0003563813,7.997977e-23,-12.0,-6.0,0.0
0.00018674637,0.050096605,-0.00085500604,3.6761953e-23,-11.75,-6.0,0.0
0.00020530715,0.050379336,-0.00071840547,1.0627028999999999e-23,-11.5,-6.0,0.0
0.00020515641,0.050494976,-0.0010607073,2.279038e-24,-11.25,-6.0,0.0
0.00019520076,0.050463945,-0.0012105567,1.7976840000000002e-23,-11.0,-6.0,0.0
0.00017826888,0.050776225,-0.00053701876,-1.5353379e-23,-10.75,-6.0,0.0
0.00018750217,0.050327837,-0.001360243,-3.050493e-23,-10.5,-6.0,0.0
0.00018396741,0.050451003,-0.0010469275,-6.680200399999999e-25,-10.25,-6.0,0.0
0.00019653297,0.05057294,-0.0012081307,-1.7230257e-22,-10.0,-6.0,0.0
0.00022127427,0.049802378,0.00015818886,-7.9801674e-23,-24.75,-5.3333,0.0
0.0002210864,0.050260194,-7.5772754e-05,-1.1638422000000002e-22,-25.0,-5.3333,0.0
0.00021894932,0.050253615,7.5959135e-05,-2.4092197e-23,-24.5,-5.3333,0.0
0.00020203007,0.049938083,-0.0001853453,1.6367387e-23,-24.25,-5.3333,0.0
0.00022199225,0.04987525,-6.987585e-05,2.6473750000000004e-23,-24.0,-5.3333,0.0
0.00020285661,0.050069347,-0.00026805804,3.5490851999999998e-25,-23.75,-5.3333,0.0
0.00020768557,0.049716547,0.00037863827,6.3877236e-23,-23.5,-5.3333,0.0
0.00021156763,0.05020342,1.2095086e-05,-3.8087467e-23,-23.25,-5.3333,0.0
0.00022679921,0.049888328,-0.00023843767,-3.6927575999999997e-23,-23.0,-5.3333,0.0
0.00021421704,0.0498888,-3.1341915e-06,-1.9812955e-23,-22.75,-5.3333,0.0
0.0002201936,0.050128393,0.0002161772,-1.8801193e-23,-22.5,-5.3333,0.0
0.0002337595,0.049928878,-0.00061653496,-4.1753133e-23,-22.25,-5.3333,0.0
0.00021534864,0.05008622,-0.0005412018,-8.967343e-24,-22.0,-5.3333,0.0
0.00023075112,0.04990466,0.00019039866,-2.8384402e-23,-21.75,-5.3333,0.0
0.00021037814,0.050306857,-0.0006429374,-5.559639000000001e-23,-21.5,-5.3333,0.0
0.00022478873,0.049774297,-7.855706e-06,-8.259840999999999e-24,-21.25,-5.3333,0.0
0.00021901773,0.05017485,6.848946e-05,9.210966999999999e-24,-21.0,-5.3333,0.0
0.00020543998,0.050179936,9.9764206e-05,2.2282771e-23,-20.75,-5.3333,0.0
0.00021048282,0.05043242,8.9457375e-05,2.0387902e-23,-20.5,-5.3333,0.0
0.00021500471,0.049930766,3.6528305e-05,2.6608165e-23,-20.25,-5.3333,0.0
0.00022647709,0.050149735,-0.00022746343,9.523245e-23,-20.0,-5.3333,0.0
0.00020689722,0.04988282,0.0003647978,6.343401e-24,-19.75,-5.3333,0.0
0.000212069,0.05018653,-4.760304e-05,5.2980365e-23,-19.5,-5.3333,0.0
0.000219953,0.050128683,8.336594e-05,3.0585640000000005e-23,-19.25,-5.3333,0.0
0.00019971687,0.050228722,-0.00029715378,-1.0092237000000001e-22,-19.0,-5.3333,0.0
0.00022095213,0.04988366,-8.1616396e-05,-2.3191046e-23,-18.75,-5.3333,0.0
0.00021595901,0.049870525,0.0002855901,9.6770135e-24,-18.5,-5.3333,0.0
0.00022109761,0.049768545,-0.0006127525,4.4291283e-23,-18.25,-5.3333,0.0
0.00021466517,0.05013856,-0.000103864295,-9.5313784e-23,-18.0,-5.3333,0.0
0.00022352098,0.050064288,-0.0001373681,-1.4179604e-23,-17.75,-5.3333,0.0
0.00021332919,0.050087184,3.9626437e-05,-2.8724937e-23,-17.5,-5.3333,0.0
0.0002047263,0.050157703,-0.0002524422,4.3624008e-23,-17.25,-5.3333,0.0
0.00023134236,0.050345995,-1.8503051e-05,7.029596e-24,-17.0,-5.3333,0.0
0.00021143131,0.049895078,-0.00019881665,1.7097355e-23,-16.75,-5.3333,0.0
0.00021807253,0.049957454,0.00018478441,3.9973715e-23,-16.5,-5.3333,0.0
0.00021495829,0.049947374,-0.00041064713,-1.4573606e-23,-16.25,-5.3333,0.0
0.00021627519,0.05007866,-0.00039462163,-8.5923967e-23,-16.0,-5.3333,0.0
0.00020740197,0.05027626,-0.00033228262,2.6033432e-23,-15.75,-5.3333,0.0
0.00023305096,0.049926236,-0.00037084008,3.1364908e-23,-15.5,-5.3333,0.0
0.00021073854,0.049823843,-0.00054902356,-2.8630867e-23,-15.25,-5.3333,0.0
0.00021424622,0.050159723,-0.0006553349,-5.423011e-23,-15.0,-5.3333,0.0
0.00021123077,0.049882956,-0.00037649134,7.739167000000001e-25,-14.75,-5.3333,0.0
0.00022392822,0.05014187,-7.655937e-06,2.2705373e-23,-14.5,-5.3333,0.0
0.00023302576,0.04992453,-0.00066169584,-3.4356735e-23,-14.25,-5.3333,0.0
0.0001902031,0.049906235,-0.0011886704,1.9124411999999998e-23,-14.0,-5.3333,0.0
0.00023978708,0.05000856,-0.00020709209,-2.8021955e-23,-13.75,-5.3333,0.0
0.0002197612,0.05026588,-0.000454437,-2.2090832e-23,-13.5,-5.3333,0.0
0.00021960058,0.05000265,-0.000519081,6.625977e-24,-13.25,-5.3333,0.0
0.00022041504,0.050033215,-0.00055992353,-1.0920592e-22,-13.0,-5.3333,0.0
0.0002000292,0.04980386,-0.00014603045,-4.8746050000000005e-23,-12.75,-5.3333,0.0
0.00021971719,0.049872242,-0.0007793375,3.6786843e-23,-12.5,-5.3333,0.0
0.00022033538,0.050217867,-0.0009580718,-4.0657360000000004e-23,-12.25,-5.3333,0.0
0.00021805543,0.050078727,-0.00044353819,-6.2418714e-23,-12.0,-5.3333,0.0
0.00021614766,0.049871944,-0.00084171817,-1.2138108e-23,-11.75,-5.3333,0.0
0.00020239557,0.05015275,-0.0008087589,6.638646e-24,-11.5,-5.3333,0.0
0.00020132566,0.050229162,-0.0010631016,-1.3222520500000001e-23,-11.25,-5.3333,0.0
0.00019687988,0.050057266,-0.0010569785,-1.5919592e-24,-11.0,-5.3333,0.0
0.00021941893,0.05010239,-0.0009705934,1.2912714e-23,-10.75,-5.3333,0.0
0.00020312982,0.050019335,-0.0017402023,1.9182421e-23,-10.5,-5.3333,0.0
0.00019781204,0.050338298,-0.0010510627,-2.436467e-23,-10.25,-5.3333,0.0
0.00020698107,0.050326623,-0.0014992349,-1.96829e-24,-10.0,-5.3333,0.0
0.0002268309,0.049669668,0.00038998062,1.3275204e-23,-24.75,-4.6667,0.0
0.00022632221,0.049871366,0.00036001182,9.273975000000001e-25,-25.0,-4.6667,0.0
0.00021172836,0.05001222,0.00026541692,3.3289780000000003e-23,-24.5,-4.6667,0.0
0.00022787614,0.050243154,-0.00074748974,5.0119047e-23,-24.25,-4.6667,0.0
0.00020841674,0.04994548,-0.00013340381,1.2114884e-23,-24.0,-4.6667,0.0
0.00021502121,0.050094664,9.089708e-05,-4.3088996e-23,-23.75,-4.6667,0.0
0.00022609178,0.04988049,2.3013446e-05,2.690836e-23,-23.5,-4.6667,0.0
0.00022238097,0.05000435,0.00046843523,1.5136436e-23,-23.25,-4.6667,0.0
0.0002150945,0.049812257,-0.00043417723,5.353811000000001e-23,-23.0,-4.6667,0.0
0.00022146353,0.05000531,7.031998e-05,9.987358e-25,-22.75,-4.6667,0.0
0.00021787176,0.049831092,0.00027765997,2.949108e-23,-22.5,-4.6667,0.0
0.00021714049,0.049862333,-0.0002532059,-3.739392e-23,-22.25,-4.6667,0.0
0.00021250143,0.049921766,-0.00040363742,1.5318230000000002e-23,-22.0,-4.6667,0.0
0.00022938225,0.05020728,1.3701851e-05,7.1421295e-23,-21.75,-4.6667,0.0
0.0002267296,0.04991816,-1.6467879e-05,-2.2726111e-23,-21.5,-4.6667,0.0
0.00021116955,0.050004087,-0.000101621496,2.2522193e-23,-21.25,-4.6667,0.0
0.0002146122,0.05001349,0.00016295211,-8.539731e-23,-21.0,-4.6667,0.0
0.0002031231,0.049823985,-7.0597045e-05,6.5920095e-23,-20.75,-4.6667,0.0
0.00020313374,0.050002456,-0.00072307786,-5.0758315e-23,-20.5,-4.6667,0.0
0.0002147335,0.050305896,-0.00025233242,-6.002835000000001e-23,-20.25,-4.6667,0.0
0.00021647991,0.049826726,4.042902e-05,3.6666204e-23,-20.0,-4.6667,0.0
0.00020124833,0.049873747,-0.00022929162,4.2708480000000006e-23,-19.75,-4.6667,0.0
0.00020204413,0.05005868,7.371325e-05,1.6353579e-23,-19.5,-4.6667,0.0
0.00021376066,0.050059486,0.0002929886,-8.6280014e-23,-19.25,-4.6667,0.0
0.00021918635,0.049905114,0.00018044515,1.2169505000000001e-24,-19.0,-4.6667,0.0
0.00021730474,0.05005224,7.960154e-05,-1.0410591000000001e-22,-18.75,-4.6667,0.0
0.00022115264,0.05012539,0.000112921,-1.0376310000000002e-23,-18.5,-4.6667,0.0
0.00022750095,0.050022416,-4.6227127e-05,5.241968e-24,-18.25,-4.6667,0.0
0.00020842758,0.05022645,0.0002712221,-8.465745000000001e-23,-18.0,-4.6667,0.0
0.00020585966,0.050050408,8.681964e-06,2.341526e-23,-17.75,-4.6667,0.0
0.00022225131,0.050137185,0.00015322014,5.315736000000001e-23,-17.5,-4.6667,0.0
0.00022080683,0.050025806,-0.00031833665,1.4918079e-23,-17.25,-4.6667,0.0
0.00022155988,0.049839064,-0.00014658947,1.1982341e-23,-17.0,-4.6667,0.0
0.00021744471,0.050063893,0.00016852701,-2.2911334999999998e-23,-16.75,-4.6667,0.0
0.00021457791,0.050022922,-0.0005300867,-5.7390805e-23,-16.5,-4.6667,0.0
0.00022171861,0.049983107,-0.00017074973,2.6485898e-23,-16.25,-4.6667,0.0
0.00022113367,0.050092757,-0.00024045166,7.629205999999999e-24,-16.0,-4.6667,0.0
0.00021739291,0.04997715,-0.0001681163,3.4835612e-23,-15.75,-4.6667,0.0
0.0002215161,0.049990095,-0.00026339293,2.1464437999999998e-23,-15.5,-4.6667,0.0
0.00020636126,0.050185405,-0.00026395032,-1.9123705e-23,-15.25,-4.6667,0.0
0.00021295217,0.04995868,-0.00044802413,-5.0499140000000005e-23,-15.0,-4.6667,0.0
0.00022615053,0.050149996,-0.00018354738,1.5080042e-23,-14.75,-4.6667,0.0
0.0002236811,0.050458208,-0.00018553599,-3.9017742e-23,-14.5,-4.6667,0.0
0.00021975055,0.050178405,-0.000568517,-3.8792898e-23,-14.25,-4.6667,0.0
0.00020837603,0.049849764,-0.00016293,-4.697764e-23,-14.0,-4.6667,0.0
0.00022460014,0.0498905,-0.00086490624,-5.1998380000000005e-23,-13.75,-4.6667,0.0
0.00020491336,0.049708653,-0.0005586399,2.3980867e-23,-13.5,-4.6667,0.0
0.00020883432,0.05012085,-0.00015590363,1.2799715999999999e-23,-13.25,-4.6667,0.0
0.0002148852,0.04970375,-0.0005445933,-2.013943e-23,-13.0,-4.6667,0.0
0.00022607364,0.049741864,-0.0006046634,-3.8750540000000004e-23,-12.75,-4.6667,0.0
0.00021658126,0.049881645,-0.0011619034,6.4579057e-24,-12.5,-4.6667,0.0
0.00022051061,0.049932554,-0.0006385462,2.6760737e-23,-12.25,-4.6667,0.0
0.00022369101,0.04972276,-0.00094210496,-2.0402492999999998e-23,-12.0,-4.6667,0.0
0.00022770012,0.049963582,-0.0006766936,6.367433000000001e-25,-11.75,-4.6667,0.0
0.00021770826,0.049936164,-0.0013307002,-2.5216854e-23,-11.5,-4.6667,0.0
0.00022553184,0.049755454,-0.0013704118,-1.29138676e-23,-11.25,-4.6667,0.0
0.00021869848,0.050070968,-0.0007209289,3.1049565e-23,-11.0,-4.6667,0.0
0.00020984978,0.049856223,-0.0009904457,-3.280273e-23,-10.75,-4.6667,0.0
0.00020892818,0.050142135,-0.0014686487,-6.4529327e-24,-10.5,-4.6667,0.0
0.00020739883,0.050045222,-0.0013001921,-1.3299841e-23,-10.25,-4.6667,0.0
0.0002119683,0.049925283,-0.0012776545,-5.558945e-24,-10.0,-4.6667,0.0
0.00020082557,0.05012033,-0.0004537569,3.0086574e-23,-24.75,-4.0,0.0
0.00021099845,0.04980992,-0.000461407,1.2229611000000001e-22,-25.0,-4.0,0.0
0.00020667708,0.0502997,0.0003697616,7.118484000000001e-23,-24.5,-4.0,0.0
0.00021177699,0.04974567,-3.2068696e-05,-4.0875667e-23,-24.25,-4.0,0.0
0.00023306023,0.050246365,-4.2960863e-05,1.3159865999999999e-23,-24.0,-4.0,0.0
0.00021325002,0.049820412,0.00014835387,3.2377704e-23,-23.75,-4.0,0.0
0.00021912146,0.050199233,9.287571e-05,6.518187e-23,-23.5,-4.0,0.0
0.00021306767,0.049748696,0.0007939015,-2.4421367e-24,-23.25,-4.0,0.0
0.00022356924,0.05004603,0.00013428729,-1.607133e-23,-23.0,-4.0,0.0
0.00021952731,0.049994346,8.083391e-05,-2.5269195999999998e-23,-22.75,-4.0,0.0
0.00022020911,0.050132602,0.00014462578,9.62895e-24,-22.5,-4.0,0.0
0.00023579784,0.049869813,-0.0002317985,-1.5496813e-23,-22.25,-4.0,0.0
0.00021723505,0.050087534,-5.9879152e-05,6.685936000000001e-23,-22.0,-4.0,0.0
0.00020554288,0.05012639,0.00031159678,4.6655330000000006e-23,-21.75,-4.0,0.0
0.00021139906,0.050093174,-0.00014454336,-3.1574631e-24,-21.5,-4.0,0.0
0.00021931237,0.050104417,0.0004316999,-6.858527e-24,-21.25,-4.0,0.0
0.00022425955,0.05010464,7.6942175e-05,-5.0730293999999997e-23,-21.0,-4.0,0.0
0.00021096133,0.050090536,-0.00020995922,-7.3000305e-23,-20.75,-4.0,0.0
0.00022534718,0.049971044,-0.00045395875,7.367481e-23,-20.5,-4.0,0.0
0.00021161117,0.04992111,0.00024533505,-1.6259875e-23,-20.25,-4.0,0.0
0.00021590565,0.05003427,0.00025487447,4.4221195e-23,-20.0,-4.0,0.0
0.00021983343,0.050034594,6.7543704e-05,1.2978188e-23,-19.75,-4.0,0.0
0.00020973358,0.05012905,-0.00043969182,-9.252013e-24,-19.5,-4.0,0.0
0.00022029618,0.050159052,-1.4715275e-05,2.3553594e-23,-19.25,-4.0,0.0
0.000233056,0.04988534,0.00054069934,5.4824407e-23,-19.0,-4.0,0.0
0.00022842656,0.050387166,-0.000137912,7.427721e-23,-18.75,-4.0,0.0
0.00021494013,0.049977485,-0.00046437746,1.1609397e-22,-18.5,-4.0,0.0
0.00022862788,0.050002605,-0.0004024583,-2.6088015e-23,-18.25,-4.0,0.0
0.0002170364,0.04995165,-0.00014635501,-3.1059107e-23,-18.0,-4.0,0.0
0.00022726448,0.050071687,1.309294e-06,-1.5760822e-23,-17.75,-4.0,0.0
0.00019915198,0.049942136,-0.00012116181,-3.1135444e-23,-17.5,-4.0,0.0
0.00022161698,0.04969635,-0.0001874239,-2.6082342e-23,-17.25,-4.0,0.0
0.00020314616,0.04987724,-8.475734e-05,2.7163573e-24,-17.0,-4.0,0.0
0.00022636897,0.04976546,0.0003554707,6.1933583e-23,-16.75,-4.0,0.0
0.00022701487,0.050121367,0.00026858476,2.0489482e-23,-16.5,-4.0,0.0
0.00020566504,0.049822874,-0.00022360682,-9.531459e-24,-16.25,-4.0,0.0
0.00022361167,0.04973328,0.00048443698,1.5445821e-23,-16.0,-4.0,0.0
0.00023459591,0.049780384,0.00011858222,-1.1361617000000001e-24,-15.75,-4.0,0.0
0.00021295846,0.05020155,-0.00017103669,-6.170442000000001e-23,-15.5,-4.0,0.0
0.00020829156,0.05021003,7.257238e-05,-4.9667970000000006e-23,-15.25,-4.0,0.0
0.00022037023,0.05009683,-0.0006896093,1.543335e-23,-15.0,-4.0,0.0
0.00022450303,0.050031833,-0.00044150057,1.52169e-23,-14.75,-4.0,0.0
0.00022775047,0.05016479,0.00018400233,1.2617584e-23,-14.5,-4.0,0.0
0.00020444198,0.04989799,-0.00019649649,6.4748693e-24,-14.25,-4.0,0.0
0.0002326204,0.0500734,-0.00045847055,-3.5302850000000005e-23,-14.0,-4.0,0.0
0.00020859877,0.05000984,-0.00025359212,-1.3489193e-23,-13.75,-4.0,0.0
0.00024178586,0.049854174,-9.877165e-05,3.525918e-24,-13.5,-4.0,0.0
0.00022761061,0.050057024,-0.00089584105,-4.8352402e-23,-13.25,-4.0,0.0
0.00020546709,0.049847357,-0.0003108168,3.87337e-24,-13.0,-4.0,0.0
0.0002306764,0.049913347,-0.00018969172,-1.0644902e-23,-12.75,-4.0,0.0
0.00021148004,0.049733195,-0.00047351,-4.8376094e-23,-12.5,-4.0,0.0
0.00022587118,0.04952684,-0.00054781325,-5.909969e-24,-12.25,-4.0,0.0
0.00021317432,0.049679264,-0.0009981147,3.1657783e-23,-12.0,-4.0,0.0
0.0002193368,0.04974924,-0.00069966866,-2.8151353000000002e-24,-11.75,-4.0,0.0
0.00022730362,0.04980879,-0.0005128435,6.589374e-24,-11.5,-4.0,0.0
0.00023381054,0.04985827,-0.00047814997,1.7160262e-23,-11.25,-4.0,0.0
0.00021803913,0.049856983,-0.001017734,1.543441e-23,-11.0,-4.0,0.0
0.00022440797,0.04958882,-0.0011066049,2.9432564e-23,-10.75,-4.0,0.0
0.00022575675,0.049955577,-0.001312084,3.0364746e-23,-10.5,-4.0,0.0
0.00022340803,0.04986556,-0.0021112594,-1.9939374000000002e-24,-10.25,-4.0,0.0
0.00022095106,0.049673587,-0.0011259089,-3.2000225e-23,-10.0,-4.0,0.0
0.00021652115,0.049728747,-0.0003138256,7.015788e-24,-24.75,-3.3333,0.0
0.0002215932,0.04987228,-0.000119805336,-7.535502e-24,-25.0,-3.3333,0.0
0.0002240959,0.049999785,-0.00021368568,-3.8061616999999997e-23,-24.5,-3.3333,0.0
0.0002293937,0.049803033,4.936871e-05,-2.1710966999999998e-23,-24.25,-3.3333,0.0
0.00022326752,0.05003887,-0.00010755693,-2.2233292e-23,-24.0,-3.3333,0.0
0.00020930832,0.04995451,-0.00011691093,-1.7780546e-23,-23.75,-3.3333,0.0
0.0002220233,0.049922638,-1.6991049e-05,2.71457e-23,-23.5,-3.3333,0.0
0.00021112569,0.04977612,0.00023628393,-5.309655e-23,-23.25,-3.3333,0.0
0.00021150662,0.049603835,-0.00049598236,2.1884528999999998e-23,-23.0,-3.3333,0.0
0.00020796739,0.049806222,-0.00048883,7.612343e-23,-22.75,-3.3333,0.0
0.00021833913,0.05024709,-0.00028851558,-3.3412917e-23,-22.5,-3.3333,0.0
0.00022497485,0.049802788,0.00016662222,8.515356e-24,-22.25,-3.3333,0.0
0.00021726648,0.049811184,0.00022630754,-2.7242283e-23,-22.0,-3.3333,0.0
0.00021749578,0.049891815,0.0003050305,-2.9648548e-24,-21.75,-3.3333,0.0
0.00021942068,0.049984936,0.00013878499,-4.86784e-25,-21.5,-3.3333,0.0
0.00021134582,0.04999295,0.0001256736,5.521862e-23,-21.25,-3.3333,0.0
0.00021561976,0.05005683,-1.045689e-05,-3.8937670000000006e-23,-21.0,-3.3333,0.0
0.00021544452,0.05005661,-7.772294e-05,5.542337000000001e-23,-20.75,-3.3333,0.0
0.00021230645,0.050267316,-0.000102854916,6.861863e-23,-20.5,-3.3333,0.0
0.00021786887,0.05026158,0.00058323704,5.5065785e-23,-20.25,-3.3333,0.0
0.00022351692,0.05040247,8.2077924e-05,5.7777725e-23,-20.0,-3.3333,0.0
0.00022714774,0.04998973,0.00025303406,-4.3229275e-23,-19.75,-3.3333,0.0
0.0002199647,0.05007296,8.33089e-05,4.052988e-23,-19.5,-3.3333,0.0
0.00023228291,0.05007018,-0.00048585073,-4.7487483e-23,-19.25,-3.3333,0.0
0.00021721401,0.050173216,-0.00028430697,-4.9769780000000004e-23,-19.0,-3.3333,0.0
0.00022965099,0.05002311,-0.0003899159,-6.402168e-23,-18.75,-3.3333,0.0
0.00022027756,0.050085045,-0.00058365776,-4.2277845e-23,-18.5,-3.3333,0.0
0.0002155115,0.05003441,-6.507058e-05,-6.3618994e-23,-18.25,-3.3333,0.0
0.00021216978,0.049853064,-6.273575e-05,9.824264000000001e-23,-18.0,-3.3333,0.0
0.00022022185,0.04997257,-8.917879e-06,2.0492510999999998e-23,-17.75,-3.3333,0.0
0.00021400952,0.05006913,0.00045660557,8.637203e-24,-17.5,-3.3333,0.0
0.0002200432,0.049679074,-0.00017769239,6.612926e-23,-17.25,-3.3333,0.0
0.0002124664,0.0500263,-0.00023863232,-8.5127306e-24,-17.0,-3.3333,0.0
0.00024084783,0.049989365,0.0002922169,2.4917402e-23,-16.75,-3.3333,0.0
0.00021783535,0.049818978,-0.00013887975,1.9606884999999998e-23,-16.5,-3.3333,0.0
0.00022951326,0.04971048,4.848768e-05,-3.8916515e-23,-16.25,-3.3333,0.0
0.00020076746,0.049762726,0.00016158354,-1.6805438e-23,-16.0,-3.3333,0.0
0.00020673989,0.049934983,-0.00021157577,-1.4120383e-23,-15.75,-3.3333,0.0
0.00021124308,0.049999423,0.00025425665,3.3090178e-23,-15.5,-3.3333,0.0
0.00022234536,0.04951609,-0.00021000928,3.8791055e-23,-15.25,-3.3333,0.0
0.00022242,0.050010964,-0.000115288654,4.1737987e-23,-15.0,-3.3333,0.0
0.00023209295,0.050058313,2.2937544e-05,-1.1817646e-22,-14.75,-3.3333,0.0
0.0002099013,0.049785495,-9.949133e-05,1.8243563e-23,-14.5,-3.3333,0.0
0.00023200084,0.049834505,-9.739306e-05,-4.734087e-24,-14.25,-3.3333,0.0
0.00022763858,0.04982304,-0.0005827844,-1.5800076e-23,-14.0,-3.3333,0.0
0.00023611246,0.049722835,3.2689422e-06,-1.6181923e-23,-13.75,-3.3333,0.0
0.00022498325,0.04964968,-0.00016508112,-7.442374000000001e-23,-13.5,-3.3333,0.0
0.00022881028,0.049504932,-0.0003786935,-6.1074242000000006e-24,-13.25,-3.3333,0.0
0.0002282624,0.04947582,-0.00046308944,-5.4883565e-23,-13.0,-3.3333,0.0
0.00022733168,0.049778223,-0.0007799866,8.4585226e-23,-12.75,-3.3333,0.0
0.00024005008,0.04997477,-0.0002728051,-6.1294114e-23,-12.5,-3.3333,0.0
0.00021985639,0.049830463,-0.0004909178,3.2548174e-23,-12.25,-3.3333,0.0
0.00021960301,0.049413797,-0.00060009724,5.7570046e-23,-12.0,-3.3333,0.0
0.00023170968,0.049247224,-0.0006606628,-2.6083427e-23,-11.75,-3.3333,0.0
0.00024131194,0.0499807,-0.0009786754,5.3473915e-24,-11.5,-3.3333,0.0
0.00024675377,0.049623027,-0.00053415215,-3.8814027e-23,-11.25,-3.3333,0.0
0.000236627,0.049618356,-0.0010443169,-6.432801e-24,-11.0,-3.3333,0.0
0.0002459106,0.049585298,-0.0010055783,-7.219852e-23,-10.75,-3.3333,0.0
0.00025164773,0.04937253,-0.0013274644,-1.3488310000000002e-23,-10.5,-3.3333,0.0
0.00025222657,0.049161643,-0.0010884646,-1.8462003999999998e-23,-10.25,-3.3333,0.0
0.0002364584,0.049238805,-0.0014807726,-1.733703e-23,-10.0,-3.3333,0.0
0.00023245011,0.04983449,0.00045148528,-2.0512706e-23,-24.75,-2.6667,0.0
0.00022011969,0.050136976,0.00036598358,2.1993694e-24,-25.0,-2.6667,0.0
0.00021672747,0.04982575,-0.00010097896,-1.9076246999999998e-23,-24.5,-2.6667,0.0
0.00021438066,0.050085153,-4.0130923e-05,3.2281804e-23,-24.25,-2.6667,0.0
0.0002161382,0.049843077,0.00023060082,5.0360123e-23,-24.0,-2.6667,0.0
0.00021830888,0.049738027,0.00018776464,4.6236084e-24,-23.75,-2.6667,0.0
0.00021668349,0.04994851,-0.00034877472,-1.2849042e-23,-23.5,-2.6667,0.0
0.00020441301,0.05003693,0.00024713692,-2.5743774999999998e-23,-23.25,-2.6667,0.0
0.00019307775,0.049856618,-0.00017987238,-1.5111041e-23,-23.0,-2.6667,0.0
0.00020935285,0.05018258,0.0004369719,4.8076340000000004e-23,-22.75,-2.6667,0.0
0.00021843414,0.049899854,0.00024153409,9.099675e-24,-22.5,-2.6667,0.0
0.00022223494,0.049986348,-0.00031451136,2.3439543999999998e-23,-22.25,-2.6667,0.0
0.00021467464,0.049844712,-8.8447705e-05,-7.483349e-24,-22.0,-2.6667,0.0
0.00022903131,0.050090134,-0.00023004785,2.0787962e-23,-21.75,-2.6667,0.0
0.00022580859,0.05010271,0.000120643526,-1.26377284e-23,-21.5,-2.6667,0.0
0.00020452583,0.049900454,4.8227375e-05,-4.8254100000000004e-23,-21.25,-2.6667,0.0
0.00022785575,0.049891938,-0.00018398723,-5.733985000000001e-23,-21.0,-2.6667,0.0
0.00021128333,0.050019786,-3.883615e-06,-2.2755342999999998e-23,-20.75,-2.6667,0.0
0.00021417216,0.050086115,-0.00029340805,5.5857915e-24,-20.5,-2.6667,0.0
0.00022044606,0.049887422,7.4604526e-05,-2.3902864e-24,-20.25,-2.6667,0.0
0.00022079016,0.049871907,-0.00023307651,2.1978069e-23,-20.0,-2.6667,0.0
0.00021913816,0.050063163,-0.00028331997,8.256381999999999e-24,-19.75,-2.6667,0.0
0.00022369463,0.04987949,-0.00025010284,-1.7410476000000002e-24,-19.5,-2.6667,0.0
0.00021495398,0.049867604,-0.00026300258,2.4397940000000002e-23,-19.25,-2.6667,0.0
0.00021817931,0.04987919,-0.00032192352,5.8564024e-24,-19.0,-2.6667,0.0
0.00021908552,0.04963292,0.00047751586,-1.3764348e-23,-18.75,-2.6667,0.0
0.00020624016,0.050055183,-0.00040691905,4.6976326e-23,-18.5,-2.6667,0.0
0.00022464641,0.04991396,-0.00019558519,1.3201215e-23,-18.25,-2.6667,0.0
0.00022210099,0.049978353,-0.00047074922,-4.7215566e-24,-18.0,-2.6667,0.0
0.00020821841,0.050160494,-0.00018622936,-3.9728940000000003e-23,-17.75,-2.6667,0.0
0.00022677747,0.05005125,-0.00045044592,2.1074197999999998e-23,-17.5,-2.6667,0.0
0.00022783672,0.0497877,-0.00031225383,5.4473054e-23,-17.25,-2.6667,0.0
0.00024072242,0.049650695,-0.00011271797,-1.19405016e-23,-17.0,-2.6667,0.0
0.0002349849,0.049903862,-0.00018238311,2.9383743e-24,-16.75,-2.6667,0.0
0.00024365407,0.050108477,-2.9415125e-05,1.2395895e-23,-16.5,-2.6667,0.0
0.00022172871,0.049953803,-4.5172754e-05,-4.4338476e-23,-16.25,-2.6667,0.0
0.00021947877,0.04974163,0.00015208614,1.8133955999999998e-23,-16.0,-2.6667,0.0
0.00022290228,0.04994662,0.000189665,-5.1412684e-23,-15.75,-2.6667,0.0
0.00022166502,0.049951676,-0.00041029183,1.4080157e-23,-15.5,-2.6667,0.0
0.00021300199,0.0496373,-0.00021838956,2.6621998e-23,-15.25,-2.6667,0.0
0.00024065055,0.049695034,0.00033554155,7.825348e-23,-15.0,-2.6667,0.0
0.00022021579,0.0498282,0.00018849617,-2.9958362e-23,-14.75,-2.6667,0.0
0.00022857181,0.049712844,-0.0006342442,1.7861275e-23,-14.5,-2.6667,0.0
0.00022828025,0.049650088,-0.00022783945,8.744239e-25,-14.25,-2.6667,0.0
0.00022461422,0.04986903,-0.00054223137,-3.2981265e-23,-14.0,-2.6667,0.0
0.00022962535,0.04962583,-0.00033616694,-5.933216e-23,-13.75,-2.6667,0.0
0.00023819713,0.049637176,-0.00065870024,-2.6114956e-24,-13.5,-2.6667,0.0
0.0002199446,0.04950557,-0.00047590613,4.3503620000000003e-23,-13.25,-2.6667,0.0
0.00024850367,0.049429342,-0.00067677815,9.166084000000001e-23,-13.0,-2.6667,0.0
0.0002267063,0.049661614,-0.00014615932,5.2931986e-23,-12.75,-2.6667,0.0
0.00023916036,0.049449153,-0.00084094674,-2.8661525e-24,-12.5,-2.6667,0.0
0.00024887378,0.049599692,1.5946571e-06,-2.3194833e-23,-12.25,-2.6667,0.0
0.00024475317,0.04956527,-0.0005205663,2.3623317e-23,-12.0,-2.6667,0.0
0.00022499659,0.04942202,-0.00071289216,-7.853773000000001e-23,-11.75,-2.6667,0.0
0.0002563283,0.04946465,-0.00034840498,-8.143973e-24,-11.5,-2.6667,0.0
0.00025167697,0.049536593,-0.00086881884,-4.1927818e-23,-11.25,-2.6667,0.0
0.000245899,0.049456313,-0.00068495376,4.7225833e-23,-11.0,-2.6667,0.0
0.00025699663,0.049209915,-0.0010286173,7.191796e-23,-10.75,-2.6667,0.0
0.0002527972,0.049317766,-0.0011949548,1.3297797e-23,-10.5,-2.6667,0.0
0.00026046165,0.049046926,-0.00087409746,-7.155832000000001e-23,-10.25,-2.6667,0.0
0.0002768574,0.04926201,-0.0011571429,-9.326179e-24,-10.0,-2.6667,0.0
0.00021772545,0.050082244,-4.782612e-05,-1.6015899e-23,-24.75,-2.0,0.0
0.00021259517,0.05018177,0.00011961721,4.3244067e-23,-25.0,-2.0,0.0
0.00019529334,0.04992959,-3.4019584e-05,4.6013335e-23,-24.5,-2.0,0.0
0.00020436275,0.04999865,-7.9737976e-05,4.5430108e-23,-24.25,-2.0,0.0
0.00021367118,0.0498475,-0.0003490548,6.506156000000001e-23,-24.0,-2.0,0.0
0.00021550068,0.050124142,-0.00017840555,3.8632827999999996e-23,-23.75,-2.0,0.0
0.0002161885,0.049695056,0.00023220526,-4.7720405e-23,-23.5,-2.0,0.0
0.00021426515,0.05014252,-6.3539715e-05,1.6127851e-23,-23.25,-2.0,0.0
0.00022345144,0.05002721,-0.00017287629,1.523558e-23,-23.0,-2.0,0.0
0.00021102026,0.049842037,-0.00043301354,-6.123094e-23,-22.75,-2.0,0.0
0.00021607296,0.049966782,0.00033210823,-2.8018307e-23,-22.5,-2.0,0.0
0.00020849593,0.049908303,-0.00029087695,1.1470164e-23,-22.25,-2.0,0.0
0.00021114902,0.050202914,0.00035944785,2.4890846e-23,-22.0,-2.0,0.0
0.00021782046,0.049998175,2.4363864e-05,1.869305e-23,-21.75,-2.0,0.0
0.00022391428,0.05010305,-0.00014411513,7.5851816e-25,-21.5,-2.0,0.0
0.00022197381,0.049608886,0.0004082159,-3.8236322e-23,-21.25,-2.0,0.0
0.0002205981,0.050130457,-0.00014593825,6.075557000000001e-23,-21.0,-2.0,0.0
0.00021212705,0.04998344,0.00028475234,3.823615e-23,-20.75,-2.0,0.0
0.00021532495,0.0501016,-0.00036802865,3.2177068e-23,-20.5,-2.0,0.0
0.00022059967,0.05015984,3.959844e-05,2.579719e-23,-20.25,-2.0,0.0
0.00020692105,0.050054595,1.4296733e-05,-2.5835410000000004e-23,-20.0,-2.0,0.0
0.00022012056,0.0498373,0.0003366219,-3.4590188e-23,-19.75,-2.0,0.0
0.00022022531,0.049889036,-0.00030523445,3.5313452999999997e-23,-19.5,-2.0,0.0
0.00021917038,0.049855605,2.252683e-05,2.9858373e-23,-19.25,-2.0,0.0
0.00020311229,0.050056353,6.880774e-05,-3.7857446999999997e-23,-19.0,-2.0,0.0
0.00022163568,0.049879655,-0.0002955841,5.751803e-23,-18.75,-2.0,0.0
0.00021649235,0.04998531,0.00039149006,1.5449355e-23,-18.5,-2.0,0.0
0.00023405418,0.050029516,-0.00027966546,-7.387979e-24,-18.25,-2.0,0.0
0.00021458234,0.0499814,0.0002641317,7.62329e-24,-18.0,-2.0,0.0
0.00023730232,0.049915627,0.00038856128,2.7115812999999997e-23,-17.75,-2.0,0.0
0.00022552768,0.049967088,0.0001960554,-2.744923e-23,-17.5,-2.0,0.0
0.00021662735,0.049870647,-0.00028364558,4.8758975e-23,-17.25,-2.0,0.0
0.0002192629,0.049824513,0.00037387153,1.5788982e-23,-17.0,-2.0,0.0
0.00021318071,0.04969699,-0.00012589962,2.2518255e-23,-16.75,-2.0,0.0
0.00021937987,0.04983475,-8.919602e-05,-3.6620413e-23,-16.5,-2.0,0.0
0.00022740041,0.050101563,0.00016272673,-3.4506568e-23,-16.25,-2.0,0.0
0.00022506797,0.049890004,2.645608e-05,5.3490045e-23,-16.0,-2.0,0.0
0.00023204557,0.049781945,1.4218967e-06,9.056073000000001e-23,-15.75,-2.0,0.0
0.0002336807,0.049905274,-0.00032326014,-2.428692e-23,-15.5,-2.0,0.0
0.00022633065,0.04998354,-0.0003242076,-4.8722320000000004e-23,-15.25,-2.0,0.0
0.00022245481,0.04972659,-0.0002866881,-2.1619152999999998e-23,-15.0,-2.0,0.0
0.000215754,0.04946143,-0.00017584255,-6.3753896e-23,-14.75,-2.0,0.0
0.00023034692,0.04965156,0.00031132996,4.3345370000000005e-23,-14.5,-2.0,0.0
0.00022084452,0.050100483,0.00028881873,-4.4261735999999997e-23,-14.25,-2.0,0.0
0.00024315921,0.049589064,-0.00029209186,2.824185e-23,-14.0,-2.0,0.0
0.0002317695,0.049635075,-0.00044461095,3.8633485e-23,-13.75,-2.0,0.0
0.00024273287,0.04946722,0.0002478175,2.658272e-24,-13.5,-2.0,0.0
0.00022585025,0.049564727,-0.00018150947,3.9142748e-23,-13.25,-2.0,0.0
0.0002477708,0.04961186,-0.00015908456,-2.1181862e-23,-13.0,-2.0,0.0
0.00023450213,0.04947906,-0.0006509568,-6.074201000000001e-23,-12.75,-2.0,0.0
0.00025573873,0.049530573,-0.00025093963,4.8373658e-23,-12.5,-2.0,0.0
0.00025188332,0.04921355,-0.00060180854,-6.191753e-23,-12.25,-2.0,0.0
0.00024871368,0.049199343,-0.00022049807,2.578621e-23,-12.0,-2.0,0.0
0.00022957005,0.049267754,-0.0009452383,2.6924896e-23,-11.75,-2.0,0.0
0.00025160084,0.049114473,-0.0009839688,4.6687502e-23,-11.5,-2.0,0.0
0.00025674945,0.04948713,-0.00058787945,5.5808439999999996e-24,-11.25,-2.0,0.0
0.0002642036,0.04921227,-0.00056260615,2.748553e-23,-11.0,-2.0,0.0
0.00026890903,0.048631005,-0.0007771922,-3.4885575e-24,-10.75,-2.0,0.0
0.0002794899,0.04894217,-0.00051451504,4.2903230000000004e-23,-10.5,-2.0,0.0
0.00025685268,0.048792068,-0.00061573344,-3.109965e-23,-10.25,-2.0,0.0
0.00027850564,0.048588388,-0.00082400534,-1.9952500999999998e-23,-10.0,-2.0,0.0
0.00023158747,0.049913343,0.00013816718,1.06063295e-23,-24.75,-1.3333,0.0
0.00022106666,0.050096035,-7.027108e-05,-1.5852747e-23,-25.0,-1.3333,0.0
0.00021623846,0.050138153,0.0002602612,-1.0153333999999999e-23,-24.5,-1.3333,0.0
0.00022526777,0.05000419,0.00024477323,-5.432255000000001e-23,-24.25,-1.3333,0.0
0.00022319141,0.049871504,-0.0003105027,-7.1573034e-24,-24.0,-1.3333,0.0
0.00019410375,0.05019302,-0.00034910743,-5.9555893e-23,-23.75,-1.3333,0.0
0.00022532715,0.050118946,-0.00021557033,2.5331649e-23,-23.5,-1.3333,0.0
0.0002289662,0.049946424,0.00015419768,-3.4111608e-23,-23.25,-1.3333,0.0
0.00021382289,0.049869224,0.0003210227,1.3586078e-23,-23.0,-1.3333,0.0
0.00021084474,0.050006002,-0.00017363718,-1.5717643e-23,-22.75,-1.3333,0.0
0.00020692847,0.04999326,0.00010452187,5.7197565e-23,-22.5,-1.3333,0.0
0.00022053733,0.050443426,-0.00019573234,-3.8402456e-23,-22.25,-1.3333,0.0
0.00020438923,0.050271563,0.0004899211,-1.1897966e-23,-22.0,-1.3333,0.0
0.00022328904,0.05039254,-0.00057411427,1.2719871e-23,-21.75,-1.3333,0.0
0.00021994495,0.05007599,0.00011274312,2.431913e-24,-21.5,-1.3333,0.0
0.00020829811,0.049814194,0.00017475162,-4.201804e-23,-21.25,-1.3333,0.0
0.0002229382,0.050008595,-0.0001947739,9.567305e-24,-21.0,-1.3333,0.0
0.00022398694,0.049965,-0.00015830761,3.2926777e-23,-20.75,-1.3333,0.0
0.00022739587,0.049951013,-0.0006892546,3.8954734e-23,-20.5,-1.3333,0.0
0.00020708801,0.04991967,0.0002583363,-2.4294720000000003e-23,-20.25,-1.3333,0.0
0.0002205541,0.04979363,0.00015895977,-2.3839566e-23,-20.0,-1.3333,0.0
0.00021656258,0.05016804,-0.00022010866,-9.093585e-24,-19.75,-1.3333,0.0
0.00021994836,0.05000692,-8.784584e-05,2.5686687e-23,-19.5,-1.3333,0.0
0.00022365883,0.049983703,0.00036997255,6.127518e-23,-19.25,-1.3333,0.0
0.00022332506,0.050011437,-0.0004622948,1.11087014e-23,-19.0,-1.3333,0.0
0.00021876888,0.05011765,0.00014805142,-5.8849756e-23,-18.75,-1.3333,0.0
0.00023666196,0.050058372,-6.132806e-05,-3.3154877e-25,-18.5,-1.3333,0.0
0.00022996076,0.049792387,0.00015564356,2.0069858e-23,-18.25,-1.3333,0.0
0.00022425431,0.049791764,-0.00033648324,-6.1297294e-23,-18.0,-1.3333,0.0
0.00022312136,0.049989685,2.7715228e-05,2.804268e-24,-17.75,-1.3333,0.0
0.00021345066,0.049723066,0.00014361832,-1.9768627e-23,-17.5,-1.3333,0.0
0.00024043745,0.049824182,-6.588758e-05,3.7298606e-23,-17.25,-1.3333,0.0
0.00020885425,0.049812354,-0.00022231322,2.5404022e-23,-17.0,-1.3333,0.0
0.00021951765,0.049787797,0.00010551326,5.618679e-23,-16.75,-1.3333,0.0
0.00022640429,0.049951546,-1.9722327e-05,-6.595804e-23,-16.5,-1.3333,0.0
0.00022254344,0.049817223,0.00012288918,-1.7870514e-23,-16.25,-1.3333,0.0
0.00021252847,0.04958756,0.00022378936,5.347423e-23,-16.0,-1.3333,0.0
0.00021732852,0.049704388,-0.00026722206,2.707618e-23,-15.75,-1.3333,0.0
0.00022056974,0.049488787,-2.9569492e-06,1.7480148e-24,-15.5,-1.3333,0.0
0.00022073276,0.049470134,0.0003526589,3.6446080000000003e-23,-15.25,-1.3333,0.0
0.00023381924,0.04991575,0.00015838677,3.351494e-23,-15.0,-1.3333,0.0
0.00021801205,0.04958709,-0.00010701723,2.6613264e-23,-14.75,-1.3333,0.0
0.00022424119,0.04953909,-0.00017693988,3.2416e-23,-14.5,-1.3333,0.0
0.00022416605,0.04944499,-0.0002970068,-7.239062e-23,-14.25,-1.3333,0.0
0.00024501418,0.049514987,8.628983e-05,4.2619996e-23,-14.0,-1.3333,0.0
0.00022759064,0.04970625,-0.00040116883,-8.625216e-24,-13.75,-1.3333,0.0
0.0002438494,0.049623474,-0.00026953407,3.7507143e-23,-13.5,-1.3333,0.0
0.00024125565,0.0496315,-0.00016406528,-3.9143050000000005e-23,-13.25,-1.3333,0.0
0.00025624683,0.049762357,-0.0004674849,-2.0319088e-23,-13.0,-1.3333,0.0
0.00025449737,0.04919762,-0.0004372471,-3.0026646e-23,-12.75,-1.3333,0.0
0.0002419209,0.04932288,-0.00015515566,3.9792694e-23,-12.5,-1.3333,0.0
0.00024097622,0.049392834,-0.00037105475,4.0778126e-23,-12.25,-1.3333,0.0
0.00025803715,0.049052935,-0.00036291592,-3.743333e-23,-12.0,-1.3333,0.0
0.0002705614,0.049152806,0.000117599266,-2.806434e-23,-11.75,-1.3333,0.0
0.0002489594,0.049226,-0.00057089,-8.753655e-24,-11.5,-1.3333,0.0
0.00025643458,0.04899906,-0.000380442,-4.8382340000000006e-23,-11.25,-1.3333,0.0
0.0002679334,0.048929185,-0.0007385283,2.6497447e-23,-11.0,-1.3333,0.0
0.00027394298,0.048886225,-0.0004942318,6.758859e-24,-10.75,-1.3333,0.0
0.0002788553,0.048633784,-0.00023947039,-8.1473e-23,-10.5,-1.3333,0.0
0.00027385866,0.04853358,-0.00056850095,-3.8257507e-23,-10.25,-1.3333,0.0
0.00027646322,0.048705142,-0.0006263449,3.1967420000000004e-23,-10.0,-1.3333,0.0
0.00022994298,0.049903765,0.00022557657,6.70709e-23,-24.75,-0.66667,0.0
0.00022484118,0.050444063,-0.00018918875,1.8768276e-23,-25.0,-0.66667,0.0
0.00022452639,0.050124854,0.00029674056,-1.7521344999999998e-23,-24.5,-0.66667,0.0
0.00021543914,0.049892694,-0.00015345123,-3.9943372e-24,-24.25,-0.66667,0.0
0.00020654825,0.050003167,-0.00031980826,-3.0795716e-23,-24.0,-0.66667,0.0
0.00019904137,0.050075382,-0.00018724287,-2.6213873e-23,-23.75,-0.66667,0.0
0.00020963277,0.049941137,0.00033897348,1.1394080000000001e-23,-23.5,-0.66667,0.0
0.00021201478,0.049843974,-0.00013793795,-2.0603608e-23,-23.25,-0.66667,0.0
0.00022542017,0.05017089,0.00031068595,-1.6717919e-23,-23.0,-0.66667,0.0
0.00022050229,0.050037444,-4.9104914e-05,-2.4318108e-23,-22.75,-0.66667,0.0
0.00021566194,0.050273724,0.00023369258,3.3838523e-23,-22.5,-0.66667,0.0
0.00022179825,0.05027856,-0.00019867375,6.0884815e-23,-22.25,-0.66667,0.0
0.00021035808,0.05013442,-0.0001676958,-4.698834e-25,-22.0,-0.66667,0.0
0.00022605613,0.050065197,-7.1316026e-05,2.1435724e-23,-21.75,-0.66667,0.0
0.00021972746,0.050124392,-0.00015627919,2.5309738e-23,-21.5,-0.66667,0.0
0.00020049002,0.050034173,-9.312667e-05,-3.611241e-23,-21.25,-0.66667,0.0
0.00019930751,0.049954217,-0.00017433986,-5.6141653000000005e-24,-21.0,-0.66667,0.0
0.0002140775,0.04979842,-0.00015347241,1.8769084e-24,-20.75,-0.66667,0.0
0.00021496988,0.049909536,0.0002443405,2.2152274e-23,-20.5,-0.66667,0.0
0.00022409587,0.049901444,0.000101336744,-5.82426e-23,-20.25,-0.66667,0.0
0.00022219276,0.049874004,0.00017225207,-6.049437e-23,-20.0,-0.66667,0.0
0.00021317601,0.050029762,-0.0002690183,7.265992e-23,-19.75,-0.66667,0.0
0.00021859018,0.049929753,-0.00014748517,2.339976e-24,-19.5,-0.66667,0.0
0.00021868848,0.049850076,7.820688e-05,8.951211e-24,-19.25,-0.66667,0.0
0.00022150819,0.050019454,-5.3085154e-05,8.931168e-24,-19.0,-0.66667,0.0
0.00021683914,0.049951956,-9.169686e-05,3.2734673e-23,-18.75,-0.66667,0.0
0.00021917568,0.04998825,-1.3411045e-05,1.5568151e-23,-18.5,-0.66667,0.0
0.00020920456,0.049920812,0.00024849921,8.572078e-23,-18.25,-0.66667,0.0
0.00021520242,0.04986815,-0.00014296782,-3.0678476e-23,-18.0,-0.66667,0.0
0.00021090849,0.050004274,-0.0001827171,1.8753937e-23,-17.75,-0.66667,0.0
0.0002251365,0.05002931,0.0002570534,-2.3199326e-24,-17.5,-0.66667,0.0
0.00023203803,0.049924526,8.656946e-05,3.1219707e-23,-17.25,-0.66667,0.0
0.00022519477,0.04997745,0.00021818609,-5.1402934e-24,-17.0,-0.66667,0.0
0.00022734584,0.049878072,0.00015766406,-6.4843104e-24,-16.75,-0.66667,0.0
0.00022467233,0.049783673,-0.00032647687,1.4015925e-23,-16.5,-0.66667,0.0
0.0002144002,0.0499161,0.00015149465,2.8020264e-23,-16.25,-0.66667,0.0
0.00021981404,0.049593136,-1.2026867e-05,8.8915226e-23,-16.0,-0.66667,0.0
0.00023447954,0.04983397,-0.00052344054,-2.8456068e-23,-15.75,-0.66667,0.0
0.00021400185,0.04965288,0.00043238176,-2.5471902e-23,-15.5,-0.66667,0.0
0.00021133585,0.049992345,5.6833727e-05,7.901953000000001e-23,-15.25,-0.66667,0.0
0.00022262285,0.049586993,-1.4315447e-06,7.753253e-24,-15.0,-0.66667,0.0
0.00026183564,0.049866702,0.00022676727,-3.6660550000000004e-23,-14.75,-0.66667,0.0
0.00023471958,0.049827345,-0.00041751564,-3.0192999999999997e-23,-14.5,-0.66667,0.0
0.00023595525,0.049575884,-1.9693282e-05,3.2954443e-24,-14.25,-0.66667,0.0
0.00022415591,0.049510833,0.00023425044,-5.2685810000000003e-23,-14.0,-0.66667,0.0
0.00024219202,0.049614646,5.5232085e-06,4.6038175000000004e-24,-13.75,-0.66667,0.0
0.00022485325,0.04939965,-4.4777407e-05,-2.9729832e-23,-13.5,-0.66667,0.0
0.0002475062,0.049329653,7.899542e-05,1.0223637299999999e-22,-13.25,-0.66667,0.0
0.00023976769,0.04930277,0.0001691668,-2.3928814e-23,-13.0,-0.66667,0.0
0.00024115834,0.04957792,0.00016409345,8.398327000000001e-23,-12.75,-0.66667,0.0
0.00024343414,0.04944245,-0.0001776031,2.4548102e-23,-12.5,-0.66667,0.0
0.00025255454,0.049068406,-0.0004755431,-4.8506893e-23,-12.25,-0.66667,0.0
0.00025756343,0.049243018,-1.800587e-05,2.3228003e-23,-12.0,-0.66667,0.0
0.00025016002,0.049177088,0.0004256777,4.0787466e-23,-11.75,-0.66667,0.0
0.0002711634,0.049086347,-0.00014472555,2.5039632e-23,-11.5,-0.66667,0.0
0.00026415847,0.04905878,-0.00014027837,-4.7844912e-23,-11.25,-0.66667,0.0
0.00026926442,0.048833147,-0.00027857572,-3.3648136000000004e-24,-11.0,-0.66667,0.0
0.00027601226,0.048794754,4.2037573e-06,2.5916744e-23,-10.75,-0.66667,0.0
0.00027361297,0.048604667,-0.00046924967,-5.0803147e-24,-10.5,-0.66667,0.0
0.00029367907,0.048565745,-0.00040228618,6.1004974e-23,-10.25,-0.66667,0.0
0.00028539586,0.048549786,-0.0006243014,-5.935425e-23,-10.0,-0.66667,0.0
0.00021726095,0.049671557,0.00023492024,5.0489622e-23,-24.75,0.0,0.0
0.00021485478,0.05007404,-0.0003805696,1.5947902e-23,-25.0,0.0,0.0
0.00023177783,0.04969833,-0.00011569337,-2.6289440000000002e-23,-24.5,0.0,0.0
0.00022473186,0.05017591,0.00023714977,-1.6840375e-23,-24.25,0.0,0.0
0.00021600163,0.050017465,-0.00013477798,-1.3909347e-23,-24.0,0.0,0.0
0.0002210416,0.049974278,-0.00014828914,2.0245882e-23,-23.75,0.0,0.0
0.00022763535,0.0498358,-0.0001355217,6.809538e-23,-23.5,0.0,0.0
0.0002209272,0.05007691,-8.486264e-05,2.9181407e-23,-23.25,0.0,0.0
0.00021515643,0.04992597,7.931329e-05,-3.1649945e-23,-23.0,0.0,0.0
0.00021779891,0.049802683,0.00032769074,-1.0865316e-23,-22.75,0.0,0.0
0.0002231699,0.050081626,-0.000102949794,4.214538e-23,-22.5,0.0,0.0
0.00022558028,0.049731266,-0.00013387506,-2.6046698e-23,-22.25,0.0,0.0
0.00022247613,0.049940955,0.00023673661,-2.3334531e-23,-22.0,0.0,0.0
0.00022042866,0.05000462,0.00052200607,4.6863513e-24,-21.75,0.0,0.0
0.00020318553,0.049980596,9.638886e-05,-5.26328e-25,-21.5,0.0,0.0
0.00022766071,0.05009083,0.00020288746,-3.4453835e-23,-21.25,0.0,0.0
0.0001993242,0.04984247,-0.00025175023,-3.324155e-23,-21.0,0.0,0.0
0.00023006943,0.049846135,-0.00028877193,3.3070060000000005e-23,-20.75,0.0,0.0
0.00022127997,0.049867727,-1.085439e-05,-4.0859688e-23,-20.5,0.0,0.0
0.00019783771,0.049699925,4.323409e-05,-4.2143487e-23,-20.25,0.0,0.0
0.00021474803,0.049925193,1.9861385e-05,-2.690545e-23,-20.0,1.4802999999999999e-16,0.0
0.00020803174,0.0499904,5.2054296e-05,-3.9520417e-23,-19.75,0.0,0.0
0.00021693665,0.049886115,2.1184213e-05,-5.0379762e-23,-19.5,-1.4802999999999999e-16,0.0
0.00023168666,0.05008608,0.0005799099,1.6993906999999998e-23,-19.25,1.4802999999999999e-16,0.0
0.00021545959,0.049960367,-0.00020568864,5.9398576e-24,-19.0,0.0,0.0
0.00022075126,0.050045602,-0.00016496144,3.2365638e-23,-18.75,-1.4802999999999999e-16,0.0
0.00021051613,0.049880624,-0.00035780575,2.0168686999999998e-23,-18.5,0.0,0.0
0.0002284819,0.049694985,-0.00012951717,3.5556182e-23,-18.25,0.0,0.0
0.0002011016,0.04989594,0.00044016168,2.4782444e-23,-18.0,0.0,0.0
0.00022260242,0.04990225,-0.00022176863,-4.3998597e-23,-17.75,-1.4802999999999999e-16,0.0
0.00023740075,0.049897537,-0.00012086616,3.6616778e-23,-17.5,0.0,0.0
0.00022541116,0.049783234,-0.00032968307,6.618152e-23,-17.25,0.0,0.0
0.00023592122,0.050005265,0.00017932057,5.399537000000001e-23,-17.0,0.0,0.0
0.00022744092,0.04977005,9.150896e-05,-8.999739e-23,-16.75,0.0,0.0
0.00022164149,0.04954205,0.00029415893,-2.5545903999999998e-23,-16.5,0.0,0.0
0.00022253861,0.049502045,0.00026429538,1.4529833e-23,-16.25,0.0,0.0
0.00022653167,0.04986962,-0.000115499366,7.231431e-24,-16.0,0.0,0.0
0.00023997124,0.04976292,-0.00023522644,-7.023411999999999e-24,-15.75,0.0,0.0
0.00022732782,0.04986021,0.00015187543,-1.4051834e-23,-15.5,0.0,0.0
0.00022403202,0.049966305,0.0002458375,-2.5787598e-23,-15.25,0.0,0.0
0.00023978186,0.049708806,-0.00022216327,-1.6990322e-23,-15.0,0.0,0.0
0.0002371456,0.049625814,3.498327e-05,-7.231671e-24,-14.75,7.401499999999998e-17,0.0
0.0002539045,0.049528882,8.184649e-05,6.822019e-24,-14.5,7.401499999999998e-17,0.0
0.00023553809,0.049643584,-0.00017780052,1.6293171e-23,-14.25,0.0,0.0
0.00023393989,0.04969739,0.00023547793,6.654432e-23,-14.0,0.0,0.0
0.00024296928,0.04941427,-3.8753264e-05,2.67814e-23,-13.75,0.0,0.0
0.00023939971,0.04951248,-4.7501293e-05,6.957066599999999e-23,-13.5,0.0,0.0
0.00025023468,0.04937064,7.488788e-05,2.3671684e-23,-13.25,0.0,0.0
0.00023618418,0.049761586,0.00028918684,-6.924655e-23,-13.0,-7.401499999999998e-17,0.0
0.00025024795,0.049467154,0.0003553154,5.5367156e-23,-12.75,-7.401499999999998e-17,0.0
0.00025029347,0.049511008,-0.00023059268,-4.4089070000000005e-23,-12.5,3.7007e-17,0.0
0.000247696,0.04936056,0.00031526142,2.4847730000000002e-23,-12.25,3.7007e-17,0.0
0.00026091302,0.049314104,-0.00041454216,1.1214901e-23,-12.0,1.4802999999999999e-16,0.0
0.00026569795,0.049074344,7.93715e-05,-3.0763026e-23,-11.75,-1.4802999999999999e-16,0.0
0.000260761,0.04890689,-0.00014817296,2.979173e-23,-11.5,-3.7007e-17,0.0
0.00028472397,0.048733596,0.00026936267,-3.1038635e-23,-11.25,-3.7007e-17,0.0
0.00027439135,0.049121108,3.5205157e-05,-6.728264e-24,-11.0,7.401499999999998e-17,0.0
0.0002954154,0.04852537,8.4481435e-05,4.7541024e-23,-10.75,7.401499999999998e-17,0.0
0.000271457,0.048862197,-0.0002735043,-1.985159e-23,-10.5,-1.1102e-16,0.0
0.00029097896,0.04876417,3.765989e-05,-4.6186910000000006e-23,-10.25,-1.1102e-16,0.0
0.0002953643,0.04827396,0.00017471146,-2.1732092e-24,-10.0,0.0,0.0
0.00022495067,0.050068464,2.6074704e-06,2.8469245e-23,-24.75,0.66667,0.0
0.00019398541,0.049982406,-0.0007231524,-5.6711108000000004e-24,-25.0,0.66667,0.0
0.00022804219,0.050241116,0.00053171883,-6.124489e-24,-24.5,0.66667,0.0
0.00021552721,0.050147638,0.00013070717,3.1248440000000005e-23,-24.25,0.66667,0.0
0.00022322642,0.050113194,-0.00014496571,-1.2393888e-23,-24.0,0.66667,0.0
0.0002211581,0.049838543,-1.3684912e-05,-2.8004840000000005e-23,-23.75,0.66667,0.0
0.00021979945,0.05009398,-3.658072e-05,6.058413e-23,-23.5,0.66667,0.0
0.00020900682,0.050181232,2.331892e-05,-4.9389390000000003e-23,-23.25,0.66667,0.0
0.00023735844,0.049868368,0.00016902527,3.3672270000000004e-23,-23.0,0.66667,0.0
0.00022045882,0.050364412,-0.00041013164,3.7929007e-23,-22.75,0.66667,0.0
0.00021776202,0.049815655,0.00018539734,-2.2010002e-23,-22.5,0.66667,0.0
0.0002359127,0.05005645,-0.00024629035,-1.0988719e-23,-22.25,0.66667,0.0
0.00022232308,0.04997667,-0.00018286891,-4.048202e-23,-22.0,0.66667,0.0
0.0002258413,0.050140597,-0.00018417323,-4.243384e-23,-21.75,0.66667,0.0
0.00022769415,0.049829826,-0.0002959388,4.5496953e-23,-21.5,0.66667,0.0
0.00022483162,0.04987803,0.00031212007,-3.2214706e-23,-21.25,0.66667,0.0
0.00022416901,0.049874857,-0.00010391418,-1.9061656e-24,-21.0,0.66667,0.0
0.00022590577,0.04977707,-6.709178e-05,5.3971717e-24,-20.75,0.66667,0.0
0.00021226179,0.050013542,5.1280018e-05,5.316014000000001e-23,-20.5,0.66667,0.0
0.00022466111,0.04960999,0.00030182902,1.0276851e-23,-20.25,0.66667,0.0
0.00021554739,0.050023656,0.0004685477,3.334395e-24,-20.0,0.66667,0.0
0.00021482854,0.050046597,-0.00037646457,3.1620270000000003e-23,-19.75,0.66667,0.0
0.0002244797,0.049923316,0.00011064415,-3.1630470000000005e-23,-19.5,0.66667,0.0
0.00020454894,0.050084487,-8.908147e-05,1.5110713e-23,-19.25,0.66667,0.0
0.00021770857,0.049382746,-0.00041315076,-1.18426576e-23,-19.0,0.66667,0.0
0.00022393177,0.0497963,0.00017807819,-1.0522016e-23,-18.75,0.66667,0.0
0.00021626655,0.050042555,5.456526e-05,-3.7527767e-23,-18.5,0.66667,0.0
0.00023911559,0.05024707,-0.000107200816,-2.0171211e-23,-18.25,0.66667,0.0
0.0002261335,0.05000534,-4.2093452e-05,5.812075e-23,-18.0,0.66667,0.0
0.000233156,0.05004835,-0.00024568476,-5.0115765e-24,-17.75,0.66667,0.0
0.00020669667,0.049769357,-7.034093e-05,-2.3971186e-23,-17.5,0.66667,0.0
0.00021538901,0.04950452,-0.00010169193,-1.0322809e-22,-17.25,0.66667,0.0
0.00022790361,0.04998825,0.00037285557,6.370058e-24,-17.0,0.66667,0.0
0.00023750021,0.050103,0.00016685436,-9.3344586e-24,-16.75,0.66667,0.0
0.0002112514,0.04956186,1.4735968e-05,-4.1489387999999996e-23,-16.5,0.66667,0.0
0.00021395617,0.050052103,0.000244488,5.7637384e-23,-16.25,0.66667,0.0
0.00022282882,0.049821913,0.00018956093,-1.4112683999999998e-23,-16.0,0.66667,0.0
0.00020884376,0.049839824,0.00076415506,-6.374991000000001e-23,-15.75,0.66667,0.0
0.0002277206,0.04982537,-0.00024299475,1.4634957e-23,-15.5,0.66667,0.0
0.00023783388,0.049643666,0.0004982818,-1.9524825e-23,-15.25,0.66667,0.0
0.00023677199,0.049727652,0.00057663186,6.4494844e-23,-15.0,0.66667,0.0
0.00023508258,0.04968055,0.00014408631,1.1130436e-23,-14.75,0.66667,0.0
0.00024367102,0.04975447,-0.00028439902,6.423266e-23,-14.5,0.66667,0.0
0.00022706285,0.049572706,2.3918692e-05,1.3492930000000002e-23,-14.25,0.66667,0.0
0.00024784383,0.049342815,-2.9070536e-05,-1.5255232e-23,-14.0,0.66667,0.0
0.0002534827,0.049726777,-0.00024042465,-1.9769738e-23,-13.75,0.66667,0.0
0.00023343987,0.049408935,-9.0483576e-05,4.7875312e-23,-13.5,0.66667,0.0
0.00022919748,0.04955122,0.0005421629,-7.233158e-23,-13.25,0.66667,0.0
0.00023543334,0.049711984,-0.00019950198,-1.2448250000000001e-23,-13.0,0.66667,0.0
0.0002528331,0.049393,0.00015262881,-6.1397800000000006e-24,-12.75,0.66667,0.0
0.000260619,0.04963361,0.00010236977,-2.023432e-23,-12.5,0.66667,0.0
0.0002544957,0.049132306,0.0002077999,4.2842644e-23,-12.25,0.66667,0.0
0.00023503137,0.049147613,9.7907265e-05,-5.8789196e-24,-12.0,0.66667,0.0
0.0002724468,0.049523305,0.00012706663,5.9587094e-23,-11.75,0.66667,0.0
0.00026764587,0.049078137,0.00036384258,-2.8329220000000005e-23,-11.5,0.66667,0.0
0.00026746633,0.0493482,9.9514145e-05,-3.0208523e-23,-11.25,0.66667,0.0
0.00028701802,0.04895934,-7.844984e-05,-5.438733e-23,-11.0,0.66667,0.0
0.000270939,0.04893586,-3.5481993e-05,4.185229e-24,-10.75,0.66667,0.0
0.00028171303,0.04918591,0.00020229071,2.4550967e-23,-10.5,0.66667,0.0
0.00028581885,0.048691973,0.00072501577,-6.400017e-23,-10.25,0.66667,0.0
0.0002726265,0.04853104,0.00037320494,-1.32068174e-23,-10.0,0.66667,0.0
0.00021097524,0.0501202,-0.00036101043,1.4183946e-23,-24.75,1.3333,0.0
0.00021901425,0.04990029,3.485172e-05,-4.2585362e-24,-25.0,1.3333,0.0
0.00021167481,0.049841784,-9.909505e-05,1.0226048e-23,-24.5,1.3333,0.0
0.00022259525,0.050308026,0.00041740295,-6.641073e-25,-24.25,1.3333,0.0
0.00021254168,0.04987385,0.0005062807,2.7356645e-23,-24.0,1.3333,0.0
0.0002016692,0.050033994,8.196104e-06,3.4945200000000004e-23,-23.75,1.3333,0.0
0.0002306441,0.050105706,-3.46069e-05,4.598368e-23,-23.5,1.3333,0.0
0.00022494074,0.049882047,0.0002854322,-1.4523623e-23,-23.25,1.3333,0.0
0.00020655297,0.04993307,1.9152649e-06,3.8819328e-23,-23.0,1.3333,0.0
0.00020029552,0.049803056,-4.2639673e-05,2.1902111e-23,-22.75,1.3333,0.0
0.00021032723,0.04994326,7.056538e-05,-1.593186e-23,-22.5,1.3333,0.0
0.00021112326,0.049995374,-0.00022688415,-3.1871090000000004e-23,-22.25,1.3333,0.0
0.00021488284,0.049803816,-0.00021907245,-2.9461443e-23,-22.0,1.3333,0.0
0.00022038192,0.04994594,0.00039269787,2.4037210000000002e-23,-21.75,1.3333,0.0
0.00021005665,0.050196163,-0.000359877,-6.550547e-23,-21.5,1.3333,0.0
0.00023587167,0.0499768,-0.00014726812,-4.5730710000000006e-23,-21.25,1.3333,0.0
0.00021716418,0.0496895,-0.00010508159,2.1680006e-23,-21.0,1.3333,0.0
0.00022122948,0.049898997,-6.108859e-05,4.8918665999999997e-23,-20.75,1.3333,0.0
0.00022443249,0.049773723,-0.00021688733,-1.6427063e-23,-20.5,1.3333,0.0
0.00020950261,0.04973036,-1.8593855e-06,-4.0365040000000006e-23,-20.25,1.3333,0.0
0.00022193286,0.05004482,3.190199e-05,2.5444311e-23,-20.0,1.3333,0.0
0.00020428191,0.049903978,-0.000504781,1.0953731e-23,-19.75,1.3333,0.0
0.00021745883,0.049800895,-0.00046112423,1.8724920000000003e-23,-19.5,1.3333,0.0
0.00022599736,0.049851593,9.234587e-05,-1.3552201e-23,-19.25,1.3333,0.0
0.0002163928,0.049800333,0.00022145442,1.1893497999999999e-23,-19.0,1.3333,0.0
0.00020787666,0.050066456,0.00017132761,-3.637646e-24,-18.75,1.3333,0.0
0.00020771596,0.049846333,6.9484115e-05,2.6548388e-23,-18.5,1.3333,0.0
0.00023294978,0.050040264,0.00040853524,-7.386944e-24,-18.25,1.3333,0.0
0.00022458068,0.049912184,-0.00036119297,1.5691996e-23,-18.0,1.3333,0.0
0.00022203012,0.04964775,0.00060809194,1.2352441e-22,-17.75,1.3333,0.0
0.00021563868,0.049660083,0.00033687567,3.0918310000000003e-23,-17.5,1.3333,0.0
0.00019090444,0.05000332,0.00015751785,8.235251e-23,-17.25,1.3333,0.0
0.00022961442,0.049863007,0.00028124964,9.9503286e-24,-17.0,1.3333,0.0
0.00021663326,0.050007746,-2.26415e-05,-3.6945524e-23,-16.75,1.3333,0.0
0.00021990259,0.050105773,-0.00010532404,3.705147e-23,-16.5,1.3333,0.0
0.00023800711,0.049874138,0.000119792996,-3.0673991999999997e-23,-16.25,1.3333,0.0
0.00021918744,0.04977531,-0.00019645886,-1.326238e-23,-16.0,1.3333,0.0
0.0002201516,0.050035223,-0.00023832858,-4.4460453e-24,-15.75,1.3333,0.0
0.00022294362,0.049602695,-0.00020411436,4.881325e-23,-15.5,1.3333,0.0
0.00022623787,0.05005395,0.00031013787,-4.9439540000000006e-23,-15.25,1.3333,0.0
0.00024962946,0.049757175,0.00046895375,-5.490179e-23,-15.0,1.3333,0.0
0.00022654477,0.049807824,0.00033118215,4.5759990000000003e-23,-14.75,1.3333,0.0
0.00022162669,0.049768478,0.0001883104,2.6699786e-23,-14.5,1.3333,0.0
0.000252917,0.0497109,-5.2843825e-05,-3.0736545000000003e-24,-14.25,1.3333,0.0
0.00023482855,0.049581684,0.00022392371,-2.919775e-23,-14.0,1.3333,0.0
0.0002399517,0.04960427,0.0006025522,-3.4725632e-23,-13.75,1.3333,0.0
0.00023270436,0.049625568,0.00016238692,2.4993354e-24,-13.5,1.3333,0.0
0.0002670049,0.049720205,0.00048606936,4.5740553e-24,-13.25,1.3333,0.0
0.00024811833,0.049454983,0.00042847486,-4.0834722e-23,-13.0,1.3333,0.0
0.00023774056,0.04938989,0.00048585585,4.7432528e-23,-12.75,1.3333,0.0
0.00025717277,0.049530838,0.00019291323,-1.6486259e-23,-12.5,1.3333,0.0
0.00025682402,0.049617864,0.000107644824,2.4224435e-23,-12.25,1.3333,0.0
0.00023672784,0.049278177,0.0005256367,1.9432635e-23,-12.0,1.3333,0.0
0.00025543588,0.049385954,0.00048256316,-1.1758142e-23,-11.75,1.3333,0.0
0.00026239868,0.049308293,0.00093986624,6.7451015e-24,-11.5,1.3333,0.0
0.00026721577,0.049457025,0.0006849491,-5.741332e-23,-11.25,1.3333,0.0
0.0002563813,0.04905141,0.0004485401,4.7162876e-23,-11.0,1.3333,0.0
0.0002566173,0.048901197,0.00042563886,-1.4367934e-23,-10.75,1.3333,0.0
0.00027496685,0.048965402,-6.71912e-05,-2.8244938e-23,-10.5,1.3333,0.0
0.00028573396,0.04895062,0.0006696638,-5.0940876e-23,-10.25,1.3333,0.0
0.00027929604,0.048613526,0.0005940341,-7.316035000000001e-23,-10.0,1.3333,0.0
0.00022610696,0.049782407,0.00015675277,-3.5986604e-24,-24.75,2.0,0.0
0.00022398584,0.049932558,-0.00036865892,1.8991202e-23,-25.0,2.0,0.0
0.00021418282,0.050190732,-9.8361634e-05,4.3964468e-23,-24.5,2.0,0.0
0.00021624137,0.049708232,0.0005388493,-2.5750944e-23,-24.25,2.0,0.0
0.00021935171,0.050168276,-0.00030363252,7.250856000000001e-23,-24.0,2.0,0.0
0.00022259273,0.04992547,3.7428457e-05,-5.899074000000001e-23,-23.75,2.0,0.0
0.00022519818,0.05013035,-0.00036317133,-4.89493e-23,-23.5,2.0,0.0
0.00022111055,0.05018563,0.0003814497,-3.2276906999999997e-23,-23.25,2.0,0.0
0.00021899742,0.04981933,0.00036578078,-1.5383595e-23,-23.0,2.0,0.0
0.00022184278,0.050097555,0.00025132834,-4.8277884e-23,-22.75,2.0,0.0
0.00019994235,0.049960542,0.00014476059,-5.6832064e-25,-22.5,2.0,0.0
0.0002262992,0.05006674,0.000402706,-4.7675874999999997e-23,-22.25,2.0,0.0
0.00023087377,0.04993771,0.0001057497,-6.4805163e-23,-22.0,2.0,0.0
0.00022106798,0.05001863,0.00024318136,-3.1849685e-23,-21.75,2.0,0.0
0.00022338491,0.050044477,0.00038505998,-2.3288738999999998e-23,-21.5,2.0,0.0
0.00022620929,0.050234534,0.0008111978,2.035135e-24,-21.25,2.0,0.0
0.00021145058,0.05020181,-0.000120961224,6.7389825e-23,-21.0,2.0,0.0
0.00022348943,0.049829155,2.1460932e-05,3.5650656e-23,-20.75,2.0,0.0
0.00020606062,0.04995949,0.0003565345,2.5884420000000003e-23,-20.5,2.0,0.0
0.00022032337,0.049943343,-0.0001471871,1.2936984e-23,-20.25,2.0,0.0
0.0002204373,0.050092947,0.00017068954,-4.6824510000000005e-23,-20.0,2.0,0.0
0.00021812478,0.04981123,0.00017661415,-6.374067e-23,-19.75,2.0,0.0
0.00020149295,0.050045423,6.334868e-05,3.988708e-24,-19.5,2.0,0.0
0.00021538137,0.050024904,0.00047510644,2.1670981e-23,-19.25,2.0,0.0
0.00021854887,0.049898382,0.00027824775,3.427935e-23,-19.0,2.0,0.0
0.00022978053,0.04982909,0.00020078477,1.9975877e-23,-18.75,2.0,0.0
0.00022290007,0.050013,-0.0005865542,7.751577e-23,-18.5,2.0,0.0
0.00021984609,0.049989644,0.0002830755,8.8201465e-23,-18.25,2.0,0.0
0.00021943859,0.04991162,0.00055412174,-4.8479378e-23,-18.0,2.0,0.0
0.00022445916,0.049877398,0.00030646054,2.8858324e-23,-17.75,2.0,0.0
0.0002196097,0.049923338,0.00011132017,2.1152024e-23,-17.5,2.0,0.0
0.00021947108,0.04988601,2.2719847e-05,1.7318728e-23,-17.25,2.0,0.0
0.00021156967,0.050077856,0.00035615452,-5.015514000000001e-23,-17.0,2.0,0.0
0.00022076325,0.0495508,8.6931046e-05,-8.106107500000001e-24,-16.75,2.0,0.0
0.00022796821,0.04971362,0.00041473244,4.9446054e-23,-16.5,2.0,0.0
0.0002243291,0.04954867,0.00030188845,-2.7499918e-23,-16.25,2.0,0.0
0.00021405565,0.05007837,-0.00012819702,-5.527696e-23,-16.0,2.0,0.0
0.0002291565,0.04998553,0.0005215872,6.098872e-23,-15.75,2.0,0.0
0.00021632249,0.049727198,8.1555685e-05,7.308017499999999e-23,-15.5,2.0,0.0
0.00021388223,0.050002404,0.00039124605,-5.8295735e-23,-15.25,2.0,0.0
0.00022521328,0.050189376,0.00015402585,1.5025073999999998e-23,-15.0,2.0,0.0
0.00023597197,0.049908567,0.00062031834,-1.4716737e-23,-14.75,2.0,0.0
0.00023436514,0.049777694,0.0003061418,-3.9267603e-25,-14.5,2.0,0.0
0.00021650599,0.04997054,-0.00029159826,-2.8844794e-23,-14.25,2.0,0.0
0.00022379169,0.04983405,-0.0003144273,-7.6099203e-25,-14.0,2.0,0.0
0.00024757223,0.04963807,0.0002877498,4.1423654e-24,-13.75,2.0,0.0
0.00024530882,0.049991146,0.00024221838,3.4654445e-23,-13.5,2.0,0.0
0.00024028384,0.04981017,0.0006341856,4.6014067e-23,-13.25,2.0,0.0
0.00024201357,0.04979446,0.00023218454,-4.381957e-23,-13.0,2.0,0.0
0.00024087373,0.049618892,0.00066342414,5.756579e-23,-12.75,2.0,0.0
0.00025259354,0.04952139,0.00051545165,-8.6793986e-23,-12.5,2.0,0.0
0.00024683998,0.049446188,0.00043353986,1.7771282e-23,-12.25,2.0,0.0
0.00023049061,0.049494285,0.0005411233,-7.42542e-23,-12.0,2.0,0.0
0.00025973818,0.049376052,0.00046793674,4.9640177e-23,-11.75,2.0,0.0
0.00024406657,0.049212344,0.00080748927,-4.6715346e-23,-11.5,2.0,0.0
0.00026709266,0.049431745,0.00015755396,2.1550418e-25,-11.25,2.0,0.0
0.00025284497,0.049195636,0.00063468446,1.01880035e-22,-11.0,2.0,0.0
0.000271212,0.048836507,0.0011500423,-5.453404e-23,-10.75,2.0,0.0
0.00025524996,0.048933722,0.0011407626,-1.8684417e-23,-10.5,2.0,0.0
0.0002745575,0.04891318,0.0011612506,-1.5815412e-23,-10.25,2.0,0.0
0.0002886972,0.048664767,0.001072749,4.2795893e-23,-10.0,2.0,0.0
0.00022185424,0.049960442,-4.284887e-05,1.0542690500000001e-23,-24.75,2.6667,0.0
0.00022031616,0.050013088,4.3779844e-05,-2.1220964e-23,-25.0,2.6667,0.0
0.00021716233,0.049891442,-0.00055622484,4.1900404e-23,-24.5,2.6667,0.0
0.00021856706,0.050061747,9.2164846e-05,-1.5080698e-23,-24.25,2.6667,0.0
0.0002073741,0.050017767,0.0001451241,2.8697346e-23,-24.0,2.6667,0.0
0.00021567529,0.050063163,0.00039995974,-2.971908e-23,-23.75,2.6667,0.0
0.00020999291,0.050377868,-0.0001438451,-3.0760564e-23,-23.5,2.6667,0.0
0.00021020637,0.049972206,-9.445846e-05,-1.6754573e-23,-23.25,2.6667,0.0
0.00022210806,0.049803518,2.1528685e-05,-5.717634e-23,-23.0,2.6667,0.0
0.00022127255,0.050129894,-0.00016243942,-7.954343e-24,-22.75,2.6667,0.0
0.00020251158,0.049991813,0.00019151089,8.507894000000001e-23,-22.5,2.6667,0.0
0.00020431161,0.049833085,0.00014146557,2.1084119e-23,-22.25,2.6667,0.0
0.00022173766,0.049987152,0.0001834559,1.9574554999999998e-23,-22.0,2.6667,0.0
0.00021796492,0.04990133,-1.2132805e-06,1.1355255e-23,-21.75,2.6667,0.0
0.00022179757,0.04992916,-0.00028640358,-5.370954000000001e-23,-21.5,2.6667,0.0
0.00022136883,0.04998696,4.032976e-05,-1.7468435e-23,-21.25,2.6667,0.0
0.00021796682,0.049900554,-0.0002267907,-3.8441078e-23,-21.0,2.6667,0.0
0.00021236458,0.050206296,-0.0003575366,5.692052e-23,-20.75,2.6667,0.0
0.00020596247,0.05013077,8.014217e-05,3.3859854e-23,-20.5,2.6667,0.0
0.00022980629,0.04997171,-0.00011328678,4.6331877e-23,-20.25,2.6667,0.0
0.00020579732,0.049877897,5.7421392e-05,-4.788868e-23,-20.0,2.6667,0.0
0.00022288434,0.04984854,-0.00015003074,3.5774653e-23,-19.75,2.6667,0.0
0.00020235931,0.050111108,0.00030536042,-3.1074758e-23,-19.5,2.6667,0.0
0.00022419194,0.05000339,0.00062353315,-3.3734420000000003e-23,-19.25,2.6667,0.0
0.00021102867,0.049961247,0.0006437227,-2.2476099e-23,-19.0,2.6667,0.0
0.00021551872,0.050000213,4.8858346e-05,-3.9111004e-23,-18.75,2.6667,0.0
0.00022442678,0.050004303,7.023569e-06,2.752e-23,-18.5,2.6667,0.0
0.00020572767,0.050006308,0.00021079642,-2.4019098e-23,-18.25,2.6667,0.0
0.00021981951,0.049890555,0.0005789008,5.918087499999999e-23,-18.0,2.6667,0.0
0.0002210085,0.049757916,0.00010299473,-4.1429555e-24,-17.75,2.6667,0.0
0.00021291451,0.04987755,-0.0003887138,-1.5436228e-23,-17.5,2.6667,0.0
0.00022558992,0.049929086,0.00025874795,1.7044040000000003e-23,-17.25,2.6667,0.0
0.00021720698,0.049758825,-9.1765425e-05,-2.8274668e-23,-17.0,2.6667,0.0
0.00022792793,0.049693253,-0.0004011268,8.193896000000001e-23,-16.75,2.6667,0.0
0.0002055582,0.05003226,0.00033451332,-7.366666000000001e-23,-16.5,2.6667,0.0
0.00022271994,0.049969256,0.00040399213,1.2333594e-23,-16.25,2.6667,0.0
0.0002135801,0.050028976,-2.3237895e-05,-4.6207483e-23,-16.0,2.6667,0.0
0.00023986865,0.049969524,0.0004280645,-8.092703e-23,-15.75,2.6667,0.0
0.00021271405,0.050003383,0.0002918418,3.4376992999999997e-23,-15.5,2.6667,0.0
0.00024040174,0.050052516,4.657451e-05,-4.2535885e-24,-15.25,2.6667,0.0
0.00024053386,0.04978153,-8.06083e-06,-8.493961000000001e-23,-15.0,2.6667,0.0
0.00022596243,0.050124392,0.00037794124,-3.8663928e-23,-14.75,2.6667,0.0
0.00022897017,0.04978422,0.00026454683,5.9038906e-23,-14.5,2.6667,0.0
0.00022396208,0.049778387,0.00050134864,-4.7865808e-24,-14.25,2.6667,0.0
0.00022674204,0.04966145,-3.8903207e-05,2.0147331e-23,-14.0,2.6667,0.0
0.00022541541,0.049786575,-0.000101123005,-2.8923402e-23,-13.75,2.6667,0.0
0.0002247071,0.049687177,-0.0001794342,5.3710724e-23,-13.5,2.6667,0.0
0.00022832263,0.049913116,0.00058600784,3.8227407e-23,-13.25,2.6667,0.0
0.00024315261,0.0494714,-7.1170274e-05,-2.6576307e-23,-13.0,2.6667,0.0
0.00024112147,0.049401127,0.00034210805,2.2384616e-23,-12.75,2.6667,0.0
0.00023684949,0.049858455,0.00085379655,-3.751969e-23,-12.5,2.6667,0.0
0.00023001831,0.049645603,0.0004705703,1.5580142e-23,-12.25,2.6667,0.0
0.00022062674,0.049455263,0.00020816736,1.7903735e-24,-12.0,2.6667,0.0
0.00023572924,0.049627848,0.0007926198,-3.6150706e-23,-11.75,2.6667,0.0
0.00024438126,0.049193665,0.0005628096,9.582854999999999e-24,-11.5,2.6667,0.0
0.00023181272,0.04949291,0.0008380689,-5.5810357e-23,-11.25,2.6667,0.0
0.00024051253,0.049346864,0.0010544965,3.637545e-23,-11.0,2.6667,0.0
0.0002558297,0.049272172,0.000967289,6.182902399999999e-23,-10.75,2.6667,0.0
0.0002463148,0.049312204,0.001235926,3.063172e-23,-10.5,2.6667,0.0
0.00025271584,0.049224567,0.0013056437,2.7739858e-23,-10.25,2.6667,0.0
0.00026469372,0.049013056,0.0016768838,-3.8265232e-23,-10.0,2.6667,0.0
0.00023740309,0.049780417,-6.3520856e-06,-3.5658520000000004e-23,-24.75,3.3333,0.0
0.00021631103,0.049980074,0.00030474178,6.604246000000001e-23,-25.0,3.3333,0.0
0.00021587136,0.0500393,-6.420212e-05,3.9417316e-23,-24.5,3.3333,0.0
0.00022417151,0.04998753,-0.0006259815,4.8847075e-23,-24.25,3.3333,0.0
0.00020775315,0.049917243,0.00026252074,-1.2449437e-23,-24.0,3.3333,0.0
0.00021619865,0.05008313,7.809486e-05,-2.7140097e-24,-23.75,3.3333,0.0
0.0001944608,0.05010675,-0.00038584112,-4.8306257e-23,-23.5,3.3333,0.0
0.00022338737,0.050034873,0.0004074755,-6.773561000000001e-23,-23.25,3.3333,0.0
0.00022375894,0.050307535,-0.00049025007,3.6172624e-23,-23.0,3.3333,0.0
0.00021181592,0.049813837,7.556053e-06,3.1195347e-25,-22.75,3.3333,0.0
0.00022106277,0.05005548,-0.00039807614,1.4011293e-23,-22.5,3.3333,0.0
0.00020440758,0.04977767,-0.00026180118,-1.0008118000000001e-22,-22.25,3.3333,0.0
0.00019773103,0.04984019,0.00036716112,3.9882788e-23,-22.0,3.3333,0.0
0.00022070209,0.049865205,5.9676822e-06,-1.5581328e-24,-21.75,3.3333,0.0
0.00022239101,0.050192118,5.047652e-05,-4.8053418e-23,-21.5,3.3333,0.0
0.00022445904,0.049981087,0.00035982265,2.9488757e-24,-21.25,3.3333,0.0
0.00021132799,0.04992021,-4.1154737e-05,1.9863505e-23,-21.0,3.3333,0.0
0.0002258332,0.050008565,0.0002514033,3.4479077999999997e-23,-20.75,3.3333,0.0
0.00021727686,0.050045945,2.4985056e-05,4.1287882e-23,-20.5,3.3333,0.0
0.0002097079,0.04981635,0.00018100138,-1.1348489999999999e-24,-20.25,3.3333,0.0
0.00022928297,0.049850676,0.00081287976,3.0137768000000003e-24,-20.0,3.3333,0.0
0.0002248257,0.050097868,0.00018051895,6.774965e-24,-19.75,3.3333,0.0
0.00023704035,0.05011989,0.00024884427,-2.2120518e-23,-19.5,3.3333,0.0
0.00022129074,0.050061345,0.00017465686,1.3497801e-23,-19.25,3.3333,0.0
0.00021955447,0.0496319,0.00015163781,9.615412000000001e-23,-19.0,3.3333,0.0
0.00022556988,0.050113235,-0.00016398239,3.8788732e-24,-18.75,3.3333,0.0
0.00020793747,0.049677208,0.00024334848,-2.984618e-23,-18.5,3.3333,0.0
0.00022066552,0.049751796,0.00059728406,-5.900465e-23,-18.25,3.3333,0.0
0.00021351202,0.0500222,-0.00037281285,-3.1018566e-23,-18.0,3.3333,0.0
0.00022518958,0.049643822,0.00012381328,2.5477607e-23,-17.75,3.3333,0.0
0.00023066935,0.049861833,0.00041504705,5.0581458e-23,-17.5,3.3333,0.0
0.0002191852,0.050005704,0.00054979185,-1.1668073e-23,-17.25,3.3333,0.0
0.0002292338,0.049974747,0.00045773014,-1.4622225e-23,-17.0,3.3333,0.0
0.00022140324,0.049986362,0.00036506588,6.33708e-23,-16.75,3.3333,0.0
0.00022103776,0.050024573,0.00023305509,7.234074000000001e-23,-16.5,3.3333,0.0
0.00022283146,0.05004836,0.00039097387,3.4135084e-23,-16.25,3.3333,0.0
0.0002176413,0.04970078,0.0006630912,-4.6023464e-23,-16.0,3.3333,0.0
0.00021471936,0.05007466,0.0006593907,6.048001e-24,-15.75,3.3333,0.0
0.00022755534,0.050024346,0.0003165992,2.758702e-23,-15.5,3.3333,0.0
0.00021676064,0.049778696,0.0005685496,7.8443117e-23,-15.25,3.3333,0.0
0.00023018711,0.050361015,0.00015317438,-1.0169111000000001e-24,-15.0,3.3333,0.0
0.00021849488,0.049804885,0.0002692463,-2.8971163e-23,-14.75,3.3333,0.0
0.0002268418,0.049808804,9.815814e-05,3.2544540000000004e-23,-14.5,3.3333,0.0
0.00020786677,0.04990544,0.00021290197,6.5286886000000006e-24,-14.25,3.3333,0.0
0.00022358645,0.049959324,-3.285287e-05,-1.5864485e-23,-14.0,3.3333,0.0
0.00021580743,0.04959116,-7.436285e-05,-5.753217e-23,-13.75,3.3333,0.0
0.00023364059,0.04968482,0.00023269188,-1.8210191e-24,-13.5,3.3333,0.0
0.00023065197,0.049656793,0.0004749857,-3.1796016999999997e-23,-13.25,3.3333,0.0
0.00022147695,0.050118174,0.00069531123,5.7608492000000006e-24,-13.0,3.3333,0.0
0.00022728165,0.049745478,0.00029357895,5.2097737e-23,-12.75,3.3333,0.0
0.00023836378,0.04979925,0.00062711956,-8.370448e-23,-12.5,3.3333,0.0
0.00021670417,0.04952524,0.00032375788,1.0782565e-22,-12.25,3.3333,0.0
0.00024570964,0.04965251,0.00037659542,4.1239528e-23,-12.0,3.3333,0.0
0.00023472801,0.04965928,0.00038563705,-8.980443e-24,-11.75,3.3333,0.0
0.00023007648,0.04975204,0.0005762987,2.4482355e-23,-11.5,3.3333,0.0
0.00025213105,0.049501084,0.00063151924,-4.7950120000000006e-23,-11.25,3.3333,0.0
0.00024508158,0.049608976,0.0011017765,2.3841117999999998e-23,-11.0,3.3333,0.0
0.00022897767,0.049516775,0.0014521298,-3.5376713e-23,-10.75,3.3333,0.0
0.00025731133,0.049518578,0.0010622412,4.8988440000000004e-23,-10.5,3.3333,0.0
0.00023542653,0.049574554,0.0014804462,-2.4899227000000003e-24,-10.25,3.3333,0.0
0.00024653794,0.04928878,0.0011136613,-6.243315000000001e-23,-10.0,3.3333,0.0
0.00020607412,0.04996009,-0.00010758382,-1.4681042e-23,-24.75,4.0,0.0
0.0002079864,0.049981773,-0.00014759263,7.340998e-23,-25.0,4.0,0.0
0.00021093762,0.049766634,-0.000114704715,3.3956890000000006e-23,-24.5,4.0,0.0
0.00022560227,0.050283737,-4.3165404e-05,-8.9728195e-23,-24.25,4.0,0.0
0.0002302113,0.0500864,-0.000255568,-1.6788904e-23,-24.0,4.0,0.0
0.0002122418,0.049796626,0.00015316205,-5.396495e-23,-23.75,4.0,0.0
0.00022614918,0.049709167,-0.00026296708,-6.135932000000001e-23,-23.5,4.0,0.0
0.00021999425,0.05010266,0.00081261934,5.3753109999999996e-24,-23.25,4.0,0.0
0.00022103914,0.049959734,-0.0004472183,9.098378399999999e-23,-23.0,4.0,0.0
0.00020972034,0.05000659,-0.00053836853,-1.3319241e-23,-22.75,4.0,0.0
0.00021757353,0.0497329,0.00020394451,1.9165559e-23,-22.5,4.0,0.0
0.00021278556,0.05013345,0.0003011278,4.7288500000000004e-23,-22.25,4.0,0.0
0.00022362673,0.049822263,-7.3744915e-05,1.3456831e-24,-22.0,4.0,0.0
0.00020036881,0.050072763,0.0002189494,6.24106e-23,-21.75,4.0,0.0
0.00021233715,0.049752176,0.00028746016,3.7857018e-23,-21.5,4.0,0.0
0.00021566241,0.05001126,-0.00028235908,1.1590411e-22,-21.25,4.0,0.0
0.00021888663,0.050101027,-0.00028218026,2.7721153e-23,-21.0,4.0,0.0
0.00022570667,0.049789272,-0.0001449883,2.1578803999999998e-23,-20.75,4.0,0.0
0.00021170365,0.04979762,-9.367382e-05,-1.2616726e-24,-20.5,4.0,0.0
0.00020790844,0.049744748,-8.215802e-05,-3.6066266e-23,-20.25,4.0,0.0
0.00021162581,0.04961443,0.00015833508,-2.2975744e-23,-20.0,4.0,0.0
0.0002245683,0.050046798,7.359055e-05,-6.6772986e-23,-19.75,4.0,0.0
0.00019998774,0.04984998,-0.0002975206,-1.2454511e-23,-19.5,4.0,0.0
0.00023390514,0.05015536,8.2793296e-05,-1.4669468e-23,-19.25,4.0,0.0
0.0002048726,0.04980752,0.00022134278,-1.5741423e-23,-19.0,4.0,0.0
0.00022667815,0.04994387,1.6367529e-05,-5.556196e-23,-18.75,4.0,0.0
0.00020531044,0.05004207,-1.806789e-05,4.2004467e-23,-18.5,4.0,0.0
0.00022217058,0.049827907,0.00043818157,-1.8817362e-23,-18.25,4.0,0.0
0.00023141425,0.049999647,0.00047801156,1.0437703e-24,-18.0,4.0,0.0
0.0002165986,0.049944602,-5.734386e-05,4.9714794e-23,-17.75,4.0,0.0
0.0002090891,0.04988105,5.7486817e-05,2.4125613e-23,-17.5,4.0,0.0
0.00021499049,0.050306045,-0.00025621615,1.4057249e-23,-17.25,4.0,0.0
0.0002199299,0.050422467,0.00028482845,-5.177765e-23,-17.0,4.0,0.0
0.00021999722,0.050052445,0.00014117686,9.085153e-25,-16.75,4.0,0.0
0.00023209324,0.050022256,0.0004773977,6.6854005e-24,-16.5,4.0,0.0
0.00021960087,0.050069444,0.00057014124,-1.2120862e-22,-16.25,4.0,0.0
0.00021418865,0.049949843,0.00012973859,-6.655603e-23,-16.0,4.0,0.0
0.00021547961,0.04968065,-4.1296706e-05,3.511726e-23,-15.75,4.0,0.0
0.00023363925,0.04984971,0.0006245658,-7.86122e-24,-15.5,4.0,0.0
0.00021093593,0.050310083,0.00046291557,-2.648649e-23,-15.25,4.0,0.0
0.00022230718,0.049854234,0.0004132404,-2.4145050000000002e-23,-15.0,4.0,0.0
0.00020512272,0.049812388,0.00054167537,2.1613097e-23,-14.75,4.0,0.0
0.00022701589,0.049792103,0.00029429002,7.552158000000001e-23,-14.5,4.0,0.0
0.0002410894,0.049990945,5.1447714e-05,4.3887828e-23,-14.25,4.0,0.0
0.0002185534,0.049870774,0.00017764705,8.723504000000001e-23,-14.0,4.0,0.0
0.00022620712,0.049775586,0.00079745625,-3.7819128e-24,-13.75,4.0,0.0
0.00022081684,0.04980442,0.0005888452,-1.6567871e-23,-13.5,4.0,0.0
0.00021707863,0.049833693,0.00078194635,5.9407663e-24,-13.25,4.0,0.0
0.000213295,0.04958701,0.00046509784,-1.4025316000000001e-24,-13.0,4.0,0.0
0.00021256456,0.049844876,0.0006982109,-3.8661354e-23,-12.75,4.0,0.0
0.00022141721,0.04977572,7.1372604e-05,5.1220827e-23,-12.5,4.0,0.0
0.00022044223,0.050006375,0.0009304662,1.2658420000000002e-22,-12.25,4.0,0.0
0.00022243179,0.04990793,0.00078140566,-1.7292500000000002e-23,-12.0,4.0,0.0
0.00021968821,0.04982811,0.0008700504,-1.17179545e-23,-11.75,4.0,0.0
0.00021595093,0.04995979,0.0009193574,-3.2144932999999996e-23,-11.5,4.0,0.0
0.00021698761,0.049835097,0.00040522136,-3.858527e-24,-11.25,4.0,0.0
0.0002362434,0.050078593,0.0015021112,1.4025316000000001e-24,-11.0,4.0,0.0
0.00021311235,0.04997994,0.0009834506,-3.4752037e-24,-10.75,4.0,0.0
0.00023583497,0.049670357,0.0013048127,-7.864072e-24,-10.5,4.0,0.0
0.00021867774,0.049814723,0.0013734829,1.4577751999999998e-23,-10.25,4.0,0.0
0.00024559977,0.049652718,0.0010929123,5.0239724e-23,-10.0,4.0,0.0
0.00020669382,0.049909502,-0.0006281538,-6.4816157e-24,-24.75,4.6667,0.0
0.00021944215,0.04978085,-0.00027751178,-6.7326565e-24,-25.0,4.6667,0.0
0.00021959987,0.050058,8.15792e-05,2.7095466e-23,-24.5,4.6667,0.0
0.00020962588,0.05008322,-0.00043880753,-2.655995e-23,-24.25,4.6667,0.0
0.00020464313,0.050124057,-0.000792786,-3.8551948e-24,-24.0,4.6667,0.0
0.00021027811,0.04981511,0.0003213589,2.2761565e-23,-23.75,4.6667,0.0
0.00020268693,0.04982476,1.7200597e-05,-4.2668293999999997e-23,-23.5,4.6667,0.0
0.00020925081,0.049868204,0.00015780097,3.4881232999999997e-23,-23.25,4.6667,0.0
0.00021006566,0.049674798,0.00028320577,-1.3773537e-23,-23.0,4.6667,0.0
0.00021006758,0.049868107,-0.000449094,4.6712935000000004e-24,-22.75,4.6667,0.0
0.0002165059,0.049972244,-9.175646e-05,5.1266012999999996e-23,-22.5,4.6667,0.0
0.00021813848,0.049745508,-5.39007e-05,2.577957e-23,-22.25,4.6667,0.0
0.00021303674,0.049833946,0.00037146395,5.676618e-24,-22.0,4.6667,0.0
0.00021460705,0.0500874,-0.00021896907,-6.3876276e-23,-21.75,4.6667,0.0
0.00021663087,0.050191004,3.2932498e-05,1.2693971e-23,-21.5,4.6667,0.0
0.00021314994,0.04995493,0.00018209312,-2.5283775e-23,-21.25,4.6667,0.0
0.00020969746,0.049714155,-0.0007585196,1.2282817e-23,-21.0,4.6667,0.0
0.00021591142,0.049998067,0.00020601833,-1.2713964e-23,-20.75,4.6667,0.0
0.00022289633,0.049994692,-0.00013027235,-2.3829480999999998e-23,-20.5,4.6667,0.0
0.0002096944,0.049817182,3.3133198e-05,4.80929e-23,-20.25,4.6667,0.0
0.00019782265,0.050234463,-0.00020164193,1.2643989e-24,-20.0,4.6667,0.0
0.00021123674,0.049597334,-0.000560059,9.5438286e-24,-19.75,4.6667,0.0
0.00020909471,0.05016411,9.2690694e-05,-3.0703072e-23,-19.5,4.6667,0.0
0.00021524433,0.04989937,-0.00043942314,3.7252912e-23,-19.25,4.6667,0.0
0.00021233613,0.050213926,-0.00014714198,-1.3077218600000001e-23,-19.0,4.6667,0.0
0.00023981003,0.049826413,8.569294e-05,-2.5916454e-23,-18.75,4.6667,0.0
0.0002151547,0.04996089,-0.00026699167,4.9182561999999997e-23,-18.5,4.6667,0.0
0.00022566764,0.050407216,0.00012829067,1.5307966e-23,-18.25,4.6667,0.0
0.00020830552,0.050125647,6.7882705e-05,-1.7353021e-23,-18.0,4.6667,0.0
0.0002204432,0.049778096,3.2766256e-05,3.3976656e-23,-17.75,4.6667,0.0
0.00020829549,0.050249185,6.93372e-05,3.3487158e-23,-17.5,4.6667,0.0
0.00019159587,0.050316963,-3.107451e-05,-4.3068020000000005e-23,-17.25,4.6667,0.0
0.00022389257,0.050179303,8.2513085e-05,-8.785669000000001e-23,-17.0,4.6667,0.0
0.00020419773,0.049978837,0.0003121905,4.3453844e-23,-16.75,4.6667,0.0
0.00021877445,0.050136022,0.00029845326,-1.1171886e-23,-16.5,4.6667,0.0
0.0002144466,0.049959816,0.00022843786,-1.2215454e-23,-16.25,4.6667,0.0
0.00021930109,0.050044246,0.0001465455,1.7414666e-23,-16.0,4.6667,0.0
0.0002227799,0.050021194,-9.199232e-05,3.4812596e-23,-15.75,4.6667,0.0
0.00021381181,0.050215386,0.00053568906,3.5343732999999997e-23,-15.5,4.6667,0.0
0.00022276273,0.05012335,-0.00011749286,-2.2514229e-23,-15.25,4.6667,0.0
0.00021713167,0.049883325,0.00038111303,-1.0493410000000001e-22,-15.0,4.6667,0.0
0.000231664,0.049965926,0.0007896074,5.731336000000001e-23,-14.75,4.6667,0.0
0.00021869082,0.049928904,0.00023453319,-5.740605e-23,-14.5,4.6667,0.0
0.00021114435,0.05008907,0.00046721165,5.748938000000001e-23,-14.25,4.6667,0.0
0.00021748077,0.050324835,0.0005062143,-2.2269505e-23,-14.0,4.6667,0.0
0.0002240471,0.049992383,0.0006296689,4.2655628e-23,-13.75,4.6667,0.0
0.00021176501,0.04978378,0.0005316873,3.4764810000000004e-23,-13.5,4.6667,0.0
0.00020649066,0.050167426,0.00088240637,-1.3099684999999999e-23,-13.25,4.6667,0.0
0.0002130456,0.049769122,0.0006292027,-1.0139627e-23,-13.0,4.6667,0.0
0.00021869653,0.050268337,0.0004977656,-4.6491095e-23,-12.75,4.6667,0.0
0.00022247102,0.05004102,0.00078325137,3.9977906e-23,-12.5,4.6667,0.0
0.0002153077,0.050167404,0.0003652773,5.420444000000001e-23,-12.25,4.6667,0.0
0.00020384412,0.049999442,0.00071745325,5.439884e-24,-12.0,4.6667,0.0
0.00020663443,0.050151885,0.00047482178,-2.6256421e-23,-11.75,4.6667,0.0
0.00021461671,0.04997945,0.00086154975,7.1925636e-23,-11.5,4.6667,0.0
0.0001946056,0.04988599,0.00070458255,2.715409e-23,-11.25,4.6667,0.0
0.00021591005,0.050172266,0.0014374822,5.1717317e-23,-11.0,4.6667,0.0
0.0002214152,0.049900524,0.0014220309,4.8818032e-23,-10.75,4.6667,0.0
0.00020754589,0.0500905,0.0016504872,1.6000018e-23,-10.5,4.6667,0.0
0.00021086537,0.050123665,0.0012286105,-1.3061265e-24,-10.25,4.6667,0.0
0.00019601519,0.05017802,0.0014860497,2.731511e-23,-10.0,4.6667,0.0
0.00021005434,0.049833536,-8.055102e-05,3.6548453e-23,-24.75,5.3333,0.0
0.000207774,0.050044015,0.00019311486,2.0501826e-23,-25.0,5.3333,0.0
0.00020756916,0.049786575,-0.00039688917,1.25690786e-23,-24.5,5.3333,0.0
0.00022584073,0.04963141,-0.00027882308,-5.0067940000000007e-23,-24.25,5.3333,0.0
0.00020711025,0.04980819,-0.0003701091,-4.702444e-23,-24.0,5.3333,0.0
0.00022075132,0.050034456,-7.848872e-05,-8.2592096e-24,-23.75,5.3333,0.0
0.00022646748,0.049781032,0.00045113498,-9.607543e-24,-23.5,5.3333,0.0
0.00021645418,0.050024748,0.00022456395,6.5187174e-23,-23.25,5.3333,0.0
0.0002094693,0.049763195,0.000150342,2.7698105e-23,-23.0,5.3333,0.0
0.00022535035,0.049976487,0.00055197737,-7.678063e-23,-22.75,5.3333,0.0
0.00023091593,0.04992622,-0.0004189161,9.311699000000001e-23,-22.5,5.3333,0.0
0.00020584179,0.049953163,0.00017410237,-1.5569624999999998e-23,-22.25,5.3333,0.0
0.00022814189,0.050194412,-0.00027287798,1.3644541999999998e-23,-22.0,5.3333,0.0
0.0001969664,0.050076358,0.00018079206,-5.6232227e-23,-21.75,5.3333,0.0
0.0002232734,0.050193176,-4.201755e-05,5.7128169999999995e-24,-21.5,5.3333,0.0
0.00023022076,0.04989736,-0.0001473024,1.7296249e-24,-21.25,5.3333,0.0
0.00021943756,0.05018971,0.00018615066,-3.7881680000000005e-23,-21.0,5.3333,0.0
0.00020969895,0.05009076,0.00035011,-3.6906624e-23,-20.75,5.3333,0.0
0.00021795937,0.050216377,7.873547e-06,-7.556814e-23,-20.5,5.3333,0.0
0.00021310268,0.050056353,-0.00036105,-5.2315033999999997e-23,-20.25,5.3333,0.0
0.00022210652,0.050194666,0.0002711392,-9.252909000000001e-23,-20.0,5.3333,0.0
0.00020561993,0.049952883,-0.00022868773,-4.0233976e-23,-19.75,5.3333,0.0
0.00020482192,0.04986317,-7.795973e-05,1.7310460000000002e-23,-19.5,5.3333,0.0
0.00022449983,0.049724728,9.461492e-05,-9.1798544e-24,-19.25,5.3333,0.0
0.00021473561,0.04993184,0.0005216326,2.4678598000000002e-24,-19.0,5.3333,0.0
0.00020766078,0.04995887,-6.763381e-05,-2.2569322999999998e-23,-18.75,5.3333,0.0
0.00023433974,0.05007188,-0.0004058443,-4.565485e-24,-18.5,5.3333,0.0
0.00020927424,0.04995647,0.0002354661,6.3453093e-23,-18.25,5.3333,0.0
0.00020996899,0.05005131,0.00018254394,5.596818000000001e-23,-18.0,5.3333,0.0
0.00021907999,0.049730144,-0.00052265555,4.9283687e-23,-17.75,5.3333,0.0
0.0002169791,0.049705416,-8.988312e-05,1.6217011e-23,-17.5,5.3333,0.0
0.00021164535,0.04982754,0.0005709855,-4.5386134e-23,-17.25,5.3333,0.0
0.00021629034,0.049863048,-3.2634474e-05,5.800902000000001e-23,-17.0,5.3333,0.0
0.00021040141,0.050209627,0.00034558075,-5.8009575e-23,-16.75,5.3333,0.0
0.00021980093,0.050012052,0.0006244816,-4.8483290000000004e-23,-16.5,5.3333,0.0
0.0002171525,0.049931206,0.00012443122,-7.9546815e-23,-16.25,5.3333,0.0
0.000215849,0.05005934,0.00039123488,1.1759051e-23,-16.0,5.3333,0.0
0.00021852633,0.049948245,0.00019822945,-3.340095e-23,-15.75,5.3333,0.0
0.00021594117,0.050102416,0.00032840902,4.085368e-23,-15.5,5.3333,0.0
0.00021526609,0.049977325,0.00034256536,-1.5875668e-24,-15.25,5.3333,0.0
0.00021890449,0.04984137,0.00041157063,-4.6363312e-23,-15.0,5.3333,0.0
0.00022103217,0.05030469,0.00027406513,-2.6576134e-23,-14.75,5.3333,0.0
0.00021573361,0.050305016,0.0006050363,1.2297647e-24,-14.5,5.3333,0.0
0.00019863625,0.050333895,0.0009928709,-3.296959e-23,-14.25,5.3333,0.0
0.00020436305,0.04984966,0.0005995376,-2.9083093e-23,-14.0,5.3333,0.0
0.00022526545,0.050248705,0.00089961756,1.4576483e-23,-13.75,5.3333,0.0
0.00021226832,0.050110817,0.00047037867,-8.6271343e-23,-13.5,5.3333,0.0
0.00021265018,0.049784515,0.00051743875,-5.2147619999999995e-24,-13.25,5.3333,0.0
0.00021276432,0.050309226,0.0009381338,3.5960685e-23,-13.0,5.3333,0.0
0.00020177553,0.05017128,0.0005596791,6.5250687e-23,-12.75,5.3333,0.0
0.00020876853,0.050012335,0.0004183473,2.5169901e-23,-12.5,5.3333,0.0
0.00019746175,0.050210416,0.0012634397,6.534247000000001e-23,-12.25,5.3333,0.0
0.00019598306,0.049821366,0.00045467704,-1.61796e-23,-12.0,5.3333,0.0
0.00021670661,0.050232224,0.00079326273,6.28371e-23,-11.75,5.3333,0.0
0.00022269011,0.050403893,0.0011212819,-2.8470047e-23,-11.5,5.3333,0.0
0.00019982507,0.05020743,0.00096442644,9.023559000000001e-25,-11.25,5.3333,0.0
0.00019162773,0.050172992,0.0006623608,-3.4221846e-23,-11.0,5.3333,0.0
0.0002113205,0.05003645,0.0011675976,-9.124306000000001e-23,-10.75,5.3333,0.0
0.00018896605,0.05064411,0.0013672567,-3.2027917e-23,-10.5,5.3333,0.0
0.00020046064,0.050429452,0.0011275862,4.3875610000000003e-23,-10.25,5.3333,0.0
0.0001854168,0.050138883,0.0009945321,5.959290000000001e-23,-10.0,5.3333,0.0
0.00019846646,0.050215993,0.0003188401,3.4152376e-24,-24.75,6.0,0.0
0.0002209902,0.049947202,-0.000132791,3.2623802999999997e-23,-25.0,6.0,0.0
0.00022093349,0.050128944,0.00023890473,-3.9861986999999997e-23,-24.5,6.0,0.0
0.00022663311,0.049855992,-0.00014721113,-2.8404445e-23,-24.25,6.0,0.0
0.00022041552,0.04978049,3.1591626e-05,6.4996686e-23,-24.0,6.0,0.0
0.00022066679,0.04996009,-0.00015214749,-1.0542039000000001e-22,-23.75,6.0,0.0
0.00021075162,0.050091725,-0.00010748999,-5.2717063e-23,-23.5,6.0,0.0
0.00021807959,0.05021119,1.3755634e-06,-7.7737004e-24,-23.25,6.0,0.0
0.0002150125,0.04982622,0.00016693561,-4.1593594e-23,-23.0,6.0,0.0
0.00020119525,0.050165534,-1.7820857e-05,-5.5600633e-23,-22.75,6.0,0.0
0.00021495672,0.05014372,-0.000269257,5.2863324e-23,-22.5,6.0,0.0
0.0002214711,0.050036035,-6.17858e-05,-1.7765173e-23,-22.25,6.0,0.0
0.0002097218,0.050052717,0.00023422949,-3.03213e-23,-22.0,6.0,0.0
0.00021168354,0.050220974,-0.00025410904,7.7046846e-23,-21.75,6.0,0.0
0.00021740822,0.05030348,-3.1944306e-05,-1.19329585e-23,-21.5,6.0,0.0
0.00022114387,0.049951516,0.00039161788,-3.2029722e-23,-21.25,6.0,0.0
0.00020631398,0.04990366,-2.0312844e-05,-2.2205564e-23,-21.0,6.0,0.0
0.00021283847,0.05010385,0.0009437327,-4.4530125e-24,-20.75,6.0,0.0
0.00022263477,0.049827147,-1.2139091e-05,6.119864000000001e-23,-20.5,6.0,0.0
0.00020820425,0.04993284,0.00032810913,-6.530645e-24,-20.25,6.0,0.0
0.00021272068,0.05009274,-5.509553e-05,-1.3605263e-23,-20.0,6.0,0.0
0.0002213811,0.050086983,-0.00023198174,5.1700808e-23,-19.75,6.0,0.0
0.00022364699,0.049639378,0.00056253467,-3.615771e-23,-19.5,6.0,0.0
0.00021084936,0.050208926,0.00030525238,-3.7379537e-23,-19.25,6.0,0.0
0.00021698794,0.050121635,-0.00027633755,-3.837166e-23,-19.0,6.0,0.0
0.00022101357,0.049968407,0.00033140718,-3.7107107999999997e-23,-18.75,6.0,0.0
0.00019902061,0.05037262,0.00072521967,1.3533218e-23,-18.5,6.0,0.0
0.0002185501,0.050125085,5.4557808e-05,1.6683209e-23,-18.25,6.0,0.0
0.00020189086,0.050050076,-0.0002511032,-2.1697613e-23,-18.0,6.0,0.0
0.00021875062,0.050046455,0.00032426417,-5.696944000000001e-23,-17.75,6.0,0.0
0.00022471568,0.050135665,0.0003407942,-1.2100565e-23,-17.5,6.0,0.0
0.00021535468,0.04990835,-0.00016188936,-3.244099e-24,-17.25,6.0,0.0
0.0002085427,0.050014917,0.00021107437,2.0260094e-23,-17.0,6.0,0.0
0.00022009943,0.049860206,-1.4454592e-05,2.9301727e-23,-16.75,6.0,0.0
0.00021964304,0.049768023,-0.0002652842,6.263692000000001e-23,-16.5,6.0,0.0
0.00020157026,0.05014766,0.00046827737,2.670298e-23,-16.25,6.0,0.0
0.00020237852,0.05020824,0.00066852546,-3.6728354e-24,-16.0,6.0,0.0
0.00022783142,0.050254565,0.00037190097,2.6179176e-23,-15.75,6.0,0.0
0.00021170705,0.050263155,0.00016378053,6.948378000000001e-23,-15.5,6.0,0.0
0.00020988242,0.050083682,0.0007557492,-2.7991057000000002e-24,-15.25,6.0,0.0
0.00021169706,0.050268956,0.0005399708,1.818361e-23,-15.0,6.0,0.0
0.00020297861,0.050071042,0.00028999592,-5.6072233e-25,-14.75,6.0,0.0
0.00018584092,0.050383627,0.0007415124,3.3654245e-23,-14.5,6.0,0.0
0.00021003526,0.050183065,0.00021210033,2.37045e-23,-14.25,6.0,0.0
0.00021036596,0.050244313,0.00020900904,6.7185226e-23,-14.0,6.0,0.0
0.00020095299,0.049986046,0.00080414256,1.1077122e-23,-13.75,6.0,0.0
0.00020784336,0.050491754,0.00035818527,4.2175874e-23,-13.5,6.0,0.0
0.00019809716,0.04995715,0.00042800698,3.2928998e-23,-13.25,6.0,0.0
0.00019727598,0.05034907,0.0006692286,6.054009e-24,-13.0,6.0,0.0
0.00020622145,0.050557297,0.00084460666,-7.819736000000001e-23,-12.75,6.0,0.0
0.0002016506,0.050251782,0.000508829,-4.8799313999999996e-23,-12.5,6.0,0.0
0.00019977728,0.050368465,0.0004732887,3.6222827e-23,-12.25,6.0,0.0
0.0001898275,0.050364673,0.0005639037,5.9455247000000005e-24,-12.0,6.0,0.0
0.0001926906,0.050369028,0.0010487786,-1.6572083999999998e-23,-11.75,6.0,0.0
0.00019826717,0.05034677,0.0011599753,4.3262218e-23,-11.5,6.0,0.0
0.00020416858,0.050432578,0.0007624456,5.1516090000000004e-23,-11.25,6.0,0.0
0.0001747188,0.050517917,0.0011932962,1.0267196000000001e-22,-11.0,6.0,0.0
0.00021006618,0.050532438,0.0016448104,-2.4548493e-23,-10.75,6.0,0.0
0.00018716989,0.050470605,0.000973352,-3.2271227e-23,-10.5,6.0,0.0
0.0001868373,0.05075861,0.0011282356,5.8448143e-23,-10.25,6.0,0.0
0.00018237554,0.05059874,0.001625835,-8.796640000000001e-23,-10.0,6.0,0.0
0.0002218801,0.05009213,-0.00022712443,-6.1657116000000005e-24,-24.75,6.6667,0.0
0.00021307278,0.049886663,8.615025e-05,-2.2267335e-23,-25.0,6.6667,0.0
0.0002193613,0.049855106,-0.00026174495,-4.477095e-24,-24.5,6.6667,0.0
0.0002423292,0.04985847,-0.00025513256,-2.4714141e-23,-24.25,6.6667,0.0
0.00020867519,0.0501327,-0.0003462306,-9.834928e-23,-24.0,6.6667,0.0
0.00021053589,0.049924955,-4.1682128e-05,4.505264e-23,-23.75,6.6667,0.0
0.00022259196,0.049960673,0.00040228246,1.6142442e-23,-23.5,6.6667,0.0
0.00020855508,0.050017003,-0.00028793374,-4.8544152e-23,-23.25,6.6667,0.0
0.00021922059,0.04990089,0.0005259244,4.8083370000000003e-23,-23.0,6.6667,0.0
0.00020640141,0.049982976,0.00013036223,1.1435706e-23,-22.75,6.6667,0.0
0.00021245224,0.049969897,-0.00010962505,-6.122710499999999e-23,-22.5,6.6667,0.0
0.00021477489,0.049787078,6.9377e-05,6.5663116e-23,-22.25,6.6667,0.0
0.00020442683,0.050176434,-8.7514054e-05,6.776704000000001e-23,-22.0,6.6667,0.0
0.00021938638,0.05017726,-0.00025297253,-4.928702e-24,-21.75,6.6667,0.0
0.00023068937,0.05001648,4.8302172e-05,6.79696e-24,-21.5,6.6667,0.0
0.0002260428,0.04992523,-0.00029657222,8.374964000000001e-23,-21.25,6.6667,0.0
0.00020960603,0.050049677,0.0002527642,7.592356e-23,-21.0,6.6667,0.0
0.00020776333,0.050080888,0.00020768866,2.3020779e-23,-20.75,6.6667,0.0
0.0002239804,0.050026853,5.686737e-05,3.3912184e-23,-20.5,6.6667,0.0
0.00020002197,0.050090373,-0.00010804122,9.048823000000001e-23,-20.25,6.6667,0.0
0.00022931253,0.049920686,-5.4346543e-05,1.3440221e-23,-20.0,6.6667,0.0
0.00022674962,0.04992618,-0.00010902528,1.909927e-24,-19.75,6.6667,0.0
0.00021459511,0.049900353,-0.00010218669,-6.021374000000001e-23,-19.5,6.6667,0.0
0.00020443545,0.050258692,-0.00015702742,1.0541706e-24,-19.25,6.6667,0.0
0.00020138595,0.05001843,1.2907432e-05,-5.496419000000001e-23,-19.0,6.6667,0.0
0.00020421727,0.050052874,0.00041168847,-1.3914622999999998e-23,-18.75,6.6667,0.0
0.00021964166,0.05013206,0.00032471714,3.8125837e-24,-18.5,6.6667,0.0
0.00021594891,0.050126463,2.5153626e-05,-8.566369e-23,-18.25,6.6667,0.0
0.00022387272,0.050064273,0.00022597192,-2.3360884999999998e-23,-18.0,6.6667,0.0
0.00023006184,0.050129697,0.00048691826,-1.8533410000000003e-23,-17.75,6.6667,0.0
0.00021397726,0.049904943,8.465024e-06,-3.9047933e-23,-17.5,6.6667,0.0
0.00019955564,0.049965106,-0.00020156772,8.057842e-24,-17.25,6.6667,0.0
0.00020214447,0.050380573,0.00036655576,-1.6129226999999998e-23,-17.0,6.6667,0.0
0.0002133125,0.050022144,0.00034254696,3.3954694e-23,-16.75,6.6667,0.0
0.00021277479,0.050338067,0.00020819856,-3.8797290000000004e-23,-16.5,6.6667,0.0
0.00020618383,0.049895413,0.00063939905,-2.0988547e-23,-16.25,6.6667,0.0
0.00020544403,0.050024707,-0.00018655637,3.310015e-23,-16.0,6.6667,0.0
0.00020193224,0.04994112,4.7821784e-05,2.7401424e-23,-15.75,6.6667,0.0
0.0001947062,0.050241824,-0.00019016629,1.3656492e-23,-15.5,6.6667,0.0
0.0002145388,0.05033951,3.0291267e-05,-9.0848314e-24,-15.25,6.6667,0.0
0.00020442644,0.050358757,-0.00012827944,-5.4035393999999995e-25,-15.0,6.6667,0.0
0.0002023752,0.050162144,0.0003952505,4.8131875e-24,-14.75,6.6667,0.0
0.00021290978,0.050138485,0.0004820295,2.5722167e-23,-14.5,6.6667,0.0
0.00018679886,0.050145753,0.0002149099,-3.9292083e-23,-14.25,6.6667,0.0
0.00019636116,0.050162483,0.0005757455,-6.906398e-23,-14.0,6.6667,0.0
0.00019680159,0.050581045,0.00027356204,-2.7491940000000003e-23,-13.75,6.6667,0.0
0.0001963124,0.050248884,0.0006478308,-3.5450412e-23,-13.5,6.6667,0.0
0.00020079712,0.05050692,0.00081867835,3.3204708e-23,-13.25,6.6667,0.0
0.00018878026,0.05037671,0.00039417204,-8.574677999999999e-24,-13.0,6.6667,0.0
0.00019551789,0.05058644,0.0005974765,9.948180000000001e-24,-12.75,6.6667,0.0
0.00019902374,0.05036155,0.0006485204,2.5260109e-23,-12.5,6.6667,0.0
0.00018101715,0.050497204,0.0006176182,6.980609000000001e-23,-12.25,6.6667,0.0
0.00020848407,0.05083417,0.00030846117,7.1579497e-23,-12.0,6.6667,0.0
0.00019096538,0.050839715,0.0005562445,-1.9768122e-23,-11.75,6.6667,0.0
0.00018726624,0.05031848,0.0007822295,-4.1955788e-23,-11.5,6.6667,0.0
0.00019393851,0.05049374,0.0007305144,-7.548634000000001e-23,-11.25,6.6667,0.0
0.00016167408,0.050783753,0.0008262021,-4.1794506999999997e-23,-11.0,6.6667,0.0
0.00018704173,0.05085754,0.0006534555,6.849663000000001e-23,-10.75,6.6667,0.0
0.00018700371,0.05056029,0.0011304915,-3.3459725e-23,-10.5,6.6667,0.0
0.00017565188,0.0508783,0.0006773786,-2.2873533e-23,-10.25,6.6667,0.0
0.00017977334,0.050873358,0.0014704971,6.396574e-23,-10.0,6.6667,0.0
0.00020956053,0.049811605,-2.0536128e-05,2.0716169e-23,-24.75,7.3333,0.0
0.0002248028,0.049814247,-0.00017120465,-2.0828603999999998e-23,-25.0,7.3333,0.0
0.00022052543,0.05016875,0.00026198593,-3.6056977e-23,-24.5,7.3333,0.0
0.00021945202,0.049845822,0.00024064956,-3.0610430000000005e-23,-24.25,7.3333,0.0
0.00022633636,0.049838673,-6.3959276e-05,-5.2530513e-23,-24.0,7.3333,0.0
0.00021339767,0.049967587,0.00022892683,7.4141654e-23,-23.75,7.3333,0.0
0.00022295534,0.04969217,8.858822e-05,2.0783115e-23,-23.5,7.3333,0.0
0.00023188864,0.05010503,0.00033997116,-2.917113e-23,-23.25,7.3333,0.0
0.00022156545,0.050332386,-0.00024720744,-1.8615502e-23,-23.0,7.3333,0.0
0.00020675972,0.050170045,2.5877729e-05,-3.954907e-24,-22.75,7.3333,0.0
0.00020100923,0.05003486,-0.00027806032,1.09510554e-23,-22.5,7.3333,0.0
0.00021538931,0.050022095,-8.469378e-05,3.3766680000000005e-23,-22.25,7.3333,0.0
0.00021499018,0.049971074,-1.2950972e-05,-2.8533793000000002e-24,-22.0,7.3333,0.0
0.00021826323,0.049853813,7.893957e-05,2.658479e-23,-21.75,7.3333,0.0
0.00020571091,0.05000925,0.00032184762,-5.455509599999999e-23,-21.5,7.3333,0.0
0.00021243285,0.049809232,9.1604445e-05,3.5579646e-23,-21.25,7.3333,0.0
0.00021654827,0.04998927,0.00013658032,1.6493516e-23,-21.0,7.3333,0.0
0.00021266451,0.050101012,2.9680552e-05,-5.5034875e-23,-20.75,7.3333,0.0
0.00020646541,0.05001068,-0.0002711356,1.9026164e-23,-20.5,7.3333,0.0
0.00020830298,0.049877174,0.00029231748,-3.5916597e-23,-20.25,7.3333,0.0
0.00022297741,0.050174713,0.0001776261,-2.4148231e-23,-20.0,7.3333,0.0
0.00020377923,0.050259776,-7.076119e-05,2.4396375e-24,-19.75,7.3333,0.0
0.0002192945,0.050038632,-0.00021484215,5.2513674999999997e-23,-19.5,7.3333,0.0
0.00021246624,0.050131213,0.00016233383,-2.0554307e-23,-19.25,7.3333,0.0
0.00019946211,0.050120015,0.00020134612,2.2271777e-23,-19.0,7.3333,0.0
0.00021920798,0.050005604,9.112363e-05,-3.7802820000000003e-23,-18.75,7.3333,0.0
0.00021230563,0.050082862,4.1583087e-05,-7.510562e-24,-18.5,7.3333,0.0
0.00020568952,0.049993116,-0.00066395395,1.3903844e-23,-18.25,7.3333,0.0
0.00021099752,0.050034434,-0.00011515315,-1.0933991e-23,-18.0,7.3333,0.0
0.00020470885,0.05017396,-1.1774711e-05,7.197991e-23,-17.75,7.3333,0.0
0.00021206841,0.050102815,0.00075555826,-6.276758e-23,-17.5,7.3333,0.0
0.00021850003,0.050214816,0.00035894813,2.6709988e-23,-17.25,7.3333,0.0
0.00021396525,0.05026348,0.00093326665,-5.9896883e-23,-17.0,7.3333,0.0
0.00021996924,0.050305706,3.5004225e-05,1.4435271e-23,-16.75,7.3333,0.0
0.00020254955,0.0500934,0.00021051709,-3.4501166e-23,-16.5,7.3333,0.0
0.00020573061,0.04996517,0.0005340576,-2.0758679e-23,-16.25,7.3333,0.0
0.00021252396,0.05031052,0.00023608911,-2.2714095e-23,-16.0,7.3333,0.0
0.00022320295,0.050348364,0.00038979284,1.7626056e-24,-15.75,7.3333,0.0
0.00019825001,0.050208226,0.0008135997,-1.2493991999999999e-23,-15.5,7.3333,0.0
0.00018876241,0.050121978,0.0001795541,9.5417586e-24,-15.25,7.3333,0.0
0.00021399112,0.05035256,1.2270641e-05,5.812852000000001e-23,-15.0,7.3333,0.0
0.0002058266,0.05056586,4.6668574e-05,4.5443810000000004e-23,-14.75,7.3333,0.0
0.00019168557,0.05024468,0.00068846275,1.385058e-23,-14.5,7.3333,0.0
0.00020107788,0.05006253,0.0001547169,-1.04743966e-22,-14.25,7.3333,0.0
0.00019927623,0.050294653,0.0002913326,1.1780054e-22,-14.0,7.3333,0.0
0.0001971936,0.05032178,0.0001196675,-7.733765e-24,-13.75,7.3333,0.0
0.0001892669,0.05068298,0.00032496802,-5.6335523e-24,-13.5,7.3333,0.0
0.00019176595,0.050078686,0.00047668302,6.7394975e-24,-13.25,7.3333,0.0
0.0002051655,0.050497606,0.00031805108,5.08396e-23,-13.0,7.3333,0.0
0.00018805105,0.050483324,0.0001749881,3.7477330000000004e-23,-12.75,7.3333,0.0
0.00018929469,0.050370805,0.00017653592,-1.2362018e-23,-12.5,7.3333,0.0
0.00016951727,0.050321907,0.000338519,-2.3850704999999998e-23,-12.25,7.3333,0.0
0.00017854826,0.05046635,-1.7566897e-05,-5.2841210000000004e-23,-12.0,7.3333,0.0
0.00018712675,0.050518744,8.922536e-05,2.5966751e-23,-11.75,7.3333,0.0
0.0001780456,0.050721586,0.00065288786,-4.0657563e-23,-11.5,7.3333,0.0
0.0001722125,0.05071281,0.0003239531,-6.0243566e-23,-11.25,7.3333,0.0
0.00015946518,0.050758407,0.0010271047,-1.783535e-23,-11.0,7.3333,0.0
0.00016007396,0.051326185,0.00093304913,-6.4340455e-23,-10.75,7.3333,0.0
0.00017700947,0.050930373,0.0008727264,-2.2171661e-23,-10.5,7.3333,0.0
0.000168142,0.051032588,0.001089704,-4.1335403e-23,-10.25,7.3333,0.0
0.00015299379,0.050929904,0.0007368095,8.815488000000001e-23,-10.0,7.3333,0.0
0.00021569645,0.050219618,-0.00013412221,2.846826e-23,-24.75,8.0,0.0
0.00021739458,0.050082125,-8.72002e-05,-4.158592e-23,-25.0,8.0,0.0
0.00020855403,0.049810644,-0.00047012605,3.364036e-23,-24.5,8.0,0.0
0.00021718835,0.049995273,-0.00012955954,4.3872783e-24,-24.25,8.0,0.0
0.00023476711,0.049803846,-0.0005410578,-9.034565000000001e-23,-24.0,8.0,0.0
0.0002044139,0.049706258,0.000103908125,-7.316994e-24,-23.75,8.0,0.0
0.00022534182,0.050139107,0.00059101917,6.2185665e-23,-23.5,8.0,0.0
0.00021530187,0.050091103,0.00021328306,8.365752499999999e-23,-23.25,8.0,0.0
0.0002122925,0.04982336,-3.825035e-05,1.9744949e-23,-23.0,8.0,0.0
0.00019565268,0.049907405,-0.0006314295,-3.378493e-23,-22.75,8.0,0.0
0.00020606113,0.050328515,-0.00011176852,-6.828027e-23,-22.5,8.0,0.0
0.00021937114,0.049925186,-3.5259873e-06,3.8108430000000003e-23,-22.25,8.0,0.0
0.00020622367,0.050038017,0.00020398945,-5.0516683e-23,-22.0,8.0,0.0
0.00022224765,0.050297126,-0.00033828756,3.3159295e-24,-21.75,8.0,0.0
0.00021172267,0.05003284,1.4543533e-05,4.079499e-23,-21.5,8.0,0.0
0.0002208194,0.049815632,-0.00014096883,-3.5067934e-23,-21.25,8.0,0.0
0.00020403422,0.050165214,9.634532e-06,-1.7905804999999998e-23,-21.0,8.0,0.0
0.00020992864,0.049975257,-0.00028362824,5.897726e-24,-20.75,8.0,0.0
0.00019234658,0.049964037,0.0004907879,2.7216042e-23,-20.5,8.0,0.0
0.000201916,0.049963444,0.000121180754,-9.936795000000001e-23,-20.25,8.0,0.0
0.00023145255,0.049990945,3.1573698e-05,8.04209e-24,-20.0,8.0,0.0
0.0002251252,0.05012645,-0.00048774783,-4.0255433e-23,-19.75,8.0,0.0
0.00020381714,0.050191857,-0.0004219482,5.464521499999999e-23,-19.5,8.0,0.0
0.00021245086,0.05013425,-0.00043091885,6.7303845e-24,-19.25,8.0,0.0
0.0002259711,0.050106753,2.9701187e-05,-1.2266295e-23,-19.0,8.0,0.0
0.00020801356,0.050065935,8.72009e-06,-1.4301783e-23,-18.75,8.0,0.0
0.0002046979,0.050141063,-8.4020896e-05,-1.4281386e-23,-18.5,8.0,0.0
0.00021691342,0.05020788,0.00019376026,1.9776957e-23,-18.25,8.0,0.0
0.0002056266,0.05018761,-0.00014209165,-2.6375825999999998e-23,-18.0,8.0,0.0
0.00021663301,0.04962864,0.00038126798,2.9755630000000005e-23,-17.75,8.0,0.0
0.00020438242,0.050325196,-3.830323e-05,1.4253316e-23,-17.5,8.0,0.0
0.0002121897,0.050089862,-6.820867e-05,-5.380435e-23,-17.25,8.0,0.0
0.00021273464,0.050013486,0.00042491686,3.1648645e-23,-17.0,8.0,0.0
0.00020905546,0.05036268,0.0005803099,3.9725217999999996e-23,-16.75,8.0,0.0
0.00020078148,0.050109282,0.00044821273,-9.755950000000001e-24,-16.5,8.0,0.0
0.0002015535,0.050170653,0.00038972753,8.5263116e-23,-16.25,8.0,0.0
0.00020951766,0.050066527,-0.00032252097,-6.1464154e-23,-16.0,8.0,0.0
0.00021330107,0.05011043,0.00033096166,3.5109864e-24,-15.75,8.0,0.0
0.00020732613,0.050220598,0.00043600478,2.0053475e-23,-15.5,8.0,0.0
0.0002106663,0.05030471,0.00036524143,2.4762508e-23,-15.25,8.0,0.0
0.00020181588,0.050213657,-6.715942e-05,7.385953e-24,-15.0,8.0,0.0
0.00020122468,0.050564505,-0.00019317004,-1.2867773e-23,-14.75,8.0,0.0
0.00019545469,0.05009485,-5.626725e-05,4.6458228e-25,-14.5,8.0,0.0
0.00019938599,0.05040251,0.0006596478,-3.1742753e-23,-14.25,8.0,0.0
0.00020212024,0.050380476,2.7768314e-05,-1.7821823e-23,-14.0,8.0,0.0
0.00019294654,0.05060655,7.006014e-05,-4.3718293e-23,-13.75,8.0,0.0
0.00019909276,0.050247803,0.00046871556,-2.905684e-24,-13.5,8.0,0.0
0.00020194061,0.05034838,0.000621121,2.940674e-23,-13.25,8.0,0.0
0.00020343222,0.05070189,0.00039607612,1.479335e-23,-13.0,8.0,0.0
0.0001831002,0.050563168,7.9893915e-05,8.987208e-25,-12.75,8.0,0.0
0.0001790586,0.050622035,0.00023942348,-9.7239665e-24,-12.5,8.0,0.0
0.00018992144,0.050793722,4.7707e-06,-2.7118842e-23,-12.25,8.0,0.0
0.00017170199,0.050865408,0.00047914078,2.6989645e-23,-12.0,8.0,0.0
0.00016588444,0.05091607,5.066162e-05,2.3609654e-23,-11.75,8.0,0.0
0.00017318032,0.05056461,0.0002474445,6.964796e-24,-11.5,8.0,0.0
0.0001802798,0.051022932,0.0007615315,6.842062e-24,-11.25,8.0,0.0
0.00017562843,0.05113724,0.0005765205,-4.1051060000000002e-25,-11.0,8.0,0.0
0.00016308582,0.050991487,0.0006363961,3.8784668e-23,-10.75,8.0,0.0
0.00014736134,0.05106224,0.00040353235,-1.4744605e-23,-10.5,8.0,0.0
0.00014589634,0.051496737,0.00065835705,-7.159373400000001e-24,-10.25,8.0,0.0
0.00015400158,0.051072814,0.0013252506,3.4931607e-23,-10.0,8.0,0.0
0.00022644298,0.050022215,7.284252e-05,-1.9071213999999998e-23,-24.75,8.6667,0.0
0.000223878,0.050092984,-0.00018780335,-2.8971718e-23,-25.0,8.6667,0.0
0.00022275654,0.050134517,0.00036848884,-1.0796565e-23,-24.5,8.6667,0.0
0.00021336248,0.049922816,6.896537e-05,3.702812e-24,-24.25,8.6667,0.0
0.00020508884,0.050193712,-0.00022303965,-5.3629415000000004e-24,-24.0,8.6667,0.0
0.00021531609,0.050025605,-0.00019893027,3.41703e-23,-23.75,8.6667,0.0
0.00021120814,0.050212704,6.5210275e-05,-7.63574e-23,-23.5,8.6667,0.0
0.00022475336,0.049989503,-0.0007390136,-3.7949e-23,-23.25,8.6667,0.0
0.00022498086,0.049923837,0.00017730333,-4.0867236e-23,-23.0,8.6667,0.0
0.0001994261,0.050212905,-0.00024957675,4.9048317e-23,-22.75,8.6667,0.0
0.00021186212,0.05010031,0.00027723616,-6.17644e-24,-22.5,8.6667,0.0
0.00021105996,0.049957946,0.00011617015,-2.8553020000000005e-23,-22.25,8.6667,0.0
0.0002291455,0.049956366,0.00029279297,-4.3032172999999996e-23,-22.0,8.6667,0.0
0.00020006429,0.050120592,0.0003719374,-1.9097073e-23,-21.75,8.6667,0.0
0.00020110929,0.050016228,-0.00020618626,4.6596057e-24,-21.5,8.6667,0.0
0.00021220637,0.05005811,-4.045409e-05,-3.8628335e-23,-21.25,8.6667,0.0
0.00021455181,0.05009157,0.0008405964,-9.434511e-24,-21.0,8.6667,0.0
0.00020479721,0.05030192,-0.00047880365,-3.287432e-23,-20.75,8.6667,0.0
0.00021376235,0.05006691,-0.0002545942,-3.329417e-23,-20.5,8.6667,0.0
0.00022489212,0.05013611,-0.00042977044,-4.7013329999999996e-24,-20.25,8.6667,0.0
0.00021092716,0.05013214,0.00019220356,4.3402515e-23,-20.0,8.6667,0.0
0.0002039501,0.049939554,-6.798841e-05,4.1221352e-23,-19.75,8.6667,0.0
0.00021010128,0.05038743,-0.00055717863,-1.7946510000000002e-23,-19.5,8.6667,0.0
0.00021014607,0.05052851,-0.00047525286,5.9431493e-23,-19.25,8.6667,0.0
0.00020981472,0.050001018,-0.00014092535,-1.2487282e-22,-19.0,8.6667,0.0
0.00021308694,0.05010898,-0.00016791384,-6.412952000000001e-23,-18.75,8.6667,0.0
0.00021045642,0.050249353,5.380402e-05,-1.2039153e-23,-18.5,8.6667,0.0
0.00019908999,0.05002509,-5.7685655e-05,2.3984400000000002e-23,-18.25,8.6667,0.0
0.00021154172,0.05015473,7.432839e-05,-4.827349e-24,-18.0,8.6667,0.0
0.00022669075,0.049994975,6.7264074e-05,3.340249e-23,-17.75,8.6667,0.0
0.0001890487,0.05013884,-0.00010826858,-9.095049e-24,-17.5,8.6667,0.0
0.00020295118,0.050200798,-1.8091407e-05,6.7094955e-24,-17.25,8.6667,0.0
0.00019178198,0.04992901,-0.00011080585,4.0282040000000006e-23,-17.0,8.6667,0.0
0.00021701495,0.05010338,-2.4164561e-05,-4.9209825e-23,-16.75,8.6667,0.0
0.00019626509,0.050212786,7.434096e-05,5.2339065999999997e-23,-16.5,8.6667,0.0
0.00021117536,0.05020927,-9.41772e-05,-4.2628377e-23,-16.25,8.6667,0.0
0.00021363496,0.050213113,-2.907589e-05,5.2395510000000004e-23,-16.0,8.6667,0.0
0.00020747242,0.050437145,-0.0001576487,6.394181000000001e-23,-15.75,8.6667,0.0
0.00019406361,0.050355054,0.0002962179,6.5662005000000004e-24,-15.5,8.6667,0.0
0.00019652469,0.050259247,0.0009003537,-1.760114e-23,-15.25,8.6667,0.0
0.00021049763,0.05036703,-0.00015768677,5.649273e-23,-15.0,8.6667,0.0
0.00018413093,0.050294034,5.4558623e-05,7.4831674e-23,-14.75,8.6667,0.0
0.00020780285,0.05025363,0.00023403997,2.0141197e-23,-14.5,8.6667,0.0
0.00017753488,0.050550126,0.00040722545,1.1801723000000002e-22,-14.25,8.6667,0.0
0.00019507081,0.050443195,0.0007459328,9.234141e-24,-14.0,8.6667,0.0
0.00019464658,0.050489515,0.00021785358,8.720132e-25,-13.75,8.6667,0.0
0.00018608534,0.050608613,0.00068839826,-1.9105328e-23,-13.5,8.6667,0.0
0.00018553597,0.050878633,0.00020665722,1.2106225500000001e-23,-13.25,8.6667,0.0
0.00018325138,0.05102761,-0.00019897963,-3.3265696e-23,-13.0,8.6667,0.0
0.00018992666,0.05078756,0.0003138464,-4.1297285e-23,-12.75,8.6667,0.0
0.00017842451,0.050779164,0.00026518642,-7.965930000000001e-23,-12.5,8.6667,0.0
0.00018292025,0.050563514,0.0005431238,2.7810086e-23,-12.25,8.6667,0.0
0.00017304052,0.050720997,-0.00038672122,8.667625e-24,-12.0,8.6667,0.0
0.00017085971,0.05057147,0.0005303328,-1.7919480000000002e-23,-11.75,8.6667,0.0
0.00016713962,0.0508343,0.0004734423,5.0582418e-23,-11.5,8.6667,0.0
0.00015876733,0.050680462,0.0008196072,5.0450798e-23,-11.25,8.6667,0.0
0.00016174263,0.051041953,-1.9869767e-06,-5.0131404e-23,-11.0,8.6667,0.0
0.00015384285,0.051091343,0.0007664277,-2.9128107999999997e-23,-10.75,8.6667,0.0
0.00016964154,0.05120859,0.00077321474,-2.6632373e-23,-10.5,8.6667,0.0
0.00015182832,0.05106619,0.0004592766,2.7623713e-23,-10.25,8.6667,0.0
0.00014876202,0.051215004,6.3251005e-05,1.3666252e-23,-10.0,8.6667,0.0
0.00021981797,0.049920242,7.116981e-05,-3.2715766e-23,-24.75,9.3333,0.0
0.00023797314,0.049939454,0.00018394412,3.2508240000000004e-23,-25.0,9.3333,0.0
0.00021341088,0.04995005,-0.0005086269,4.2564722e-23,-24.5,9.3333,0.0
0.000216056,0.050025694,0.000108842505,2.3257426e-23,-24.25,9.3333,0.0
0.00022020412,0.049949665,0.00043385406,4.5812144e-23,-24.0,9.3333,0.0
0.00020975561,0.049773194,-0.00016834703,4.5012252e-23,-23.75,9.3333,0.0
0.00020447987,0.049998842,0.00011637295,7.687948e-23,-23.5,9.3333,0.0
0.0002155073,0.04978115,0.0003192965,-4.8157420000000005e-23,-23.25,9.3333,0.0
0.00020663379,0.049988423,-0.0001319903,2.0659220000000002e-23,-23.0,9.3333,0.0
0.0002239561,0.050007343,-3.1230738e-06,2.4982884e-23,-22.75,9.3333,0.0
0.00022387595,0.049866237,-1.7606566e-05,3.1623503e-23,-22.5,9.3333,0.0
0.00022666229,0.04988259,-0.000113253045,3.929411e-24,-22.25,9.3333,0.0
0.0002137274,0.049885735,-4.464481e-05,7.147433e-23,-22.0,9.3333,0.0
0.00022068663,0.049700104,-0.00032571936,-3.1092662e-23,-21.75,9.3333,0.0
0.00022867232,0.050003715,-0.0004683924,1.2006078e-23,-21.5,9.3333,0.0
0.00020858456,0.04979177,-0.00021936744,6.6342924e-23,-21.25,9.3333,0.0
0.00020934557,0.049968056,-7.59582e-05,-3.916439e-23,-21.0,9.3333,0.0
0.00020525468,0.04973575,0.00017661182,-3.9730316999999997e-23,-20.75,9.3333,0.0
0.00021645633,0.04986372,2.508401e-05,-4.7452117e-23,-20.5,9.3333,0.0
0.00020524325,0.04953012,0.0003974745,5.833552e-23,-20.25,9.3333,0.0
0.00021644449,0.04977637,-0.0003315315,-6.203693e-23,-20.0,9.3333,0.0
0.00020855095,0.050243802,-0.0001637711,-1.0303508e-23,-19.75,9.3333,0.0
0.00020543963,0.049848422,0.00029220153,-2.5802239e-23,-19.5,9.3333,0.0
0.00022389811,0.05002206,-0.00020196289,3.0983300000000004e-23,-19.25,9.3333,0.0
0.0002250158,0.049724117,0.0004250328,-2.2159166e-23,-19.0,9.3333,0.0
0.00021740659,0.05011469,2.4235342e-05,1.8108460000000002e-23,-18.75,9.3333,0.0
0.00020848801,0.04979743,-7.1385875e-05,-6.8495505e-23,-18.5,9.3333,0.0
0.0002141544,0.04967886,-5.371729e-05,-6.3408766e-24,-18.25,9.3333,0.0
0.00019274946,0.049686827,-9.312434e-05,-2.4501034999999998e-23,-18.0,9.3333,0.0
0.0002108179,0.049858294,7.417612e-05,-6.9283443999999995e-25,-17.75,9.3333,0.0
0.00020480785,0.04993327,3.0857045e-05,2.352936e-23,-17.5,9.3333,0.0
0.00021743034,0.05017203,-8.762069e-05,-5.326649e-23,-17.25,9.3333,0.0
0.00021368996,0.05001607,-0.00028438796,-7.1570056e-23,-17.0,9.3333,0.0
0.00021307492,0.049955487,-7.4178446e-05,1.8362713e-23,-16.75,9.3333,0.0
0.00019727525,0.04976317,0.00036448007,5.2928981999999996e-23,-16.5,9.3333,0.0
0.0001945733,0.049945608,0.00039714307,2.2312924e-23,-16.25,9.3333,0.0
0.00020010938,0.05011314,7.270009e-05,1.1774727e-23,-16.0,9.3333,0.0
0.00020385113,0.049867157,-3.7044752e-05,-8.499276000000001e-23,-15.75,9.3333,0.0
0.00020993066,0.050113402,-0.0001098963,-1.8571174e-23,-15.5,9.3333,0.0
0.00018877097,0.05014033,-7.176981e-05,-1.1447051000000001e-22,-15.25,9.3333,0.0
0.00018875492,0.05014153,-1.8873718e-05,3.547958e-23,-15.0,9.3333,0.0
0.00020592715,0.05014491,0.00028112903,6.6303065e-23,-14.75,9.3333,0.0
0.0001957345,0.05030387,-0.00023199245,7.969162e-23,-14.5,9.3333,0.0
0.00020480946,0.049914222,0.00029706396,-4.3003870000000006e-23,-14.25,9.3333,0.0
0.00019990296,0.05018654,0.00049304054,5.9936364e-23,-14.0,9.3333,0.0
0.00019153397,0.050325237,0.00029015774,1.4400549e-23,-13.75,9.3333,0.0
0.00017348288,0.05013807,0.00025308738,5.064159e-24,-13.5,9.3333,0.0
0.00019222024,0.050186165,-5.3346157e-06,9.56006e-24,-13.25,9.3333,0.0
0.00018336331,0.04987219,0.00027380776,4.1345904e-24,-13.0,9.3333,0.0
0.000184943,0.05035252,-0.00036751854,-1.9835477e-23,-12.75,9.3333,0.0
0.00018510941,0.050360814,-0.00038210396,6.421959e-26,-12.5,9.3333,0.0
0.00017981138,0.050466936,0.00055094063,-6.8841745e-24,-12.25,9.3333,0.0
0.00016906083,0.050633084,5.425136e-05,-1.1805127e-23,-12.0,9.3333,0.0
0.00015832976,0.050556168,0.0004307176,-9.2735434e-23,-11.75,9.3333,0.0
0.0001570721,0.05066829,0.00019656587,5.2078906e-23,-11.5,9.3333,0.0
0.00015964135,0.05039113,0.00085052114,-6.622231000000001e-23,-11.25,9.3333,0.0
0.00014467107,0.050628636,0.0001551793,-2.2074777e-23,-11.0,9.3333,0.0
0.00015093558,0.050581336,-7.554819e-05,5.504886000000001e-23,-10.75,9.3333,0.0
0.00016213264,0.050748385,0.0003342342,4.0352444e-23,-10.5,9.3333,0.0
0.0001470684,0.050772585,0.0007000477,-2.1581922e-23,-10.25,9.3333,0.0
0.00013062972,0.050992206,0.00030989316,3.235819e-24,-10.0,9.3333,0.0
0.0002235441,-2.9118091e-05,0.00044430792,-3.9016025e-23,-24.75,10.0,0.0
0.00023527366,0.0228514,7.878395e-05,1.4266670000000003e-23,-25.0,10.0,0.0
0.00022352736,3.6143e-05,7.275818e-05,3.501422e-23,-24.5,10.0,0.0
0.00020308017,3.7132762e-05,9.451711e-05,-5.501347000000001e-23,-24.25,10.0,0.0
0.00021298273,-0.00012518093,0.00050299754,3.0251415e-23,-24.0,10.0,0.0
0.00022255565,-0.0001357519,-0.00050975755,1.2408681e-23,-23.75,10.0,0.0
0.00020989493,3.848225e-06,0.0004963627,-5.2319325e-23,-23.5,10.0,0.0
0.00020426538,0.00012936909,-0.0003471854,9.187950000000001e-23,-23.25,10.0,0.0
0.00022133735,-2.2732187e-05,-0.00033213221,-1.1308301999999999e-23,-23.0,10.0,0.0
0.00020125495,-5.5233948e-05,0.0003817943,4.8567830000000004e-23,-22.75,10.0,0.0
0.0002111551,-6.2046165e-06,0.00018220488,-8.378738e-24,-22.5,10.0,0.0
0.00022407169,-0.0002823997,-0.00026151212,-1.2512773e-23,-22.25,10.0,0.0
0.00021032883,-9.263726e-05,0.0002084095,-3.4859454e-23,-22.0,10.0,0.0
0.00022231175,-0.0002015105,-0.0004897483,2.502422e-23,-21.75,10.0,0.0
0.00020519365,0.00022727659,-0.00012984173,5.729669699999999e-23,-21.5,10.0,0.0
0.00022141146,-0.00017677469,0.00034556736,-6.795234999999999e-24,-21.25,10.0,0.0
0.00022225686,3.579515e-05,-0.00038904604,4.0129947e-23,-21.0,10.0,0.0
0.00022908491,0.00010724552,-0.00031068362,7.942614e-23,-20.75,10.0,0.0
0.0002102538,-3.9583072e-05,-0.0003807908,-2.4270612e-23,-20.5,10.0,0.0
0.0002143957,2.4971785e-05,0.00017155195,1.3483614e-23,-20.25,10.0,0.0
0.00021425304,-6.0675666e-07,2.3085158e-05,2.819601e-23,-20.0,10.0,0.0
0.00021115573,-1.5294412e-05,0.0001703049,-5.5306685e-23,-19.75,10.0,0.0
0.00020817135,7.643807e-05,-0.0003760889,3.3920160000000006e-23,-19.5,10.0,0.0
0.00020770237,0.00017322786,0.0005743159,4.49836e-23,-19.25,10.0,0.0
0.00021256358,-8.9045614e-05,-0.0003828454,-5.12179e-24,-19.0,10.0,0.0
0.00020045834,-3.145414e-05,1.8583843e-05,2.0625292e-23,-18.75,10.0,0.0
0.00021386672,1.81176e-05,-0.00033693854,-4.5999792e-23,-18.5,10.0,0.0
0.00021223874,3.0990923e-05,-0.0002593,8.478298e-24,-18.25,10.0,0.0
0.00019406245,-2.89639e-05,0.00016882317,7.028741e-23,-18.0,10.0,0.0
0.00021893822,-0.000105033396,2.9634917e-05,-1.788816e-23,-17.75,10.0,0.0
0.00020819176,-0.000104107574,-0.0001510391,-2.1865558e-23,-17.5,10.0,0.0
0.00021140184,-0.00035401387,0.00017409562,8.233739e-24,-17.25,10.0,0.0
0.0002127715,0.00013531535,7.335206e-05,-4.1154053e-23,-17.0,10.0,0.0
0.00020103963,5.9931073e-05,-0.00015031267,-1.0166991e-23,-16.75,10.0,0.0
0.00019330942,-5.5231183e-05,0.00024802977,1.3987551e-23,-16.5,10.0,0.0
0.00020230447,-4.8452523e-05,0.00016189308,-1.0207152999999999e-23,-16.25,10.0,0.0
0.00021665043,0.00010503223,6.265589e-05,-1.8772920000000003e-23,-16.0,10.0,0.0
0.00020408658,-0.00012295786,-0.00035252143,4.0599452e-23,-15.75,10.0,0.0
0.00020052952,-0.00012570038,4.4851447e-05,2.583021e-24,-15.5,10.0,0.0
0.00020548937,-0.0001300287,-0.00016061359,4.4896914e-23,-15.25,10.0,0.0
0.0001872778,-0.00042833365,-6.5319124e-05,6.5791435e-23,-15.0,10.0,0.0
0.00020121524,0.00013644015,-0.00046470936,3.0370261e-24,-14.75,10.0,0.0
0.00019845735,0.00032078355,5.048327e-05,-5.716370000000001e-24,-14.5,10.0,0.0
0.00018099573,9.34054e-05,0.0001239297,-2.9126512e-23,-14.25,10.0,0.0
0.0002105504,0.00021746987,-2.1434156e-05,1.4837148000000001e-24,-14.0,10.0,0.0
0.0002087856,3.939739e-05,-0.00013773539,2.2187060000000003e-23,-13.75,10.0,0.0
0.00018050487,9.867991e-05,-0.00048052543,3.2440182e-23,-13.5,10.0,0.0
0.0001985702,-0.0002827905,-0.0002487389,-1.4090545e-23,-13.25,10.0,0.0
0.0001666745,0.00021010917,-0.00057628495,-5.2936833e-23,-13.0,10.0,0.0
0.00018568299,0.00021811179,-1.44519145e-05,-2.966748e-25,-12.75,10.0,0.0
0.00017083096,-9.269686e-06,0.000588655,2.3757107999999998e-23,-12.5,10.0,0.0
0.00016704886,-4.917616e-05,0.00040631363,5.692047e-23,-12.25,10.0,0.0
0.0001721639,-0.00013683131,0.00030738272,-4.9853557e-23,-12.0,10.0,0.0
0.00017806496,-1.3755634e-05,-0.00010229292,3.2349406e-23,-11.75,10.0,0.0
0.00018024395,-0.0002523549,7.231673e-05,4.5743230000000006e-23,-11.5,10.0,0.0
0.00016301686,-0.00013340251,-0.00023424719,2.6170593e-23,-11.25,10.0,0.0
0.00015714034,-8.232333e-05,-0.00025908923,1.5208153e-23,-11.0,10.0,0.0
0.00015965858,9.59062e-05,0.00029844165,-3.018674e-23,-10.75,10.0,0.0
0.00013781154,-0.00013602385,0.00046063284,1.2724591500000001e-23,-10.5,10.0,0.0
0.00015248694,0.00016214256,-0.00018370477,-3.8752911999999996e-23,-10.25,10.0,0.0
0.00014990782,8.662767e-05,-0.00021147309,7.728989000000001e-23,-10.0,10.0,0.0
0.00015166317,0.05143754,-3.9809616e-05,2.8784368e-22,-9.078,-9.7286,0.0
0.00014283079,-0.00012678886,-0.00015204959,-3.5508890000000004e-23,-9.3333,-10.0,0.0
0.0001570455,0.05103764,-0.0007300662,3.6179198000000005e-22,-9.7256,-9.7256,0.0
0.00011505729,0.051645815,0.00014721416,-4.695814e-22,-8.4302,-9.7314,0.0
0.00012973309,4.248391e-05,0.00020059408,2.9893915999999997e-23,-8.6667,-10.0,0.0
8.8703586e-05,0.05165109,-0.00012400886,4.6336326e-23,-7.7823,-9.7341,0.0
8.464321e-05,-0.00012167066,-0.00027587265,3.791581e-26,-8.0,-10.0,0.0
6.839339e-05,0.052306157,-0.00019249879,9.065606000000001e-23,-7.1343,-9.7366,0.0
6.079731e-05,6.429735e-05,0.00023590424,-3.3806786e-23,-7.3333,-10.0,0.0
1.0834776e-05,0.052642632,0.00028576516,-1.7697115000000003e-22,-6.4861,-9.7388,0.0
2.819698e-05,-0.00011717202,0.00012260501,-7.186828e-23,-6.6667,-10.0,0.0
-1.3814075e-05,0.053284273,-0.00018764264,-3.1400622e-22,-5.8378,-9.7409,0.0
-5.80067e-06,-1.7043203e-07,-0.00022464711,-3.8554756000000004e-24,-6.0,-10.0,0.0
-4.977183e-05,0.053630255,-8.857553e-05,1.6721916e-22,-5.1895,-9.7428,0.0
-3.257621e-05,3.8086902e-05,0.00022096839,9.258652000000001e-23,-5.3333,-10.0,0.0
-8.368079e-05,0.054413818,-8.552568e-05,3.4057920000000003e-22,-4.541,-9.7445,0.0
-8.211532e-05,-3.2370765e-05,-1.29890395e-05,2.5446255e-23,-4.6667,-10.0,0.0
-0.0001293136,0.054951254,-0.00023060408,9.887661000000001e-23,-3.8924,-9.7459,0.0
-0.00011753344,3.9043865e-05,-4.7065318e-05,2.4025598e-23,-4.0,-10.0,0.0
-0.00019666046,0.055239644,-0.00012154004,4.0039096e-22,-3.2438,-9.7472,0.0
-0.00017355024,-5.39599e-05,7.7807344e-05,2.7083703e-23,-3.3333,-10.0,0.0
-0.0002208751,0.05610386,0.00025559682,6.70969e-23,-2.5951,-9.7482,0.0
-0.00023513002,-0.00019672955,7.340871e-05,2.6992927000000002e-24,-2.6667,-10.0,0.0
-0.00027138076,0.056589395,-0.00066517666,-1.6519283000000001e-22,-1.9464,-9.749,0.0
-0.000260608,-3.2045413e-05,0.0005195006,-4.935114e-24,-2.0,-10.0,0.0
-0.00033249598,0.05695294,0.00012460863,1.2533902e-22,-1.2976,-9.7495,0.0
-0.0003134661,0.00045687892,0.000330925,3.5318551999999997e-23,-1.3333,-10.0,0.0
-0.00036097705,0.057654932,0.00028351857,5.025577e-21,-0.64881,-9.7499,0.0
-0.00036715542,-9.614881e-05,5.6318007e-05,-5.5416627e-23,-0.66667,-10.0,0.0
-0.00039553983,0.057798643,0.00032669213,-1.1610155e-21,0.0,-9.75,0.0
-0.0003817926,-5.4053962e-05,0.0004939253,2.53111e-23,0.0,-10.0,0.0
-0.00042168467,0.05813685,8.960045e-05,-6.4971963e-21,0.64881,-9.7499,0.0
-0.00042017104,0.00013539381,-0.00017850613,6.89471e-23,0.66667,-10.0,0.0
-0.00044004436,0.057850648,0.000246407,2.2198874e-22,1.2976,-9.7495,0.0
-0.0004387456,0.0002915836,0.00022953376,-5.6117886e-23,1.3333,-10.0,0.0
-0.0004485524,0.057812996,-7.684401e-05,-3.7524566e-22,1.9464,-9.749,0.0
-0.00043263202,0.00019622548,0.00020857295,5.815089e-23,2.0,-10.0,0.0
-0.00044771298,0.05774385,0.00054613664,1.0184844e-23,2.5951,-9.7482,0.0
-0.00044990185,1.0377931e-05,-0.00034424383,3.8003106e-23,2.6667,-10.0,0.0
-0.00044220686,0.057339758,0.00030298508,6.646759700000001e-22,3.2438,-9.7472,0.0
-0.00046470846,-6.409356e-05,0.0006223393,3.2125395e-23,3.3333,-10.0,0.0
-0.00043783247,0.0570812,0.00046907365,-3.5852226e-23,3.8924,-9.7459,0.0
-0.00045163542,0.00018080277,0.0006352188,8.633332e-24,4.0,-10.0,0.0
-0.00042151776,0.05656387,0.0005189236,1.2685391e-21,4.541,-9.7445,0.0
-0.00042951043,7.310408e-05,3.940187e-05,1.6501606999999998e-23,4.6667,-10.0,0.0
-0.00040517788,0.056057572,0.00034130574,1.2114844000000001e-21,5.1895,-9.7428,0.0
-0.0003938733,-0.00021889806,0.00033787917,-3.0366222e-23,5.3333,-10.0,0.0
-0.00039055935,0.055398755,4.4252956e-05,-2.4084555e-21,5.8378,-9.7409,0.0
-0.0003934781,0.00013238215,-0.00019151118,6.2801305e-23,6.0,-10.0,0.0
-0.00037946855,0.05511657,-6.284029e-05,-1.2095199999999999e-21,6.4861,-9.7388,0.0
-0.00036514844,-2.696435e-05,0.00022106664,-2.4787852e-23,6.6667,-10.0,0.0
-0.00035361777,0.054409474,0.00039499695,1.3370912000000001e-21,7.1343,-9.7366,0.0
-0.00035688467,0.00018297159,-6.4730644e-05,-7.075767e-24,7.3333,-10.0,0.0
-0.0003450137,0.05397589,-0.00010199589,8.7631264e-23,7.7823,-9.7341,0.0
-0.00035924616,8.644146e-05,0.00020766804,-8.685093500000001e-24,8.0,-10.0,0.0
-0.000306831,0.053945065,0.00037425384,2.1962897000000003e-21,8.4302,-9.7314,0.0
-0.0002995939,-0.00034791336,0.00041870837,4.6857076e-23,8.6667,-10.0,0.0
-0.00032528356,0.053381667,-6.23134e-05,5.132052e-22,9.078,-9.7286,0.0
-0.00032531706,2.4627778e-05,5.5233482e-05,8.149259000000001e-23,9.3333,-10.0,0.0
-0.00031465827,0.054047816,-0.000686483,-1.4305705e-21,9.7256,-9.7256,0.0
-0.00025699183,-0.00014890137,0.00016375585,-1.4620862e-23,10.0,-10.0,0.0
0.00013113994,0.051143527,-0.00043580798,-8.487992e-24,-8.8226,-9.4572,0.0
0.00014569209,0.0513444,-0.00031637785,5.300792e-22,-9.4512,-9.4512,0.0
0.00010324994,0.05188527,-0.00046935584,-3.3527048e-22,-8.1938,-9.4629,0.0
7.051818e-05,0.052581646,-0.0004180828,3.6612776000000004e-22,-7.5646,-9.4682,0.0
4.8731737e-05,0.05279882,-0.00014792205,-1.889106e-23,-6.9352,-9.4731,0.0
2.6693644e-05,0.05356378,-0.0010261923,-2.67787e-22,-6.3056,-9.4777,0.0
-2.9316801e-05,0.053962134,-0.0008199285,-3.0151571e-22,-5.6757,-9.4818,0.0
-4.6348337e-05,0.05482303,-0.0006348549,2.3008934000000004e-22,-5.0456,-9.4856,0.0
-0.00010051822,0.055347625,-0.00030960655,5.260116e-22,-4.4153,-9.4889,0.0
-0.00011985483,0.056285076,-0.00029836674,4.2406517e-22,-3.7848,-9.4918,0.0
-0.00018850158,0.056669798,-0.00028696307,-2.8367282000000004e-22,-3.1542,-9.4943,0.0
-0.00023086541,0.057933517,-0.00033813808,-5.176886e-22,-2.5235,-9.4964,0.0
-0.000261016,0.058544792,0.00014218083,2.4873560000000003e-22,-1.8927,-9.4979,0.0
-0.00033066169,0.05907523,-0.000318442,9.3760296e-23,-1.2619,-9.4991,0.0
-0.00036358493,0.059586447,2.7405331e-05,1.0154467600000001e-20,-0.63094,-9.4998,0.0
-0.0004179972,0.060002185,-0.0001316421,-2.676334e-22,0.0,-9.5,0.0
-0.00042720124,0.060221657,-0.0002396811,-1.0815064999999999e-20,0.63094,-9.4998,0.0
-0.0004349236,0.060748532,0.00057931815,2.0762587e-22,1.2619,-9.4991,0.0
-0.00045482148,0.060191333,-0.0004050496,4.750885e-22,1.8927,-9.4979,0.0
-0.00045539963,0.06039168,-2.2593653e-05,-7.7593055e-22,2.5235,-9.4964,0.0
-0.00047001237,0.060260862,8.7048684e-05,-4.429990400000001e-22,3.1542,-9.4943,0.0
-0.00045746204,0.05996997,0.00042486633,5.6380225e-22,3.7848,-9.4918,0.0
-0.00043395447,0.05985562,0.00074706855,1.6649919000000001e-21,4.4153,-9.4889,0.0
-0.00042241017,0.05941484,0.00046956586,1.1341513000000001e-21,5.0456,-9.4856,0.0
-0.00040428835,0.05902063,0.00033656927,-1.2012409999999999e-21,5.6757,-9.4818,0.0
-0.00038500107,0.058959633,0.00033593946,-1.2131874e-21,6.3056,-9.4777,0.0
-0.00035264608,0.058649264,0.0010002595,1.9693215000000001e-22,6.9352,-9.4731,0.0
-0.00035244104,0.05831956,0.00040046498,-2.3881714000000003e-21,7.5646,-9.4682,0.0
-0.00029833498,0.058096893,0.0008726015,1.6894609e-21,8.1938,-9.4629,0.0
-0.00032152017,0.058113858,0.0004446148,2.9417414e-21,8.8226,-9.4572,0.0
-0.0002925622,0.057655063,6.0266117e-05,-1.5700874e-21,9.4512,-9.4512,0.0
0.0001245939,0.0520757,4.9311668e-05,-1.940954e-22,-8.5673,-9.1858,0.0
0.00013550484,0.051408183,-0.0006818299,1.998209e-22,-9.1768,-9.1768,0.0
9.3664305e-05,0.05197373,-0.00028863412,-2.5141464000000003e-22,-7.9573,-9.1943,0.0
6.970421e-05,0.052664574,-0.00020528678,5.171989e-22,-7.3469,-9.2023,0.0
5.1196243e-05,0.053274952,-0.00080811064,6.0528477e-23,-6.7362,-9.2097,0.0
1.3616678e-05,0.053515106,-0.00033217762,-3.7323092e-23,-6.125,-9.2165,0.0
-1.8939172e-05,0.05399359,-0.00089507026,6.0473949999999995e-24,-5.5135,-9.2228,0.0
-6.1626364e-05,0.055011027,-0.00058646547,2.3449114e-23,-4.9017,-9.2284,0.0
-0.0001011769,0.05553539,-0.0011510884,3.0340949e-22,-4.2896,-9.2334,0.0
-0.0001493989,0.056397386,-0.00085046375,6.487627e-22,-3.6773,-9.2378,0.0
-0.00018664924,0.05707497,-0.0012944455,-7.540144e-22,-3.0647,-9.2415,0.0
-0.00023821388,0.05831135,-0.0010687768,-6.9203347e-22,-2.452,-9.2445,0.0
-0.00028041028,0.05838886,-0.0007233826,6.931994700000001e-22,-1.8391,-9.2469,0.0
-0.00034024267,0.059185326,-6.8933354e-05,1.5833754000000002e-22,-1.2261,-9.2486,0.0
-0.00036505703,0.059830286,-0.000584448,1.5413309e-20,-0.6130800000000001,-9.2497,0.0
-0.00039376577,0.060087007,-0.00033017807,-2.590709e-22,0.0,-9.25,0.0
-0.00043032362,0.060413744,3.470725e-05,-1.5954509999999998e-20,0.6130800000000001,-9.2497,0.0
-0.0004377883,0.060526535,-0.00013685452,1.6019157e-22,1.2261,-9.2486,0.0
-0.00045491522,0.06061434,0.0002177466,9.869737000000001e-22,1.8391,-9.2469,0.0
-0.0004469909,0.060726352,0.00014694338,-1.3231994e-21,2.452,-9.2445,0.0
-0.0004610199,0.060374692,0.00014211988,-1.3086086e-21,3.0647,-9.2415,0.0
-0.0004500792,0.060534842,0.00086773816,1.3468429000000001e-21,3.6773,-9.2378,0.0
-0.000453052,0.05976352,0.0009806426,6.236939999999999e-22,4.2896,-9.2334,0.0
-0.0004417643,0.059724703,0.00038203993,-2.1383172e-22,4.9017,-9.2284,0.0
-0.00041986778,0.059125166,0.00093000004,-2.0617693e-22,5.5135,-9.2228,0.0
-0.00039962988,0.05929362,0.00036993553,-1.0785665e-22,6.125,-9.2165,0.0
-0.00037341815,0.059211977,0.00058701634,-1.5579388e-21,6.7362,-9.2097,0.0
-0.00035864054,0.05888601,0.00031725806,-4.11058e-21,7.3469,-9.2023,0.0
-0.0003274481,0.05866937,0.0004237704,3.4145676e-21,7.9573,-9.1943,0.0
-0.00031264746,0.05851817,0.0006086379,4.2439915e-21,8.5673,-9.1858,0.0
-0.00028990765,0.058062434,4.3434557e-05,-1.9269576e-21,9.1768,-9.1768,0.0
0.00010318641,0.051699057,-0.000799814,-4.6862377e-23,-8.3119,-8.9144,0.0
0.00013181748,0.051678173,-0.00040330552,2.9669102000000004e-22,-8.9024,-8.9024,0.0
9.317289e-05,0.052513897,-0.0007049232,-3.3620156000000004e-22,-7.7209,-8.9257,0.0
7.123266e-05,0.052658655,-0.001095927,1.121268e-24,-7.1293,-8.9363,0.0
2.4736746e-05,0.053292386,-0.0013447468,6.375445000000001e-23,-6.5371,-8.9462,0.0
1.6644772e-05,0.053633675,-0.0014840171,-4.444253e-23,-5.9444,-8.9553,0.0
-2.7675818e-05,0.054443546,-0.0009823763,-7.4632855e-23,-5.3513,-8.9637,0.0
-6.2318715e-05,0.05513283,-0.0012631876,-1.2414601e-23,-4.7578,-8.9712,0.0
-0.00010304662,0.055997252,-0.0011910046,-1.0540863000000001e-22,-4.1639,-8.9779,0.0
-0.00016657561,0.056497812,-0.0011811389,2.594851e-22,-3.5697,-8.9837,0.0
-0.00020729346,0.057325415,-0.0010488227,-5.844644e-23,-2.9752,-8.9886,0.0
-0.00024118795,0.0581135,-0.0009423455,-3.4502388000000004e-22,-2.3804,-8.9927,0.0
-0.00028609368,0.058599964,-0.0005714338,2.7542206e-22,-1.7855,-8.9959,0.0
-0.0003202062,0.05934612,-0.0008982096,1.3237152000000002e-22,-1.1904,-8.9982,0.0
-0.00037457538,0.059744764,-0.00052796677,2.0775860999999998e-20,-0.59522,-8.9995,0.0
-0.00040131324,0.06012343,-0.0004959302,-1.9712252000000003e-22,0.0,-9.0,0.0
-0.0004287179,0.060610738,0.00023383694,-2.1253918e-20,0.59522,-8.9995,0.0
-0.0004385369,0.060797226,-0.00017925084,1.2830237e-22,1.1904,-8.9982,0.0
-0.0004671069,0.060733326,-0.00017430075,3.3938356000000005e-22,1.7855,-8.9959,0.0
-0.0004652174,0.060864136,0.0006036884,-5.968529700000001e-22,2.3804,-8.9927,0.0
-0.00046073133,0.060707726,0.0006402815,2.1479155e-23,2.9752,-8.9886,0.0
-0.0004565603,0.0602573,0.00063457433,8.866441e-22,3.5697,-8.9837,0.0
-0.00044469218,0.060454942,0.0008333375,2.2296546000000003e-22,4.1639,-8.9779,0.0
-0.00041721805,0.0596002,0.00035381876,8.3530575e-23,4.7578,-8.9712,0.0
-0.0004278445,0.05949568,0.0003691914,2.1581770000000003e-23,5.3513,-8.9637,0.0
-0.00039546296,0.059553504,0.0005572089,7.1115546e-23,5.9444,-8.9553,0.0
-0.00037914008,0.05936783,0.0004347989,-2.7362446e-21,6.5371,-8.9462,0.0
-0.00035083428,0.059047416,0.0010792366,-1.8362993e-22,7.1293,-8.9363,0.0
-0.0003344575,0.058674075,0.0004550626,3.1221112000000003e-21,7.7209,-8.9257,0.0
-0.00032156656,0.058725324,0.00042533502,9.64986e-22,8.3119,-8.9144,0.0
-0.00028056136,0.05862403,0.00012427568,-2.613997e-21,8.9024,-8.9024,0.0
0.000103948885,0.052194137,-0.0012672576,1.1952033000000002e-22,-8.0566,-8.642999999999999,0.0
0.00012459402,0.051695794,-0.000825124,3.2832335000000003e-22,-8.628,-8.628,0.0
7.13675e-05,0.052881278,-0.00089749706,-4.2199484000000005e-22,-7.4844,-8.6571,0.0
4.8739887e-05,0.052887104,-0.00082214037,4.1027960000000005e-23,-6.9116,-8.6704,0.0
2.8285984e-05,0.053372458,-0.0015128241,1.6844558e-22,-6.337999999999999,-8.6828,0.0
-9.621126e-06,0.05387228,-0.0011942333,1.3309299000000002e-22,-5.7639,-8.6942,0.0
-5.188841e-05,0.054549597,-0.0016440586,-5.5701446e-22,-5.1892,-8.7046,0.0
-8.088612e-05,0.055254426,-0.0013167826,3.7309779000000005e-22,-4.6139,-8.714,0.0
-0.00010522535,0.05598453,-0.0013323132,4.9673236e-22,-4.0382,-8.7223,0.0
-0.00014889552,0.056421813,-0.0014705622,-5.0789384e-22,-3.4621,-8.7296,0.0
-0.00021397613,0.057559416,-0.0014910239,4.2922414e-23,-2.8856,-8.7358,0.0
-0.0002540505,0.058347482,-0.0015068154,-3.4449062999999997e-23,-2.3089,-8.7409,0.0
-0.00029710663,0.058990136,-0.0012138447,1.9798266000000003e-22,-1.7318,-8.7449,0.0
-0.00033592051,0.059560712,-0.0010809044,1.5687215000000002e-22,-1.1547,-8.7477,0.0
-0.00036497516,0.05998426,-0.0005442933,2.6209486e-20,-0.57736,-8.7494,0.0
-0.00041947095,0.0603937,-0.000565134,-1.9959847000000002e-22,0.0,-8.75,0.0
-0.00043444574,0.060813136,-0.00043641048,-2.6708857e-20,0.57736,-8.7494,0.0
-0.00045291425,0.060670048,-4.5182882e-05,1.8025944000000001e-22,1.1547,-8.7477,0.0
-0.00045636858,0.060762145,0.0003393872,4.295487700000001e-22,1.7318,-8.7449,0.0
-0.00047013152,0.060884073,0.00034802523,1.0022396000000001e-22,2.3089,-8.7409,0.0
-0.0004628371,0.060706645,0.0001742146,6.209469000000001e-23,2.8856,-8.7358,0.0
-0.0004668422,0.060208924,0.00064288056,-1.343653e-21,3.4621,-8.7296,0.0
-0.00044750533,0.06046514,0.000661192,1.5625812e-21,4.0382,-8.7223,0.0
-0.00042539003,0.0600776,0.00071984157,1.3068545000000001e-21,4.6139,-8.714,0.0
-0.00041378132,0.059739202,0.00047090347,-2.4404148e-21,5.1892,-8.7046,0.0
-0.00039990107,0.05949961,0.000292212,8.736878e-23,5.7639,-8.6942,0.0
-0.00038966254,0.059349656,0.0004812231,1.4739476000000001e-21,6.337999999999999,-8.6828,0.0
-0.00035293002,0.059166253,0.0011231259,-1.0965755e-21,6.9116,-8.6704,0.0
-0.00035336992,0.059069104,0.000997965,3.1682461000000003e-21,7.4844,-8.6571,0.0
-0.00032959596,0.059030086,0.0005400296,-7.4000656e-22,8.0566,-8.642999999999999,0.0
-0.0003007222,0.058824867,0.0012854126,-2.2223839e-21,8.628,-8.628,0.0
0.0001096128,0.052212805,-0.0012173816,-3.5068167000000004e-22,-7.8012,-8.3716,0.0
0.00011673912,0.052288383,-0.00083034654,2.1702207000000002e-22,-8.3536,-8.3536,0.0
6.5991524e-05,0.052857865,-0.0012316514,1.3204565000000002e-22,-7.247999999999999,-8.3886,0.0
4.2074167e-05,0.053429876,-0.0008487059,3.2252622e-22,-6.6939,-8.4045,0.0
4.959009e-06,0.053859986,-0.0013537661,-2.849199e-23,-6.138999999999999,-8.4193,0.0
-1.4332512e-05,0.054278694,-0.0016623525,-1.4937461000000001e-22,-5.5833,-8.433,0.0
-5.5999142e-05,0.054880954,-0.0016617025,-4.689725e-22,-5.027,-8.4455,0.0
-8.1327686e-05,0.055693157,-0.0013179602,5.450607300000001e-22,-4.47,-8.4568,0.0
-0.00012586777,0.056442242,-0.0018847364,4.2254606000000005e-22,-3.9125,-8.4668,0.0
-0.00016459088,0.057211667,-0.002101435,-5.20203e-22,-3.3545,-8.4755,0.0
-0.0002215394,0.057838,-0.0016584772,-5.419063e-23,-2.7961,-8.482999999999999,0.0
-0.00026920365,0.05847977,-0.0020149972,-5.7358897e-24,-2.2373,-8.4891,0.0
-0.000298967,0.059125826,-0.0014797347,2.5879888000000004e-22,-1.6782,-8.4938,0.0
-0.0003540986,0.059594784,-0.0013039977,1.1718719000000002e-22,-1.1189,-8.4973,0.0
-0.00038701823,0.060187794,-0.00135305,3.1586687e-20,-0.5595,-8.4993,0.0
-0.000412265,0.060289472,-0.00052612694,-2.3978065000000004e-22,0.0,-8.5,0.0
-0.00043975108,0.06089966,-0.00069208816,-3.199105e-20,0.5595,-8.4993,0.0
-0.00046777885,0.06107853,-0.00020472845,2.309121e-22,1.1189,-8.4973,0.0
-0.00046936193,0.061449435,0.0002956168,3.6374914000000003e-22,1.6782,-8.4938,0.0
-0.0004716188,0.061136685,0.00074758264,-2.5139066e-23,2.2373,-8.4891,0.0
-0.00046499318,0.06082568,0.00047031324,1.8480545000000001e-22,2.7961,-8.482999999999999,0.0
-0.00047358463,0.06069422,0.00082778756,-1.2032575e-21,3.3545,-8.4755,0.0
-0.0004628356,0.06046194,0.00080943207,8.402755500000001e-22,3.9125,-8.4668,0.0
-0.0004425079,0.060285904,0.00078482693,1.6119688e-21,4.47,-8.4568,0.0
-0.00043921982,0.060038492,0.00078223646,-8.641853e-22,5.027,-8.4455,0.0
-0.00040075436,0.05970181,0.0011282396,-9.478377000000001e-23,5.5833,-8.433,0.0
-0.000399756,0.059455235,0.0010230346,1.2933128e-21,6.138999999999999,-8.4193,0.0
-0.00037914029,0.05943328,0.00024585146,-3.6765266e-21,6.6939,-8.4045,0.0
-0.0003549332,0.05945202,0.00066710694,-7.8704044e-22,7.247999999999999,-8.3886,0.0
-0.00033284037,0.059145905,0.0001142032,5.8649113000000004e-21,7.8012,-8.3716,0.0
-0.0002985841,0.058910847,0.000657666,-3.4199854000000004e-22,8.3536,-8.3536,0.0
9.504914e-05,0.052662157,-0.0016949392,-1.0880259e-22,-7.5459,-8.1002,0.0
0.000107616215,0.05194816,-0.0008505499,-1.7784031000000002e-22,-8.0791,-8.0791,0.0
6.481997e-05,0.052837156,-0.0010780743,2.32221e-22,-7.0115,-8.12,0.0
4.1639913e-05,0.05314128,-0.0016216922,1.3305054e-22,-6.4762,-8.1386,0.0
4.0723535e-06,0.054033253,-0.0020489849,-1.2984132000000002e-22,-5.9399,-8.1559,0.0
-2.2657438e-05,0.054123178,-0.0014793829,-4.2905753e-23,-5.4028,-8.1718,0.0
-5.3637123e-05,0.055000007,-0.0022034706,8.9699215e-23,-4.8648,-8.1864,0.0
-9.953556e-05,0.05567345,-0.002154016,-5.6003937e-23,-4.3262,-8.1996,0.0
-0.00014072139,0.05658755,-0.0023564075,-1.0262285e-23,-3.7868,-8.2113,0.0
-0.00018137445,0.057134256,-0.0022877874,-4.1782960000000003e-22,-3.2469,-8.2214,0.0
-0.0002334634,0.05791615,-0.0018965793,4.362347000000001e-22,-2.7065,-8.2301,0.0
-0.00028031506,0.058390614,-0.0020176405,3.645022e-22,-2.1657,-8.2373,0.0
-0.0003205859,0.059139974,-0.002307626,-3.3233387000000002e-22,-1.6246,-8.2428,0.0
-0.00035293016,0.060168646,-0.001674742,1.6434234e-22,-1.0832,-8.2468,0.0
-0.00039220814,0.060465526,-0.0010104281,3.7607608e-20,-0.54164,-8.2492,0.0
-0.0004222304,0.06079013,-0.001331139,6.797724e-23,0.0,-8.25,0.0
-0.00043807342,0.061201047,-0.00095593854,-3.757502e-20,0.54164,-8.2492,0.0
-0.0004536537,0.061200105,-9.4432384e-05,3.9517645000000003e-22,1.0832,-8.2468,0.0
-0.0004712453,0.061329156,-9.9396566e-05,-8.584434000000001e-22,1.6246,-8.2428,0.0
-0.0004852579,0.061354887,-8.5489475e-05,2.3907496e-22,2.1657,-8.2373,0.0
-0.0004894241,0.060931344,0.0004291819,5.759845300000001e-22,2.7065,-8.2301,0.0
-0.00047602825,0.06092919,0.00063552265,-6.205183000000001e-22,3.2469,-8.2214,0.0
-0.000470793,0.06058178,0.00087551423,-2.6408791e-24,3.7868,-8.2113,0.0
-0.00044624283,0.06052916,0.0006670881,1.1482180000000001e-23,4.3262,-8.1996,0.0
-0.00045340293,0.06035638,0.0009106989,1.2829486e-21,4.8648,-8.1864,0.0
-0.00041653073,0.059872963,0.0011327217,4.2215042000000003e-22,5.4028,-8.1718,0.0
-0.000414452,0.05962443,0.0008971923,-1.0554496000000001e-22,5.9399,-8.1559,0.0
-0.00038751727,0.059412636,0.0009055749,-1.8557613e-21,6.4762,-8.1386,0.0
-0.0003785035,0.05939912,0.0010554987,-3.1846401e-21,7.0115,-8.12,0.0
-0.00035326445,0.05913547,0.0008402448,1.6817878e-21,7.5459,-8.1002,0.0
-0.00032935166,0.059264656,0.0010651198,2.9867794e-21,8.0791,-8.0791,0.0
8.411474e-05,0.052485235,-0.0014206932,9.436309e-23,-7.2905,-7.8288,0.0
0.0001022933,0.051938087,-0.001840154,6.860227000000001e-23,-7.8047,-7.8047,0.0
5.3201016e-05,0.053139612,-0.0015082912,-3.5505330000000006e-23,-6.7751,-7.8514,0.0
3.594547e-05,0.053169314,-0.0020326409,-1.5713059000000002e-22,-6.2585,-7.8727,0.0
-3.735122e-06,0.05410506,-0.0024713436,7.273646e-23,-5.7409,-7.8924,0.0
-3.4135155e-05,0.05464725,-0.0024036767,2.4698172000000003e-22,-5.2222,-7.9107,0.0
-6.676724e-05,0.05519688,-0.0020597025,-3.3877416e-22,-4.7027,-7.9273,0.0
-0.000109995475,0.055817842,-0.0024234569,-6.312619e-22,-4.1823,-7.9424,0.0
-0.00014773167,0.056495376,-0.0025843335,3.0844174e-22,-3.6611,-7.9557,0.0
-0.00018893415,0.05728612,-0.0021378738,5.169004400000001e-22,-3.1393,-7.9674,0.0
-0.00024271043,0.057853803,-0.0022088701,7.002944700000001e-22,-2.617,-7.9773,0.0
-0.00028788246,0.05856508,-0.00204765,-2.3387244e-22,-2.0942,-7.9854,0.0
-0.00032703584,0.05942231,-0.0019674432,-4.315531e-22,-1.571,-7.9918,0.0
-0.00036878468,0.060086593,-0.0018545557,2.0912614000000002e-22,-1.0475,-7.9963,0.0
-0.0003981163,0.060510576,-0.0021420978,4.3500543e-20,-0.52378,-7.9991,0.0
-0.00043412196,0.060885675,-0.0014630109,6.455654000000001e-23,0.0,-8.0,0.0
-0.00044636993,0.061053555,-0.000747178,-4.3521659999999996e-20,0.52378,-7.9991,0.0
-0.00048725912,0.06130285,-0.0006084759,3.4688286000000005e-22,1.0475,-7.9963,0.0
-0.00050394726,0.061286427,-8.2322396e-05,-6.271278e-22,1.571,-7.9918,0.0
-0.0004726464,0.06142938,9.397091e-05,-5.4145726e-22,2.0942,-7.9854,0.0
-0.0005110634,0.061286878,0.00041394445,5.030312300000001e-22,2.617,-7.9773,0.0
-0.00047912836,0.061196618,0.0009437015,1.415762e-21,3.1393,-7.9674,0.0
-0.00046985017,0.06069094,0.00092727644,1.3637511e-21,3.6611,-7.9557,0.0
-0.00048024915,0.060564145,0.00064480444,-1.4047518e-21,4.1823,-7.9424,0.0
-0.00042514436,0.06018722,0.001070998,-1.5447268000000001e-21,4.7027,-7.9273,0.0
-0.00044089608,0.060218617,0.00092541333,9.34141e-22,5.2222,-7.9107,0.0
-0.00042566212,0.060109362,0.00032261224,2.0391289000000003e-21,5.7409,-7.8924,0.0
-0.00039665992,0.05967082,0.0008571381,1.1964139e-21,6.2585,-7.8727,0.0
-0.0003819578,0.059451476,0.0009892411,-2.8687444e-21,6.7751,-7.8514,0.0
-0.00036000818,0.059785187,0.00074235164,-2.016023e-21,7.2905,-7.8288,0.0
-0.00033267113,0.059544656,0.0006119013,2.7017448000000003e-22,7.8047,-7.8047,0.0
7.8217156e-05,0.052364845,-0.002141188,2.1940935e-23,-7.0352,-7.5574,0.0
9.00166e-05,0.05232378,-0.0018433813,-7.109564000000001e-23,-7.5303,-7.5303,0.0
5.0902534e-05,0.05313721,-0.002349836,1.8806555000000002e-22,-6.5387,-7.5829,0.0
4.860402e-05,0.053779025,-0.0019523286,-3.0101726e-22,-6.0408,-7.6068,0.0
-1.0404217e-05,0.053931072,-0.0021871885,3.0516750000000003e-23,-5.5418,-7.629,0.0
-4.6556954e-05,0.054573964,-0.0027622187,6.2660007e-22,-5.0417,-7.6495,0.0
-7.8536614e-05,0.055290267,-0.002761228,-3.5798849000000003e-22,-4.5405,-7.6683,0.0
-0.00010979841,0.05608882,-0.003232623,-7.965784600000001e-22,-4.0384,-7.6852,0.0
-0.00015380814,0.056520216,-0.003184364,5.137696300000001e-22,-3.5354,-7.7002,0.0
-0.00018819235,0.057147123,-0.0030367216,9.397953e-22,-3.0318,-7.7133,0.0
-0.0002576568,0.058381066,-0.003103102,-3.800891e-23,-2.5274,-7.7244,0.0
-0.00030634055,0.05905728,-0.0026064594,-2.370075e-22,-2.0226,-7.7336,0.0
-0.0003440384,0.05970823,-0.0019373827,-1.4229999999999998e-22,-1.5173,-7.7408,0.0
-0.0003853097,0.060213707,-0.0019049253,-3.1775726e-22,-1.0117,-7.7459,0.0
-0.000418361,0.06056722,-0.0017243652,4.9739306999999997e-20,-0.50592,-7.749,0.0
-0.00043952395,0.06107267,-0.00130144,8.975036e-23,0.0,-7.75,0.0
-0.0004744275,0.061365798,-0.001411852,-4.9675298e-20,0.50592,-7.749,0.0
-0.0004897562,0.061659627,-0.00064438616,-2.9452916000000005e-22,1.0117,-7.7459,0.0
-0.00047629708,0.06162578,-8.5256295e-05,2.4306678000000004e-22,1.5173,-7.7408,0.0
-0.00050346064,0.061397582,0.00034129806,-1.8166742000000002e-22,2.0226,-7.7336,0.0
-0.00050876674,0.061511155,0.00014952593,1.6553571e-22,2.5274,-7.7244,0.0
-0.0004912076,0.06128914,0.0010824075,1.993898e-21,3.0318,-7.7133,0.0
-0.0004909874,0.060942084,0.0009231183,1.2356865e-21,3.5354,-7.7002,0.0
-0.00047497166,0.060555708,0.0010056349,-2.9625435e-21,4.0384,-7.6852,0.0
-0.00044771077,0.060342163,0.00077948376,-1.2653768000000001e-21,4.5405,-7.6683,0.0
-0.00044661446,0.060228188,0.0005896437,3.8742208000000005e-21,5.0417,-7.6495,0.0
-0.000434856,0.060288765,0.0013096973,-3.6757897000000002e-22,5.5418,-7.629,0.0
-0.00041361633,0.0597673,0.0015436613,-2.1814427e-22,6.0408,-7.6068,0.0
-0.00038077147,0.059630144,0.001368816,-1.814402e-21,6.5387,-7.5829,0.0
-0.00036230765,0.059717216,0.00063518365,-2.0678497e-21,7.0352,-7.5574,0.0
-0.00034863473,0.059706464,0.0012180371,2.2411542e-21,7.5303,-7.5303,0.0
8.590898e-05,0.052902114,-0.002314264,-1.533379e-23,-6.7798,-7.286,0.0
9.6605814e-05,0.05225394,-0.0022469945,-1.3789852000000001e-22,-7.2559,-7.2559,0.0
3.507307e-05,0.052874565,-0.0025273636,3.8469472000000003e-22,-6.3022,-7.3143,0.0
1.983573e-05,0.053603396,-0.0024111192,-2.9770144000000004e-22,-5.8232,-7.3408,0.0
6.5154454e-06,0.054286055,-0.0025486848,-7.5399956e-23,-5.3428,-7.3656,0.0
-4.5832872e-05,0.05442342,-0.003155888,6.673299e-22,-4.8611,-7.3884,0.0
-9.9437115e-05,0.055457026,-0.0036203112,-4.414201e-22,-4.3783,-7.4092,0.0
-0.00012254981,0.056192253,-0.0027788498,-3.9461932000000005e-22,-3.8945,-7.428,0.0
-0.00016758004,0.05683373,-0.0032661713,6.7351323e-22,-3.4098,-7.4447,0.0
-0.00022686244,0.057637885,-0.0034891982,4.391923e-24,-2.9242,-7.4592,0.0
-0.00025863695,0.058557536,-0.003252902,2.3969053e-23,-2.4379,-7.4716,0.0
-0.00030559325,0.059249703,-0.003217455,-1.0607011e-23,-1.951,-7.4818,0.0
-0.0003692383,0.059417717,-0.0025420934,-2.4925455e-22,-1.4637,-7.4897,0.0
-0.00039594635,0.060464818,-0.0026181568,1.4653088000000001e-22,-0.976,-7.4954,0.0
-0.00042608893,0.061202742,-0.0017215083,5.650536e-20,-0.48806,-7.4989,0.0
-0.00047233875,0.061513677,-0.0014042654,8.559911000000001e-23,0.0,-7.5,0.0
-0.00047659126,0.06169807,-0.0012363876,-5.5725226e-20,0.48806,-7.4989,0.0
-0.0004812737,0.06202752,-0.00028603003,-1.1397332e-22,0.976,-7.4954,0.0
-0.0005036399,0.061902966,-0.00017849548,-4.631379000000001e-22,1.4637,-7.4897,0.0
-0.0005059452,0.062062822,0.0008493697,4.4028485e-23,1.951,-7.4818,0.0
-0.00051139324,0.061432514,0.00063511916,1.412533e-23,2.4379,-7.4716,0.0
-0.00052066904,0.061048247,0.00075911975,-8.3607846e-23,2.9242,-7.4592,0.0
-0.00049860653,0.061478846,0.0009987098,1.2662963000000001e-21,3.4098,-7.4447,0.0
-0.0004709257,0.06094919,0.0009962334,-1.3543562e-21,3.8945,-7.428,0.0
-0.0004815107,0.0607016,0.0009114584,-1.5413798e-21,4.3783,-7.4092,0.0
-0.00046497196,0.0605619,0.0013363921,3.8330936e-21,4.8611,-7.3884,0.0
-0.00045261945,0.060144417,0.0006912601,-5.7692076e-22,5.3428,-7.3656,0.0
-0.00042230482,0.06019998,0.0016855367,-1.858702e-22,5.8232,-7.3408,0.0
-0.00041292142,0.060010932,0.0010243452,-3.355651e-21,6.3022,-7.3143,0.0
-0.00038679058,0.059584577,0.0010256481,-2.3380482000000003e-21,6.7798,-7.286,0.0
-0.0003747062,0.05963757,0.0008640941,4.7045352000000005e-21,7.2559,-7.2559,0.0
9.166583e-05,0.052814536,-0.0024456005,1.3787582000000002e-22,-6.5245,-7.0145,0.0
8.355865e-05,0.052265048,-0.0017604348,5.8513537e-23,-6.9815,-6.9815,0.0
5.3257812e-05,0.05328263,-0.002320867,3.3776454e-22,-6.0658,-7.0457,0.0
5.717193e-06,0.053644903,-0.003390037,-2.6814538e-22,-5.6055,-7.0749,0.0
-6.932807e-06,0.05422151,-0.0035052681,-3.2412970000000004e-23,-5.1437,-7.1021,0.0
-4.9696977e-05,0.054793417,-0.0032326477,1.2067749000000002e-22,-4.6806,-7.1272,0.0
-8.9376845e-05,0.055850677,-0.00348602,-6.8577574e-22,-4.2162,-7.1501,0.0
-0.0001349538,0.056408867,-0.003895733,-9.082573e-22,-3.7506,-7.1708,0.0
-0.00018972252,0.05701653,-0.0039266436,-2.0111843e-22,-3.2841,-7.1891,0.0
-0.00023315047,0.057772145,-0.003747713,5.748651e-22,-2.8166,-7.2051,0.0
-0.00028128168,0.058772705,-0.0036838604,8.3823456000000005e-22,-2.3484,-7.2188,0.0
-0.0003234304,0.059508786,-0.0029494679,-1.3724905e-22,-1.8795,-7.23,0.0
-0.00035365828,0.060009107,-0.0028999238,-8.447727e-22,-1.4101,-7.2387,0.0
-0.00042351044,0.06097474,-0.002410939,-6.2202124e-23,-0.94026,-7.245,0.0
-0.0004337064,0.06127496,-0.0017929436,6.3575376e-20,-0.4702,-7.2487,0.0
-0.00047880723,0.061844632,-0.0015380036,1.1555810000000001e-22,0.0,-7.25,0.0
-0.00050818926,0.061645083,-0.0010675238,-6.2842275e-20,0.4702,-7.2487,0.0
-0.00050598686,0.06199289,-0.00020922883,-1.1246744e-22,0.94026,-7.245,0.0
-0.00053037755,0.06185486,-8.745375e-05,-1.2039979999999999e-21,1.4101,-7.2387,0.0
-0.00051981537,0.062067866,0.0003777116,4.9446457999999997e-23,1.8795,-7.23,0.0
-0.0005235463,0.061844766,0.0010398705,1.4781556e-21,2.3484,-7.2188,0.0
-0.00051142834,0.061504714,0.0008059764,1.527098e-21,2.8166,-7.2051,0.0
-0.0004982044,0.061546877,0.001214013,1.0407251e-21,3.2841,-7.1891,0.0
-0.00049864384,0.06123801,0.0011929409,-1.4000274e-22,3.7506,-7.1708,0.0
-0.00048768887,0.06078893,0.0014468436,-7.0292833e-22,4.2162,-7.1501,0.0
-0.00047556232,0.06068833,0.0013096699,1.0956667e-21,4.6806,-7.1272,0.0
-0.00044595203,0.06044235,0.0013080644,1.0932547000000002e-22,5.1437,-7.1021,0.0
-0.00042237577,0.06011056,0.0010395427,-1.5197134e-21,5.6055,-7.0749,0.0
-0.00041915008,0.059746817,0.0010027318,-3.633756e-21,6.0658,-7.0457,0.0
-0.00038100797,0.060062803,0.0009319051,-1.0325071e-22,6.5245,-7.0145,0.0
-0.00037678843,0.059827425,0.0002344693,5.9992825e-21,6.9815,-6.9815,0.0
5.7925474e-05,0.052822813,-0.0028160124,-1.6586198e-23,-6.2691,-6.7431,0.0
8.4969535e-05,0.052306943,-0.0029464993,-2.782874e-23,-6.7071,-6.7071,0.0
3.346497e-05,0.053170376,-0.0034628445,3.4623169999999996e-24,-5.8293,-6.7771,0.0
2.0195415e-05,0.053672828,-0.0036439039,5.614632000000001e-23,-5.3878,-6.809,0.0
-1.6411817e-05,0.054410078,-0.003702097,2.0602444e-23,-4.9446,-6.8387,0.0
-7.836279e-05,0.0550578,-0.004308066,-3.5795024e-23,-4.5,-6.8660000000000005,0.0
-9.707666e-05,0.05588644,-0.004209752,1.8394873e-23,-4.053999999999999,-6.891,0.0
-0.00014589375,0.05669956,-0.0039413283,-6.115203e-22,-3.6067,-6.9135,0.0
-0.00019778484,0.057386518,-0.004425209,-7.3597865e-22,-3.1584,-6.9336,0.0
-0.00023805,0.05799257,-0.004152386,5.8914525e-22,-2.709,-6.9511,0.0
-0.00030421687,0.05894828,-0.003626763,1.284041e-21,-2.2588,-6.9659,0.0
-0.00035644555,0.05976264,-0.0037621374,-1.755966e-22,-1.8079,-6.9781,0.0
-0.00038151,0.060376108,-0.0031716404,-6.956438500000001e-22,-1.3564,-6.9877,0.0
-0.00042414505,0.061220497,-0.0024876234,-6.9780843e-23,-0.90453,-6.9945,0.0
-0.00046003456,0.061644465,-0.0021564432,7.02079e-20,-0.4523399999999999,-6.9986,0.0
-0.00049445225,0.061777003,-0.0013311317,1.352412e-22,0.0,-7.0,0.0
-0.00050810026,0.062081814,-0.0010111746,-7.014999e-20,0.4523399999999999,-6.9986,0.0
-0.0005348851,0.062223192,-0.0004288631,8.1927086e-23,0.90453,-6.9945,0.0
-0.0005314006,0.062407754,7.021817e-05,-5.5918707e-22,1.3564,-6.9877,0.0
-0.00053870125,0.062152848,0.00017200783,2.3088139000000003e-22,1.8079,-6.9781,0.0
-0.0005260107,0.06189991,0.00081764144,2.1364896e-21,2.2588,-6.9659,0.0
-0.0005399978,0.06164244,0.0013022032,1.341919e-21,2.709,-6.9511,0.0
-0.0005244155,0.0618433,0.0013767171,-1.3599822000000001e-21,3.1584,-6.9336,0.0
-0.00049749337,0.061241798,0.0014955935,-1.3707633000000001e-21,3.6067,-6.9135,0.0
-0.00050124986,0.060757264,0.0019561644,-5.2890763e-23,4.053999999999999,-6.891,0.0
-0.0004669752,0.060682565,0.0018503617,2.6397078e-23,4.5,-6.8660000000000005,0.0
-0.0004746575,0.06019166,0.001457882,-3.211458e-22,4.9446,-6.8387,0.0
-0.0004516395,0.060361877,0.0013833935,-2.4513009e-21,5.3878,-6.809,0.0
-0.00042829858,0.059672892,0.0013211151,-1.7466764000000001e-22,5.8293,-6.7771,0.0
-0.00040323843,0.06001266,0.00084979227,1.1256455e-21,6.2691,-6.7431,0.0
-0.0004004158,0.059953474,0.0014145699,1.2276179e-23,6.7071,-6.7071,0.0
5.9751572e-05,0.05289646,-0.0036765547,-1.00494366e-22,-6.0138,-6.4717,0.0
8.042922e-05,0.052752852,-0.0034549686,-4.3512204e-23,-6.4327,-6.4327,0.0
4.2163872e-05,0.05329547,-0.0036784788,-6.298851000000001e-23,-5.5929,-6.5086,0.0
9.687421e-06,0.05397583,-0.0040667676,-1.6984481e-22,-5.1701,-6.5431,0.0
-2.4795818e-05,0.054667518,-0.004028071,-8.707477000000001e-23,-4.7456,-6.5752,0.0
-7.5352735e-05,0.054897673,-0.0041248137,1.8533551000000001e-22,-4.3194,-6.6049,0.0
-0.00012995092,0.056052864,-0.00455777,1.7309396e-22,-3.8918,-6.6319,0.0
-0.00015796874,0.056607567,-0.004916231,-2.6741413000000004e-22,-3.4629,-6.6563,0.0
-0.00020079072,0.057481833,-0.004780304,-1.1296306000000001e-22,-3.0327,-6.678,0.0
-0.00025941152,0.058174614,-0.0041282508,1.507154e-21,-2.6014,-6.697,0.0
-0.00031570505,0.059073493,-0.003938136,1.0673813e-21,-2.1693,-6.7131,0.0
-0.00036908122,0.060014486,-0.003957185,-8.711597e-22,-1.7363,-6.7263,0.0
-0.0003928308,0.060824864,-0.0037070145,-8.10013e-22,-1.3028,-6.7367,0.0
-0.0004562788,0.06170933,-0.0034985729,4.810600500000001e-22,-0.86879,-6.7441,0.0
-0.00048971665,0.06202443,-0.0025343648,7.903203e-20,-0.43448,-6.7485,0.0
-0.00051759905,0.06257602,-0.0016767699,1.3697728e-22,0.0,-6.75,0.0
-0.0005193936,0.0626234,-0.0010173172,-7.8148774e-20,0.43448,-6.7485,0.0
-0.00053987117,0.06262835,-0.00034493394,6.660905e-22,0.86879,-6.7441,0.0
-0.000569173,0.062586255,0.00015826849,-1.2305655e-21,1.3028,-6.7367,0.0
-0.00055742724,0.06274715,0.00019402086,-1.4951123e-21,1.7363,-6.7263,0.0
-0.000558826,0.062336985,0.0010150932,1.1037077e-21,2.1693,-6.7131,0.0
-0.00054137694,0.06206002,0.0013557107,1.4809676e-21,2.6014,-6.697,0.0
-0.000549788,0.06190183,0.0017074272,-1.5250907e-21,3.0327,-6.678,0.0
-0.0005357414,0.06139292,0.0017228415,-2.470127e-21,3.4629,-6.6563,0.0
-0.0005192776,0.06092391,0.001395091,-6.791463e-22,3.8918,-6.6319,0.0
-0.0005069064,0.060677588,0.0017076232,1.0141249e-21,4.3194,-6.6049,0.0
-0.0004797505,0.060510237,0.0017949818,-2.0482073e-22,4.7456,-6.5752,0.0
-0.00045247952,0.060289048,0.0017287419,1.7045024e-21,5.1701,-6.5431,0.0
-0.00043612384,0.06021537,0.001604381,-6.237626000000001e-22,5.5929,-6.5086,0.0
-0.00041328554,0.060013693,0.0011235724,-1.0595325e-21,6.0138,-6.4717,0.0
-0.0004141706,0.05998581,0.0004927865,1.0752194000000002e-22,6.4327,-6.4327,0.0
4.1136293e-05,0.052778117,-0.0040034875,-3.1376746999999997e-23,-5.7584,-6.2003,0.0
7.6390905e-05,0.052533425,-0.0032999765,7.629527599999999e-23,-6.1583,-6.1583,0.0
2.1902419e-05,0.053247944,-0.0044563822,-1.4218375000000002e-22,-5.3564,-6.24,0.0
-1.0616281e-05,0.05402548,-0.004593226,-2.9229050000000004e-22,-4.9524,-6.2772,0.0
-5.171675e-05,0.05452139,-0.0045525194,2.6797660000000003e-22,-4.5465,-6.3118,0.0
-8.1664395e-05,0.05561646,-0.0052653695,3.9518180000000002e-22,-4.1389,-6.3437,0.0
-0.00011830848,0.0563898,-0.005050843,-5.174583e-22,-3.7297,-6.3728,0.0
-0.00019839895,0.057110216,-0.0053476696,-8.0248136000000005e-22,-3.319,-6.3991,0.0
-0.0002235379,0.057995394,-0.0052741673,6.738652e-22,-2.907,-6.4225,0.0
-0.00028822594,0.058632895,-0.0047534322,6.876723000000001e-22,-2.4939,-6.4429,0.0
-0.00032552928,0.059824094,-0.005067089,5.189067e-22,-2.0797,-6.4602,0.0
-0.00038022653,0.060402412,-0.0040769344,-1.3958887000000001e-22,-1.6648,-6.4745,0.0
-0.00041978143,0.060993202,-0.0038924087,-6.374181e-22,-1.2492,-6.4856,0.0
-0.00046934953,0.061691884,-0.0029487845,3.3250172000000003e-22,-0.83306,-6.4936,0.0
-0.0005143684,0.062293656,-0.0025660517,8.731242999999999e-20,-0.41661,-6.4984,0.0
-0.0005383123,0.06267742,-0.0021940428,1.4815378000000002e-22,0.0,-6.5,0.0
-0.0005498907,0.06305307,-0.0011421032,-8.646221e-20,0.41661,-6.4984,0.0
-0.0005691411,0.06338158,-0.0009854732,2.4190388e-22,0.83306,-6.4936,0.0
-0.0005860651,0.062987335,-0.00026159268,-1.3730514000000001e-21,1.2492,-6.4856,0.0
-0.00057505706,0.06304526,0.00075625256,-6.274449700000001e-22,1.6648,-6.4745,0.0
-0.00056114263,0.06312447,0.0011273972,6.8533257000000005e-22,2.0797,-6.4602,0.0
-0.0005593269,0.06252554,0.0014372044,1.4479242e-21,2.4939,-6.4429,0.0
-0.0005570197,0.06227017,0.0014450594,1.5865734e-21,2.907,-6.4225,0.0
-0.0005434222,0.061556417,0.0018222083,-1.5624495e-21,3.319,-6.3991,0.0
-0.00052002765,0.06157793,0.002119503,-1.7220279e-21,3.7297,-6.3728,0.0
-0.0005268517,0.06099864,0.0019812584,8.986453e-22,4.1389,-6.3437,0.0
-0.0004972821,0.060468122,0.0018034965,1.4239068000000002e-21,4.5465,-6.3118,0.0
-0.00048752478,0.060549464,0.0018484793,-1.5656489e-21,4.9524,-6.2772,0.0
-0.00046196693,0.06018615,0.0018398559,-1.3417895e-21,5.3564,-6.24,0.0
-0.000458907,0.059916317,0.0012754891,-5.58773e-23,5.7584,-6.2003,0.0
-0.00042693652,0.05992812,0.001447031,3.3830584000000002e-21,6.1583,-6.1583,0.0
4.3712935e-05,0.052881274,-0.0044727297,-8.8741626e-23,-5.5031,-5.9289,0.0
7.277526e-05,0.052249245,-0.0041418504,1.3866645e-22,-5.8839,-5.8839,0.0
3.0762712e-05,0.053269744,-0.0048905355,-2.0843841000000002e-22,-5.12,-5.9714,0.0
-1.4210193e-05,0.053942926,-0.0051790373,-1.4300609e-22,-4.7347,-6.0113,0.0
-4.339598e-05,0.054763533,-0.00548909,5.078776400000001e-22,-4.3475,-6.0483,0.0
-9.188203e-05,0.055700727,-0.0054742815,8.449167300000001e-22,-3.9583,-6.0825,0.0
-0.0001568067,0.05622956,-0.0053934967,-5.997519000000001e-22,-3.5675,-6.1138,0.0
-0.00019347502,0.057068683,-0.0060351146,-1.3652125e-21,-3.1751,-6.1419,0.0
-0.00023790062,0.05817299,-0.0052920813,-4.038732e-22,-2.7813,-6.167000000000001,0.0
-0.00030081626,0.059026927,-0.005237481,-7.283102e-23,-2.3863,-6.1888,0.0
-0.000362841,0.060031258,-0.005469944,4.983700600000001e-22,-1.9902,-6.2074,0.0
-0.00040459598,0.06083568,-0.004702141,2.0829149000000002e-22,-1.5932,-6.2227,0.0
-0.00044696333,0.061564293,-0.0039053494,-9.5313e-22,-1.1955,-6.2346,0.0
-0.00049035106,0.06208823,-0.00388185,4.0050375000000005e-22,-0.79733,-6.2432,0.0
-0.0005412955,0.06277295,-0.0028213062,9.731071999999999e-20,-0.39875,-6.2483,0.0
-0.00054830615,0.0634293,-0.0023306161,2.780941e-22,0.0,-6.25,0.0
-0.00057217106,0.06349862,-0.0015976401,-9.6375576e-20,0.39875,-6.2483,0.0
-0.0005946841,0.06359884,-0.0011809552,3.572636e-22,0.79733,-6.2432,0.0
-0.00058612414,0.063422486,-0.00014194427,-1.2696195e-21,1.1955,-6.2346,0.0
-0.0005985643,0.06336363,0.0005030483,4.0094228000000005e-22,1.5932,-6.2227,0.0
-0.00059432606,0.06309147,0.0009131655,1.0081038e-21,1.9902,-6.2074,0.0
-0.0005849728,0.062650286,0.0013292434,1.3632411000000001e-21,2.3863,-6.1888,0.0
-0.00058854447,0.06250675,0.0015152879,1.6873253000000002e-22,2.7813,-6.167000000000001,0.0
-0.0005607768,0.061726667,0.0017887583,-1.9911041000000002e-21,3.1751,-6.1419,0.0
-0.0005498029,0.06196477,0.0023540717,-6.131944e-22,3.5675,-6.1138,0.0
-0.00052880566,0.061314706,0.0018951913,3.1281733e-21,3.9583,-6.0825,0.0
-0.00050889445,0.060702484,0.0023480617,2.998592e-21,4.3475,-6.0483,0.0
-0.0005052582,0.060647763,0.0016200959,-6.517056e-22,4.7347,-6.0113,0.0
-0.00048043314,0.060003087,0.0020039282,-3.9845577e-21,5.12,-5.9714,0.0
-0.0004629197,0.05980638,0.0020636762,6.176405e-22,5.5031,-5.9289,0.0
-0.00045055445,0.059623737,0.0012160135,2.074963e-21,5.8839,-5.8839,0.0
3.319995e-05,0.053049218,-0.005490185,-2.4071230000000002e-22,-5.2477,-5.6575,0.0
7.194898e-05,0.05266431,-0.0044409605,9.417914000000001e-23,-5.6095,-5.6095,0.0
4.417783e-06,0.0536735,-0.005690448,1.7436224e-23,-4.8835,-5.7029,0.0
-3.174054e-05,0.054044507,-0.0055735675,-4.1168442e-22,-4.517,-5.7454,0.0
-5.421489e-05,0.054859363,-0.0064702216,5.4972533e-22,-4.1484,-5.7849,0.0
-0.00012097135,0.05579178,-0.0063240067,1.5011923e-21,-3.7778,-5.8214,0.0
-0.00013814113,0.056764275,-0.006552274,2.738284e-22,-3.4053,-5.8547,0.0
-0.00020775842,0.05750269,-0.006405404,-1.951579e-21,-3.0312,-5.8847,0.0
-0.00026121055,0.058232155,-0.0059043597,-4.2283568e-22,-2.6556,-5.9114,0.0
-0.00032283325,0.059553035,-0.0062337504,5.788694e-22,-2.2787,-5.9347,0.0
-0.00036677264,0.06059447,-0.005313433,2.5219674000000003e-22,-1.9006,-5.9546,0.0
-0.00041817018,0.061310135,-0.0051165824,2.6818650000000003e-22,-1.5217,-5.9709,0.0
-0.0004743744,0.06214238,-0.004221965,-7.215227300000001e-22,-1.1419,-5.9836,0.0
-0.000524379,0.06284959,-0.0044012764,2.1010837e-23,-0.76159,-5.9927,0.0
-0.00057042384,0.063497,-0.0032787945,1.0797104999999999e-19,-0.38089,-5.9982,0.0
-0.0005844171,0.06405867,-0.002491959,2.5819960000000002e-23,0.0,-6.0,0.0
-0.00062400935,0.06405079,-0.0018247977,-1.07160654e-19,0.38089,-5.9982,0.0
-0.0006178598,0.06376563,-0.0014134718,-5.768179e-23,0.76159,-5.9927,0.0
-0.00062052626,0.063639075,-0.00014623906,-1.2735958000000001e-21,1.1419,-5.9836,0.0
-0.000625349,0.06387664,0.00033727358,-4.523496e-22,1.5217,-5.9709,0.0
-0.0006206879,0.063635856,0.0005348562,-2.1438268000000002e-22,1.9006,-5.9546,0.0
-0.00060318614,0.063465945,0.0014643148,1.9051428e-21,2.2787,-5.9347,0.0
-0.00059237366,0.06264858,0.0018568473,-1.4701207000000002e-22,2.6556,-5.9114,0.0
-0.0005886275,0.0625609,0.0025154979,-4.60866e-21,3.0312,-5.8847,0.0
-0.00057376694,0.061746985,0.0018255584,4.9548255e-22,3.4053,-5.8547,0.0
-0.0005579205,0.06121227,0.0026539955,5.7273537000000005e-21,3.7778,-5.8214,0.0
-0.0005346975,0.061058097,0.0027109254,1.4346458e-21,4.1484,-5.7849,0.0
-0.000516333,0.060811453,0.0026957076,-1.565462e-22,4.517,-5.7454,0.0
-0.0005118803,0.060353518,0.0023314238,-2.3338956000000002e-21,4.8835,-5.7029,0.0
-0.00047686958,0.05980017,0.002010881,-3.0194615e-21,5.2477,-5.6575,0.0
-0.0004681074,0.05969113,0.0011529371,4.3426045e-21,5.6095,-5.6095,0.0
4.7429337e-05,0.052991275,-0.005357096,-2.0759305e-22,-4.9924,-5.3861,0.0
5.2790492e-05,0.052422978,-0.0057626725,1.8590602e-22,-5.3351,-5.3351,0.0
1.1763106e-05,0.053819984,-0.0061037797,7.780466e-24,-4.6471,-5.4343,0.0
-3.0019073e-05,0.05445072,-0.006380316,-2.6251473e-23,-4.2994,-5.4794,0.0
-8.30394e-05,0.055176094,-0.0066302945,5.0729170000000005e-22,-3.9493,-5.5215,0.0
-0.00012690501,0.055854004,-0.0068622734,1.1692062e-21,-3.5972,-5.5602,0.0
-0.00018094966,0.056689445,-0.00700485,-3.9716627000000004e-22,-3.2432,-5.5956,0.0
-0.00023936169,0.057799958,-0.0067837955,-1.6980522e-21,-2.8873,-5.6275,0.0
-0.00028913078,0.05885621,-0.007226145,1.511095e-22,-2.5299,-5.6559,0.0
-0.00036454154,0.059832804,-0.0067658895,8.477799e-22,-2.1711,-5.6807,0.0
-0.00040699693,0.060855314,-0.0065820413,-2.7012425e-22,-1.8111,-5.7017,0.0
-0.0004638887,0.061880648,-0.006133136,-6.753659e-23,-1.4501,-5.718999999999999,0.0
-0.0005279846,0.06276648,-0.0052964543,-5.5201477000000005e-22,-1.0883,-5.7326,0.0
-0.0005665968,0.063360766,-0.004772374,-2.5344054e-22,-0.7258600000000001,-5.7422,0.0
-0.00058215327,0.06383157,-0.0033496032,1.1976305e-19,-0.36303,-5.7481,0.0
-0.0006278375,0.06424159,-0.0026782756,-1.3605869e-23,0.0,-5.75,0.0
-0.000638887,0.064566515,-0.0014583485,-1.1887133e-19,0.36303,-5.7481,0.0
-0.0006437419,0.06430632,-0.0008632336,3.7585085e-22,0.7258600000000001,-5.7422,0.0
-0.00065915036,0.06439459,7.442047e-05,-3.5365248e-22,1.0883,-5.7326,0.0
-0.0006639933,0.064275905,0.0003776946,-8.422626e-23,1.4501,-5.718999999999999,0.0
-0.0006422419,0.063661166,0.0015105505,-7.768306400000001e-22,1.8111,-5.7017,0.0
-0.0006339032,0.06338387,0.0013404405,2.0721613e-21,2.1711,-5.6807,0.0
-0.00062568736,0.06322463,0.0016457515,1.2518528e-21,2.5299,-5.6559,0.0
-0.0006083315,0.06284806,0.0024521735,-3.198315e-21,2.8873,-5.6275,0.0
-0.0006016547,0.062140584,0.0029798013,-2.733842e-21,3.2432,-5.5956,0.0
-0.00058101304,0.061676804,0.0024923598,2.1380872e-21,3.5972,-5.5602,0.0
-0.0005423366,0.061325595,0.002358918,1.2821929999999999e-21,3.9493,-5.5215,0.0
-0.00053916406,0.06064736,0.0028697222,7.137930500000001e-22,4.2994,-5.4794,0.0
-0.0005275049,0.06042531,0.0029219373,-4.5364919999999996e-21,4.6471,-5.4343,0.0
-0.0005264173,0.060292363,0.0022809166,-3.6666194e-21,4.9924,-5.3861,0.0
-0.0005023679,0.06017224,0.0022927455,3.3082598000000003e-21,5.3351,-5.3351,0.0
4.9877115e-05,0.05272421,-0.0064260415,-3.102782e-22,-4.737,-5.1147,0.0
7.424386e-05,0.05258773,-0.0056342343,4.0370524000000004e-22,-5.0607,-5.0607,0.0
6.7455844e-06,0.053835385,-0.007011134,-8.095e-23,-4.4106,-5.1657,0.0
-4.7036698e-05,0.054345563,-0.0069118883,-1.2418821e-22,-4.0817,-5.2135,0.0
-0.000107452695,0.055304907,-0.0074407156,5.6226996e-22,-3.7503,-5.257999999999999,0.0
-0.00015359938,0.056361973,-0.008106506,4.0037357e-22,-3.4167,-5.299,0.0
-0.00018938912,0.05719483,-0.0077498574,-5.090613000000001e-22,-3.0810000000000004,-5.3365,0.0
-0.00026395777,0.058153648,-0.007416052,-9.489184000000001e-22,-2.7434,-5.3703,0.0
-0.00033205806,0.05932435,-0.007400834,2.4945867e-22,-2.4042,-5.4004,0.0
-0.0003826407,0.06009013,-0.0071795736,1.313814e-21,-2.0635,-5.4266,0.0
-0.0004596481,0.06118826,-0.0069644395,6.4879415e-22,-1.7216,-5.4489,0.0
-0.00051251595,0.062349826,-0.0066463295,-8.150146000000001e-22,-1.3785,-5.4672,0.0
-0.0005548429,0.06303833,-0.0058918423,-1.1257687e-21,-1.0347,-5.4815,0.0
-0.00058962306,0.064038545,-0.004434873,6.201811e-22,-0.69013,-5.4918,0.0
-0.0006166942,0.064886644,-0.0033507934,1.3282459999999999e-19,-0.34517,-5.4979,0.0
-0.0006707787,0.06501445,-0.0026958012,-2.6585496000000002e-24,0.0,-5.5,0.0
-0.0006623798,0.06512155,-0.0024331086,-1.3192238e-19,0.34517,-5.4979,0.0
-0.00068056106,0.06532172,-0.0010395658,1.1089574e-21,0.69013,-5.4918,0.0
-0.0006873234,0.0649426,-0.000291412,-1.2405299999999999e-21,1.0347,-5.4815,0.0
-0.0006895478,0.06476499,0.0005333447,-6.691557400000001e-22,1.3785,-5.4672,0.0
-0.0006611969,0.06440152,0.0015102429,8.610667e-22,1.7216,-5.4489,0.0
-0.0006592553,0.06407199,0.0020885987,1.0017438000000001e-21,2.0635,-5.4266,0.0
-0.0006519229,0.06340639,0.002520936,-2.4747644e-22,2.4042,-5.4004,0.0
-0.00062557607,0.063426614,0.0026499494,-1.6504569999999999e-21,2.7434,-5.3703,0.0
-0.0006092885,0.062723204,0.002594526,-1.3142374e-21,3.0810000000000004,-5.3365,0.0
-0.000584656,0.061977662,0.0027719857,1.2816345e-21,3.4167,-5.299,0.0
-0.0005849837,0.06185916,0.0033613166,1.4120646e-21,3.7503,-5.257999999999999,0.0
-0.00056820275,0.060948923,0.003345977,1.3078363e-21,4.0817,-5.2135,0.0
-0.0005487918,0.0606198,0.0032908975,-4.8421715e-21,4.4106,-5.1657,0.0
-0.0005348613,0.05993941,0.0029608286,-3.1427081e-21,4.737,-5.1147,0.0
-0.00052056526,0.059785813,0.0024362893,7.360528e-21,5.0607,-5.0607,0.0
2.834482e-05,0.053082645,-0.0068238475,8.228751000000001e-23,-4.4817,-4.8433,0.0
7.009526e-05,0.052619167,-0.0071575292,4.665906500000001e-22,-4.7863,-4.7863,0.0
-2.8032227e-05,0.05371625,-0.007431089,-2.7251593e-22,-4.1742,-4.8971,0.0
-6.673864e-05,0.054545294,-0.008282509,-4.611621e-22,-3.864,-4.9476,0.0
-0.00012636726,0.05544723,-0.00815267,6.158773e-22,-3.5512,-4.9946,0.0
-0.00017605927,0.05614212,-0.008693786,1.9567538000000002e-22,-3.2361,-5.0379,0.0
-0.00023014372,0.057561077,-0.008859137,-1.5604596e-21,-2.9188,-5.0774,0.0
-0.00028905712,0.058511004,-0.009185265,3.394909e-22,-2.5996,-5.1131,0.0
-0.0003571039,0.059907045,-0.008590439,1.482898e-21,-2.2785,-5.1448,0.0
-0.00041538797,0.06103874,-0.0082479,8.75779e-23,-1.9559,-5.1725,0.0
-0.00048587017,0.062043957,-0.007882207,1.2781386e-21,-1.632,-5.196000000000001,0.0
-0.000555946,0.063136615,-0.007251976,-3.5898462000000005e-22,-1.307,-5.2154,0.0
-0.0006051702,0.06380574,-0.0065225987,-1.2149207e-21,-0.98102,-5.2305,0.0
-0.00065844355,0.064631924,-0.004789987,6.586026300000001e-22,-0.6543899999999999,-5.2413,0.0
-0.00067684945,0.06537637,-0.0046567246,1.4855221999999998e-19,-0.32731,-5.2478,0.0
-0.0007089728,0.06548538,-0.0028050854,-1.3489832000000001e-22,0.0,-5.25,0.0
-0.00071153697,0.06573515,-0.002134425,-1.4853039e-19,0.32731,-5.2478,0.0
-0.0007205421,0.06567808,-0.0013296596,2.790386e-23,0.6543899999999999,-5.2413,0.0
-0.0007341598,0.06594085,-4.8688613e-05,-1.9596204000000003e-21,0.98102,-5.2305,0.0
-0.00071104086,0.06558722,0.0007808539,-1.6114502e-22,1.307,-5.2154,0.0
-0.00071248005,0.06529765,0.0015212856,2.245759e-21,1.632,-5.196000000000001,0.0
-0.00067822245,0.064392425,0.0015038544,-1.8008225000000002e-22,1.9559,-5.1725,0.0
-0.00067378976,0.06424822,0.0024244264,8.284081600000001e-22,2.2785,-5.1448,0.0
-0.0006673196,0.06394774,0.0031901116,-4.461269e-22,2.5996,-5.1131,0.0
-0.00063630444,0.0630303,0.0035904313,-2.8701604e-21,2.9188,-5.0774,0.0
-0.00063024636,0.062511094,0.0033711,1.7640162e-21,3.2361,-5.0379,0.0
-0.0006020046,0.061953828,0.0036861957,1.6752069e-21,3.5512,-4.9946,0.0
-0.000589557,0.06154121,0.0032189633,-8.322726e-22,3.864,-4.9476,0.0
-0.0005796114,0.06106305,0.0038594757,-4.7121786e-21,4.1742,-4.8971,0.0
-0.0005500876,0.060394507,0.003606177,-8.284532e-22,4.4817,-4.8433,0.0
-0.0005353989,0.060065083,0.0031596548,6.931693e-21,4.7863,-4.7863,0.0
2.8439557e-05,0.0531354,-0.00820807,1.13477326e-23,-4.2263,-4.5719,0.0
6.2112726e-05,0.052257635,-0.008094485,2.579921e-22,-4.5118,-4.5118,0.0
-4.031216e-05,0.05381822,-0.009000683,-2.504995e-22,-3.9378,-4.6286,0.0
-8.35757e-05,0.054574065,-0.008997953,9.435564e-23,-3.6463,-4.6817,0.0
-0.00013112233,0.05595535,-0.008792491,6.164055e-22,-3.3522,-4.7311,0.0
-0.00020615823,0.05713964,-0.009520638,3.7410430000000003e-22,-3.0556,-4.7767,0.0
-0.0002732976,0.058028497,-0.009276401,-1.7048562000000002e-21,-2.7567,-4.8183,0.0
-0.00032513856,0.059543002,-0.009445036,-3.7189478000000003e-22,-2.4557,-4.8559,0.0
-0.00039972187,0.060463533,-0.009042301,8.795696e-22,-2.1528,-4.8893,0.0
-0.00046706846,0.061776273,-0.008686886,6.540451e-22,-1.8484,-4.9184,0.0
-0.00052580104,0.06271194,-0.008390112,1.1166829e-21,-1.5425,-4.9432,0.0
-0.00058888865,0.063773446,-0.007855359,-1.2952205e-21,-1.2354,-4.9636,0.0
-0.00065721053,0.06516595,-0.006377945,-1.1748646000000001e-21,-0.92739,-4.9795,0.0
-0.00069647253,0.065753005,-0.005220142,6.793096e-22,-0.61866,-4.9909,0.0
-0.00074185577,0.06635535,-0.004855872,1.6443652999999999e-19,-0.30945,-4.9977,0.0
-0.00075497455,0.06635481,-0.0030565038,-9.343031e-23,0.0,-5.0,0.0
-0.0007825482,0.06688631,-0.0017569456,-1.6363187e-19,0.30945,-4.9977,0.0
-0.000762439,0.06685281,-0.00021622004,2.567572e-22,0.61866,-4.9909,0.0
-0.0007522437,0.0666286,-0.00018281024,-1.3876503e-21,0.92739,-4.9795,0.0
-0.00075861113,0.066195205,0.00085361395,-1.1619686000000001e-21,1.2354,-4.9636,0.0
-0.0007368722,0.06587826,0.001998846,2.34704e-21,1.5425,-4.9432,0.0
-0.0007098015,0.06489207,0.0021376233,8.3552764e-22,1.8484,-4.9184,0.0
-0.0007156185,0.06495786,0.0032740533,-9.384592000000001e-23,2.1528,-4.8893,0.0
-0.0006815347,0.06434736,0.003285531,-2.000359e-21,2.4557,-4.8559,0.0
-0.00066149846,0.063387595,0.0036856798,-2.7684499999999997e-21,2.7567,-4.8183,0.0
-0.0006398048,0.0631812,0.0040187608,2.065996e-21,3.0556,-4.7767,0.0
-0.0006202001,0.062435955,0.0042284573,1.9251001e-21,3.3522,-4.7311,0.0
-0.000614852,0.06194371,0.0040791943,3.240364e-22,3.6463,-4.6817,0.0
-0.0005882108,0.06145195,0.0046500275,-2.2142084e-21,3.9378,-4.6286,0.0
-0.00059709366,0.060796622,0.004316817,2.3218007e-22,4.2263,-4.5719,0.0
-0.00055999553,0.06007324,0.003921427,5.1136406e-21,4.5118,-4.5118,0.0
5.918111e-06,0.053106956,-0.009746008,-1.2074646000000001e-22,-3.971,-4.3005,0.0
4.224051e-05,0.052610543,-0.009037448,8.305683e-24,-4.2374,-4.2374,0.0
-5.812501e-05,0.054078422,-0.010014626,-5.465041500000001e-22,-3.7013,-4.36,0.0
-0.000106706066,0.05484471,-0.010423077,4.0048764000000004e-24,-3.4286,-4.4158,0.0
-0.00015978754,0.055953667,-0.011184755,6.7344114e-22,-3.1531,-4.4677,0.0
-0.00023421306,0.05719237,-0.010942714,1.9200159e-21,-2.875,-4.5155,0.0
-0.00030075957,0.05856955,-0.010626731,-1.4070933000000001e-21,-2.5945,-4.5593,0.0
-0.00037232257,0.059939407,-0.011078754,-2.0211201000000002e-21,-2.3118,-4.5987,0.0
-0.00047607863,0.061211273,-0.01087847,6.1638673e-22,-2.0271,-4.6338,0.0
-0.0005312632,0.06260622,-0.010236423,7.827626e-23,-1.7408,-4.6643,0.0
-0.0006112201,0.063769534,-0.009492813,1.4530081000000001e-21,-1.4529,-4.6904,0.0
-0.00067446934,0.064869575,-0.008356392,1.0282201999999999e-23,-1.1638,-4.7118,0.0
-0.0007455799,0.066015236,-0.007868897,-2.1255408000000002e-21,-0.87376,-4.7285,0.0
-0.0007750425,0.06664284,-0.006420765,-2.9836206000000004e-22,-0.58292,-4.7404,0.0
-0.00080025505,0.06708514,-0.004575826,1.8682416999999998e-19,-0.29159,-4.7476,0.0
-0.000846771,0.06741649,-0.0043513887,-1.5312772e-22,0.0,-4.75,0.0
-0.0008594178,0.067986675,-0.0022590957,-1.8499763999999998e-19,0.29159,-4.7476,0.0
-0.00083858497,0.06762242,-0.0014459435,1.7093747e-22,0.58292,-4.7404,0.0
-0.00083389546,0.06730423,-0.00020284858,-2.0537334e-21,0.87376,-4.7285,0.0
-0.00080455217,0.06691549,0.0007971262,2.7561917e-24,1.1638,-4.7118,0.0
-0.0007908162,0.0666154,0.0016692565,1.6348298000000001e-21,1.4529,-4.6904,0.0
-0.0007705794,0.06618952,0.0023782186,-2.615823e-22,1.7408,-4.6643,0.0
-0.00072422466,0.06562083,0.0028554536,8.823093e-22,2.0271,-4.6338,0.0
-0.00070970325,0.06490044,0.004301052,-2.8981995e-21,2.3118,-4.5987,0.0
-0.0006958563,0.064571545,0.0038198857,-1.4199478000000001e-21,2.5945,-4.5593,0.0
-0.00068568037,0.063619256,0.0043345303,2.8552584000000003e-21,2.875,-4.5155,0.0
-0.00066804164,0.06294668,0.0046951147,1.2069625e-21,3.1531,-4.4677,0.0
-0.0006359304,0.062282223,0.004688418,-1.5318265e-22,3.4286,-4.4158,0.0
-0.0006347225,0.061917156,0.005013467,-7.3121383e-22,3.7013,-4.36,0.0
-0.0006051905,0.0610774,0.0048862356,1.3675872e-21,3.971,-4.3005,0.0
-0.00058168155,0.06037005,0.0048351185,1.2763577e-21,4.2374,-4.2374,0.0
-8.101052e-06,0.053505264,-0.011178673,-6.2074594e-23,-3.7156,-4.0291,0.0
3.5564306e-05,0.05208661,-0.010286796,2.6011740000000003e-22,-3.963,-3.963,0.0
-6.485055e-05,0.0540208,-0.0112141855,-3.0844184000000004e-22,-3.4649,-4.0914,0.0
-0.000120794495,0.055359423,-0.011740336,9.5468376e-23,-3.2109,-4.1499,0.0
-0.00019363429,0.05626279,-0.012352452,1.2712832000000001e-21,-2.9541,-4.2042,0.0
-0.00026155016,0.057794508,-0.012143301,1.460427e-21,-2.6944,-4.2544,0.0
-0.0003527758,0.05921804,-0.012511034,-1.8553275e-21,-2.4323,-4.3002,0.0
-0.00042714534,0.060822118,-0.011872026,-1.1798591e-21,-2.1679,-4.3415,0.0
-0.0005224555,0.062193125,-0.011485361,5.216101300000001e-22,-1.9015,-4.3782,0.0
-0.00061186554,0.06357899,-0.010788852,-9.708161e-22,-1.6332,-4.4103,0.0
-0.00067003287,0.06467026,-0.010399649,1.0526808000000001e-21,-1.3634,-4.4375,0.0
-0.0007408112,0.06601721,-0.009083747,1.7753883e-21,-1.0923,-4.4599,0.0
-0.0007994893,0.06707505,-0.008263039,-1.5278131e-21,-0.8201299999999999,-4.4774,0.0
-0.00084180187,0.067817435,-0.006639774,-1.1117969e-21,-0.54719,-4.49,0.0
-0.00088434195,0.068349935,-0.0050933016,2.0588213e-19,-0.27373,-4.4975,0.0
-0.00089468254,0.068618566,-0.0041406057,-1.6034303000000001e-22,0.0,-4.5,0.0
-0.0008982713,0.068956666,-0.0022267601,-2.0508226999999999e-19,0.27373,-4.4975,0.0
-0.0009015085,0.06898859,-0.0010747141,-8.757752000000001e-22,0.54719,-4.49,0.0
-0.0008749479,0.06846561,1.2291828e-05,-1.778577e-21,0.8201299999999999,-4.4774,0.0
-0.00086508313,0.067639746,0.0012858366,1.7667088e-21,1.0923,-4.4599,0.0
-0.00082974846,0.06755173,0.0021982149,9.671676e-22,1.3634,-4.4375,0.0
-0.00079267693,0.066669784,0.0029516004,-8.225905e-22,1.6332,-4.4103,0.0
-0.0007856926,0.066003084,0.0035282937,2.7253917000000002e-21,1.9015,-4.3782,0.0
-0.00073709124,0.065798804,0.003817692,-1.2049298e-21,2.1679,-4.3415,0.0
-0.000726582,0.06506874,0.0048543634,-3.882465e-21,2.4323,-4.3002,0.0
-0.0007108793,0.064299986,0.005517417,1.0927274000000001e-21,2.6944,-4.2544,0.0
-0.0006849387,0.0639357,0.005430199,2.599155e-21,2.9541,-4.2042,0.0
-0.00067919586,0.06351642,0.005564252,-6.1840323e-22,3.2109,-4.1499,0.0
-0.00066450424,0.06267446,0.0057224827,-1.8029666e-21,3.4649,-4.0914,0.0
-0.0006573033,0.061874315,0.006280305,-9.367399e-22,3.7156,-4.0291,0.0
-0.0006204631,0.06122314,0.0064189383,-2.2523821e-21,3.963,-3.963,0.0
-4.7862224e-05,0.053335838,-0.0126722865,2.9223725e-23,-3.4603,-3.7577,0.0
2.4309742e-05,0.052081063,-0.01257656,6.406370000000001e-23,-3.6886,-3.6886,0.0
-0.00011066574,0.054520465,-0.013455751,-1.18657554e-23,-3.2284,-3.8229,0.0
-0.00018202378,0.05569481,-0.014023746,8.448374700000001e-22,-2.9933,-3.8839,0.0
-0.00025854507,0.056767352,-0.01407813,7.002967e-22,-2.755,-3.9408,0.0
-0.00036120028,0.058203932,-0.01408827,-2.4032786e-21,-2.5139,-3.9932,0.0
-0.00043199532,0.06007716,-0.01424123,-5.573733e-22,-2.2701,-4.0411,0.0
-0.00053786405,0.061413627,-0.013960424,1.5701776000000001e-21,-2.024,-4.0843,0.0
-0.00061953824,0.0630353,-0.013497175,1.3953523e-22,-1.7758,-4.1227,0.0
-0.00068931264,0.0647475,-0.012091937,1.0600524e-24,-1.5256,-4.1562,0.0
-0.00077047315,0.06548231,-0.011356895,2.0941483000000002e-22,-1.2738,-4.1847,0.0
-0.00085055805,0.06744945,-0.010564133,1.330793e-21,-1.0207,-4.2081,0.0
-0.00092716,0.06849549,-0.009086224,1.6756577e-22,-0.7665,-4.2264,0.0
-0.000947785,0.06936325,-0.007111848,-9.949377e-22,-0.51146,-4.2395,0.0
-0.0010076064,0.06975789,-0.0059729954,2.3669105999999997e-19,-0.25587,-4.2474,0.0
-0.0009897386,0.07030062,-0.0046573575,-5.1665517e-22,0.0,-4.25,0.0
-0.0010050308,0.07035447,-0.0026801215,-2.3723667e-19,0.25587,-4.2474,0.0
-0.0009916585,0.070372336,-0.0015342734,-1.3166217e-21,0.51146,-4.2395,0.0
-0.0009587622,0.069386184,0.00017191982,1.235292e-22,0.7665,-4.2264,0.0
-0.0009451831,0.06893012,0.0012652648,1.1348054e-21,1.0207,-4.2081,0.0
-0.0008959252,0.06846654,0.0018535298,-1.7831306000000001e-22,1.2738,-4.1847,0.0
-0.0008652679,0.06804545,0.0032305163,1.9182598e-23,1.5256,-4.1562,0.0
-0.000813806,0.06723168,0.0030070166,3.2660050000000005e-23,1.7758,-4.1227,0.0
-0.0007916797,0.0666613,0.004476988,1.583913e-21,2.024,-4.0843,0.0
-0.00075985823,0.06584863,0.004694884,-1.9945853000000003e-21,2.2701,-4.0411,0.0
-0.0007422454,0.06523351,0.005516804,-3.3697173000000003e-21,2.5139,-3.9932,0.0
-0.00071969687,0.064510465,0.0057957377,2.0302106e-21,2.755,-3.9408,0.0
-0.0006825285,0.064241,0.006165457,1.6766846000000001e-21,2.9933,-3.8839,0.0
-0.00067861367,0.06345123,0.006838599,-2.6660420000000005e-23,3.2284,-3.8229,0.0
-0.00067551766,0.06290628,0.006761359,-2.988513e-22,3.4603,-3.7577,0.0
-0.0006740519,0.061893046,0.007251998,-7.1903886e-22,3.6886,-3.6886,0.0
-5.815194e-05,0.053391673,-0.014732067,-3.6718017e-23,-3.2049,-3.4863,0.0
2.4055626e-05,0.05174634,-0.014586867,-5.235459e-22,-3.4142,-3.4142,0.0
-0.000120967146,0.05451665,-0.015089239,1.8467028000000001e-22,-2.992,-3.5543,0.0
-0.00021291993,0.05597118,-0.015760882,7.2865373e-22,-2.7756,-3.618,0.0
-0.0002951331,0.05760957,-0.015799047,8.985187000000001e-22,-2.5559,-3.6773,0.0
-0.0004116395,0.059405155,-0.015684102,-1.8325427e-21,-2.3333,-3.7321,0.0
-0.00049630494,0.061034918,-0.016219664,-5.03751e-22,-2.108,-3.782,0.0
-0.00060155813,0.06279271,-0.014720469,1.2570854e-21,-1.8801,-3.8271,0.0
-0.000698837,0.064408675,-0.013802726,3.65569e-23,-1.6501,-3.8672,0.0
-0.0007941474,0.06610106,-0.013011825,-7.770651000000001e-23,-1.418,-3.9021,0.0
-0.00087785546,0.067716576,-0.012251861,3.30763e-22,-1.1843,-3.9319,0.0
-0.0009514754,0.06941553,-0.010430537,9.642909e-22,-0.94916,-3.9563,0.0
-0.000999839,0.07004997,-0.009394736,-4.3353125000000005e-22,-0.71287,-3.9754,0.0
-0.0010546427,0.071426496,-0.007652411,-4.0665386000000003e-22,-0.47572,-3.989,0.0
-0.001083009,0.07170431,-0.0055745556,2.6294213e-19,-0.23801,-3.9973,0.0
-0.0010739987,0.07202314,-0.0036478625,-7.3804625e-22,0.0,-4.0,0.0
-0.001071861,0.07197212,-0.002646225,-2.6249333e-19,0.23801,-3.9973,0.0
-0.0010597857,0.071682096,-0.00029449887,-8.489131000000001e-22,0.47572,-3.989,0.0
-0.0010419376,0.071052484,0.00097106816,-5.124437400000001e-22,0.71287,-3.9754,0.0
-0.0009734059,0.070596546,0.002369466,7.217438600000001e-22,0.94916,-3.9563,0.0
-0.0009289466,0.06974425,0.0035279607,-3.3204531000000003e-22,1.1843,-3.9319,0.0
-0.00088570535,0.06892656,0.004217016,-2.7521302000000002e-22,1.418,-3.9021,0.0
-0.000856824,0.06800079,0.0046671405,-2.748655e-22,1.6501,-3.8672,0.0
-0.00081061985,0.06740906,0.005629209,1.9538178e-21,1.8801,-3.8271,0.0
-0.0007798927,0.06672223,0.005705444,-1.3791968e-21,2.108,-3.782,0.0
-0.00076712394,0.066267,0.0061118416,-3.5451842000000005e-21,2.3333,-3.7321,0.0
-0.0007371051,0.0654764,0.006538032,1.412259e-21,2.5559,-3.6773,0.0
-0.00073042733,0.06490207,0.0064318245,2.1030677000000002e-21,2.7756,-3.618,0.0
-0.0007116492,0.06455087,0.007532482,3.121964e-21,2.992,-3.5543,0.0
-0.0006903053,0.064043775,0.008003065,6.4106346e-22,3.2049,-3.4863,0.0
-0.0006815514,0.06348385,0.008388949,-3.4334819999999996e-21,3.4142,-3.4142,0.0
-0.0001222539,0.0532864,-0.01757636,-5.647365000000001e-23,-2.9496,-3.2149,0.0
-3.5424106e-05,0.05192396,-0.017101293,-5.379921300000001e-22,-3.1398,-3.1398,0.0
-0.00020830154,0.054944992,-0.017858427,2.3502885e-22,-2.7555,-3.2857,0.0
-0.0003243253,0.056747574,-0.018322995,-4.4728490000000003e-23,-2.5579,-3.3521,0.0
-0.0004238999,0.058668233,-0.018396074,9.828712e-22,-2.3569,-3.4139,0.0
-0.000541665,0.060177412,-0.018583525,-2.0094723e-23,-2.1528,-3.4709,0.0
-0.00064656447,0.0624658,-0.018058425,-9.403327e-22,-1.9458,-3.5229,0.0
-0.0007486892,0.06415036,-0.016955364,-2.1147704e-21,-1.7363,-3.5699,0.0
-0.0008618598,0.066292316,-0.016325336,-1.2164439e-21,-1.5244,-3.6116,0.0
-0.0009803501,0.06781406,-0.015784863,3.7385785e-21,-1.3105,-3.648,0.0
-0.0010525576,0.06957417,-0.014348333,-1.8027201000000002e-22,-1.0948,-3.679,0.0
-0.0011390843,0.07147069,-0.012648581,-1.3809453e-21,-0.87759,-3.7045,0.0
-0.001195683,0.072069414,-0.010337239,8.994217000000001e-22,-0.6592399999999999,-3.7244,0.0
-0.001239396,0.07348044,-0.008354814,6.8688706e-23,-0.4399899999999999,-3.7386,0.0
-0.0012722088,0.073905796,-0.0068390444,3.09941e-19,-0.22014,-3.7471,0.0
-0.0012649931,0.07409407,-0.004556997,-1.5307206e-21,0.0,-3.75,0.0
-0.0012247163,0.07378335,-0.0022822388,-3.1022476e-19,0.22014,-3.7471,0.0
-0.0012127771,0.073506474,-0.0008065937,-5.977531e-23,0.4399899999999999,-3.7386,0.0
-0.0011691825,0.072538465,0.0008813598,8.061572e-22,0.6592399999999999,-3.7244,0.0
-0.0011109276,0.07193178,0.002193776,-1.3628787000000001e-21,0.87759,-3.7045,0.0
-0.0010578485,0.07111197,0.0033339388,-1.4704781e-22,1.0948,-3.679,0.0
-0.0009838422,0.07055798,0.0044127353,3.524405e-21,1.3105,-3.648,0.0
-0.0009308673,0.06917882,0.005167733,-1.6381232e-21,1.5244,-3.6116,0.0
-0.0008835464,0.06807736,0.005516819,-2.3622485e-21,1.7363,-3.5699,0.0
-0.00084572926,0.067454204,0.0063903737,-1.5099449e-21,1.9458,-3.5229,0.0
-0.00080174557,0.066903025,0.006276766,-7.4547356e-23,2.1528,-3.4709,0.0
-0.0007785942,0.06600816,0.006654009,1.5775706e-21,2.3569,-3.4139,0.0
-0.0007588319,0.065540135,0.0074168243,2.4001263e-23,2.5579,-3.3521,0.0
-0.000754002,0.065299876,0.007819457,3.0562076e-21,2.7555,-3.2857,0.0
-0.00071426487,0.06513586,0.007937513,1.0110788e-21,2.9496,-3.2149,0.0
-0.0007204219,0.06423196,0.00914619,-4.2542993e-21,3.1398,-3.1398,0.0
-0.00018038088,0.053690024,-0.020480819,-1.8592460000000001e-22,-2.6942,-2.9435,0.0
-6.341146e-05,0.05185422,-0.02009081,-6.8678584e-23,-2.8654,-2.8654,0.0
-0.00027168455,0.05547279,-0.021169245,2.1754890000000003e-23,-2.5191,-3.0171,0.0
-0.00039936305,0.05759028,-0.02083959,-6.781692600000001e-22,-2.3402,-3.0862,0.0
-0.0005220077,0.059734814,-0.021310551,-9.300061e-22,-2.1578,-3.1505,0.0
-0.00064588344,0.062037032,-0.021382242,2.3058704e-21,-1.9722,-3.2097,0.0
-0.00076357636,0.06434279,-0.020360954,1.0956977e-21,-1.7836,-3.2638,0.0
-0.00089287414,0.06626745,-0.01953163,-3.9586736e-21,-1.5924,-3.3127,0.0
-0.0010104591,0.06852345,-0.018320348,-1.1407335000000001e-21,-1.3987,-3.3561,0.0
-0.0011213935,0.07044563,-0.016894445,3.2979622e-21,-1.2029,-3.394,0.0
-0.0012208687,0.07248087,-0.015199024,-9.285569e-22,-1.0052,-3.4262,0.0
-0.0012843343,0.07401261,-0.01288403,-1.6847943000000002e-21,-0.80603,-3.4527,0.0
-0.0013463659,0.075384066,-0.010402342,1.314819e-21,-0.60561,-3.4733,0.0
-0.0013772125,0.07606187,-0.008668248,-1.6600006000000002e-22,-0.40426,-3.4881,0.0
-0.0014041384,0.07661545,-0.0070288926,3.4535247999999997e-19,-0.20228,-3.497,0.0
-0.0014020992,0.07673665,-0.0036309776,-1.7971214e-21,0.0,-3.5,0.0
-0.001356525,0.07659798,-0.0011617994,-3.4721762e-19,0.20228,-3.497,0.0
-0.0013257117,0.07577494,0.00024007162,2.1069086e-22,0.40426,-3.4881,0.0
-0.0012612735,0.07503053,0.0021666712,1.6495674e-21,0.60561,-3.4733,0.0
-0.0011716164,0.07392122,0.004095795,-1.0781552e-21,0.80603,-3.4527,0.0
-0.0010949054,0.07270989,0.005156553,4.466177e-22,1.0052,-3.4262,0.0
-0.0010310519,0.07172046,0.0064519937,4.412809e-21,1.2029,-3.394,0.0
-0.00094592036,0.0703582,0.0058297277,-9.319153000000001e-22,1.3987,-3.3561,0.0
-0.0008902545,0.06933153,0.0068646027,-4.0313435e-21,1.5924,-3.3127,0.0
-0.00083631114,0.06807273,0.0075668716,1.567268e-21,1.7836,-3.2638,0.0
-0.000798982,0.06747001,0.007139938,2.9120261e-21,1.9722,-3.2097,0.0
-0.00078273634,0.06735695,0.007839706,-1.9829821e-21,2.1578,-3.1505,0.0
-0.0007646441,0.06647038,0.008264832,-1.74011e-21,2.3402,-3.0862,0.0
-0.00076092314,0.06585893,0.00825709,3.9766314e-23,2.5191,-3.0171,0.0
-0.0007539039,0.06580402,0.008886723,4.100465e-22,2.6942,-2.9435,0.0
-0.000747017,0.06498447,0.009515141,7.019824500000001e-22,2.8654,-2.8654,0.0
-0.00031908473,0.05411885,-0.02503828,-3.7964924000000004e-22,-2.4389,-2.6721,0.0
-0.00020865625,0.051671717,-0.024461925,-1.2493505e-21,-2.591,-2.591,0.0
-0.00045087028,0.056490153,-0.025804449,2.5302505000000004e-22,-2.2826,-2.7486,0.0
-0.00059727894,0.05879859,-0.025822595,9.615546e-22,-2.1225,-2.8203,0.0
-0.0007431719,0.061236724,-0.02593817,2.8921542000000002e-21,-1.9588,-2.887,0.0
-0.00090813404,0.063729815,-0.025241677,7.079794600000001e-22,-1.7917,-2.9486,0.0
-0.0010372079,0.06630267,-0.024116531,-1.1735761e-21,-1.6215,-3.0048,0.0
-0.0011898127,0.06888964,-0.022853203,-2.1599576e-21,-1.4485,-3.0555,0.0
-0.00130489,0.07132721,-0.021527575,-1.441314e-22,-1.273,-3.1006,0.0
-0.0014229844,0.0734403,-0.020024743,2.3420694e-21,-1.0953,-3.1399,0.0
-0.00153995,0.0754727,-0.01790672,-4.999949400000001e-22,-0.91568,-3.1733,0.0
-0.0016010135,0.07706514,-0.015444684,-3.5070374000000005e-21,-0.73447,-3.2008,0.0
-0.0016678679,0.07828443,-0.013031564,-1.362932e-21,-0.55198,-3.2223,0.0
-0.0017020486,0.079083204,-0.010549988,6.5002704e-22,-0.3685199999999999,-3.2377,0.0
-0.0017110737,0.079897225,-0.0075072916,4.2191366e-19,-0.18442,-3.2469,0.0
-0.0016786233,0.07936928,-0.004754898,-3.59956e-21,0.0,-3.25,0.0
-0.0016512546,0.07932658,-0.0021640095,-4.2326625e-19,0.18442,-3.2469,0.0
-0.0015689743,0.078456074,0.0007766837,1.3010207e-21,0.3685199999999999,-3.2377,0.0
-0.0014762882,0.07746725,0.002661367,-7.9122067e-22,0.55198,-3.2223,0.0
-0.0013683,0.07590772,0.0046842094,-2.6405233000000003e-21,0.73447,-3.2008,0.0
-0.0012550574,0.07442999,0.0056302976,-6.804045e-24,0.91568,-3.1733,0.0
-0.0011685714,0.07264218,0.0066683767,1.5682608000000002e-21,1.0953,-3.1399,0.0
-0.0010538786,0.0714,0.0073835747,4.352404e-22,1.273,-3.1006,0.0
-0.0009667439,0.069455594,0.007938394,-1.0146445000000001e-21,1.4485,-3.0555,0.0
-0.0008795337,0.06844266,0.007962436,-6.472107e-22,1.6215,-3.0048,0.0
-0.00084066216,0.06772357,0.008171937,8.303251500000001e-22,1.7917,-2.9486,0.0
-0.00080559595,0.06695179,0.008018725,1.4276601000000001e-21,1.9588,-2.887,0.0
-0.0007484147,0.066166244,0.007985014,-7.720082e-22,2.1225,-2.8203,0.0
-0.00075899396,0.06560488,0.007940525,1.1029678e-21,2.2826,-2.7486,0.0
-0.0007602197,0.06546047,0.00803454,9.182674000000001e-23,2.4389,-2.6721,0.0
-0.00075668655,0.06435448,0.008896798,-6.1916044e-21,2.591,-2.591,0.0
-0.0004538917,0.054392885,-0.030433971,-2.0039634000000002e-21,-2.1835,-2.4007,0.0
-0.00030960244,0.051426295,-0.029714068,-1.2287253e-21,-2.3166,-2.3166,0.0
-0.00063900475,0.057372987,-0.030542737,3.5965085e-22,-2.0462,-2.48,0.0
-0.0007776249,0.060505703,-0.030318396,2.324472e-21,-1.9048,-2.5544,0.0
-0.00095975574,0.06359774,-0.030046536,1.672244e-21,-1.7597,-2.6236,0.0
-0.0011243866,0.06652197,-0.02944098,-2.7031897e-21,-1.6111,-2.6874,0.0
-0.0012771802,0.06951815,-0.027752846,-2.9692569e-21,-1.4593,-2.7457,0.0
-0.001462942,0.07241145,-0.026044609,2.301435e-21,-1.3046,-2.7983,0.0
-0.0015911632,0.07537413,-0.023757515,3.2621538e-21,-1.1473,-2.845,0.0
-0.0017155217,0.07792863,-0.022031657,2.8273805e-21,-0.98771,-2.8858,0.0
-0.0018071583,0.0801913,-0.018876228,3.7428469e-22,-0.8261299999999999,-2.9205,0.0
-0.0018935538,0.08211494,-0.016447838,-2.9936094e-21,-0.66291,-2.949,0.0
-0.0019664057,0.08312073,-0.012862598,-1.1184729e-21,-0.49835,-2.9713,0.0
-0.0019869357,0.08410312,-0.00938446,1.0400835e-21,-0.33279,-2.9872,0.0
-0.001969407,0.084292285,-0.006062343,4.8123703e-19,-0.1665599999999999,-2.9968,0.0
-0.001931406,0.084048,-0.0025613925,-4.651483e-21,0.0,-3.0,0.0
-0.0018715998,0.08354473,-0.0002728547,-4.8376914e-19,0.1665599999999999,-2.9968,0.0
-0.0017720129,0.08216705,0.0035180748,9.728553e-22,0.33279,-2.9872,0.0
-0.0016693168,0.080887266,0.005638175,-1.0187083e-21,0.49835,-2.9713,0.0
-0.0015081202,0.079131894,0.0075522405,-2.7036798000000002e-21,0.66291,-2.949,0.0
-0.0013792436,0.076808035,0.009630518,-3.6160786000000004e-22,0.8261299999999999,-2.9205,0.0
-0.0012346165,0.07455322,0.010334048,9.919685000000001e-22,0.98771,-2.8858,0.0
-0.0011017527,0.072586335,0.011401598,1.3096307e-21,1.1473,-2.845,0.0
-0.00095745345,0.070818745,0.011273674,1.3561452e-21,1.3046,-2.7983,0.0
-0.0008566773,0.06855397,0.011335939,-2.2182254e-21,1.4593,-2.7457,0.0
-0.0008048909,0.066899285,0.010250377,-2.0417863e-21,1.6111,-2.6874,0.0
-0.00077293767,0.065536946,0.009010259,2.4634525e-21,1.7597,-2.6236,0.0
-0.00076088595,0.064313725,0.008019329,3.544238e-21,1.9048,-2.5544,0.0
-0.00075697596,0.06293866,0.007457117,6.8810603e-22,2.0462,-2.48,0.0
-0.0007491162,0.06037327,0.007126346,-3.5592087e-21,2.1835,-2.4007,0.0
-0.00075546966,0.056069423,0.00565843,-6.926345e-21,2.3166,-2.3166,0.0
-0.00084226794,0.055544645,-0.039164115,3.709999e-21,-1.9282,-2.1293,0.0
-0.0006486885,0.051672466,-0.03862413,-2.3635030000000002e-23,-2.0422,-2.0422,0.0
-0.0010645299,0.059103675,-0.038853485,8.644037e-22,-1.8097,-2.2114,0.0
-0.0012462847,0.06272102,-0.038662013,-7.200576e-21,-1.6871,-2.2885,0.0
-0.001469507,0.06675337,-0.037717965,2.3083133000000002e-21,-1.5607,-2.3601,0.0
-0.0016877928,0.07015599,-0.036579113,2.6064243e-21,-1.4306,-2.4262,0.0
-0.0018702701,0.07379364,-0.03470143,-4.1056944e-21,-1.2971,-2.4866,0.0
-0.0020488927,0.0770667,-0.031791665,2.3711708e-21,-1.1607,-2.5411,0.0
-0.0022014733,0.079627536,-0.029848887,2.1831885e-21,-1.0216,-2.5895,0.0
-0.0023179902,0.082731545,-0.026098866,2.3732977e-21,-0.8801200000000001,-2.6317,0.0
-0.002435622,0.0849566,-0.022902807,3.5365760000000003e-22,-0.73659,-2.6677,0.0
-0.0025232409,0.086281866,-0.019135714,-2.0937236e-21,-0.59134,-2.6972,0.0
-0.0025424538,0.08790123,-0.015699727,6.734852e-22,-0.44472,-2.7202,0.0
-0.002543021,0.08837879,-0.011557551,4.0093415000000004e-22,-0.29705,-2.7368,0.0
-0.0025202935,0.08884161,-0.0072887004,6.167887e-19,-0.1487,-2.7467,0.0
-0.0024478205,0.088073224,-0.0036180466,-1.0538227e-20,0.0,-2.75,0.0
-0.0023503192,0.08687723,0.00029467788,-6.272020999999999e-19,0.1487,-2.7467,0.0
-0.0022183065,0.08499767,0.0036597135,-3.8599774000000005e-22,0.29705,-2.7368,0.0
-0.0020457897,0.0828573,0.0071301665,-5.715367e-22,0.44472,-2.7202,0.0
-0.0018476458,0.07971237,0.009554932,-2.723134e-21,0.59134,-2.6972,0.0
-0.0016370874,0.07644632,0.011538552,1.86031e-22,0.73659,-2.6677,0.0
-0.0014148043,0.072731666,0.012672041,2.8846699999999998e-21,0.8801200000000001,-2.6317,0.0
-0.0011846047,0.068690404,0.012988813,2.0023712e-21,1.0216,-2.5895,0.0
-0.0009868882,0.063939154,0.013275078,1.4355992000000001e-21,1.1607,-2.5411,0.0
-0.000817931,0.05982569,0.011197477,-2.9362074e-21,1.2971,-2.4866,0.0
-0.00069911144,0.05547612,0.009126198,3.7073387000000004e-21,1.4306,-2.4262,0.0
-0.0006675311,0.05073737,0.0066612344,-1.314679e-22,1.5607,-2.3601,0.0
-0.0006518861,0.045971524,0.004870315,-2.1439654e-20,1.6871,-2.2885,0.0
-0.0006887425,0.039348498,0.0027963473,7.4756626e-21,1.8097,-2.2114,0.0
-0.0007212162,0.03145998,0.0033568428,2.2150423e-20,1.9282,-2.1293,0.0
-0.00071297685,0.023788476,0.003353097,-2.4728486e-23,2.0422,-2.0422,0.0
-0.0013045142,-8.8461675e-06,-0.00035473323,-2.2467061999999998e-23,-1.6728,-1.8579,0.0
-0.0010711032,0.00019654687,-0.00033727678,-2.3084871999999998e-23,-1.7678,-1.7678,0.0
-0.0015624474,1.9981235e-05,0.0002387187,-6.6277834e-23,-1.5733,-1.9429,0.0
-0.0017961579,0.0002561512,-0.00023298897,-7.420423e-24,-1.4695,-2.0225,0.0
-0.0020513039,5.719147e-05,0.00040994532,1.8253004e-23,-1.3616,-2.0967,0.0
-0.0023010597,9.9330326e-05,-0.0003204186,-2.5568635e-23,-1.25,-2.1651,0.0
-0.0025263652,-9.340374e-05,-0.00015458511,1.2797267999999999e-23,-1.135,-2.2275,0.0
-0.0027306196,0.00014437735,-7.330824e-05,1.7970075e-23,-1.0168,-2.2839,0.0
-0.0028982596,-4.6079513e-05,0.0001757294,-4.1570168e-23,-0.89592,-2.334,0.0
-0.0030178782,0.00029202737,-0.0003034519,4.1878502e-23,-0.77254,-2.3776,0.0
-0.0031109252,0.00017109723,0.00023193052,4.340073e-24,-0.64705,-2.4148,0.0
-0.0031992008,-2.4536857e-06,0.00020953617,5.33453e-23,-0.51978,-2.4454,0.0
-0.003211536,-0.00018851832,-9.3164155e-05,-4.6647200000000004e-23,-0.39109,-2.4692,0.0
-0.0032023662,2.1387357e-05,-0.00021625272,-5.88603e-23,-0.26132,-2.4863,0.0
-0.0031574974,-0.0001788577,0.00021248695,-6.5058305e-23,-0.13084,-2.4966,0.0
-0.0030891348,5.1144743e-05,0.00011156197,-1.2907557e-23,0.0,-2.5,0.0
-0.0029371378,-0.00014043739,2.5774934e-05,4.0911865999999997e-23,0.13084,-2.4966,0.0
-0.0027570897,-0.00011111567,-0.00050731166,-5.5125095e-24,0.26132,-2.4863,0.0
-0.0025507647,-0.00042943843,0.00022286503,9.112113e-24,0.39109,-2.4692,0.0
-0.002282919,8.265837e-05,-0.00023587933,-8.714224600000001e-24,0.51978,-2.4454,0.0
-0.002053869,0.0001251027,0.00026450818,-4.8670067000000004e-24,0.64705,-2.4148,0.0
-0.001743404,-0.00017588376,9.360118e-05,-4.1900624999999996e-23,0.77254,-2.3776,0.0
-0.0014534849,1.58794e-05,-8.374901e-05,1.5540963999999999e-23,0.89592,-2.334,0.0
-0.0011866319,-0.00010979513,-3.0248077e-05,-2.1794471999999998e-23,1.0168,-2.2839,0.0
-0.0009196701,4.8966845e-05,0.00023883581,-4.531722e-25,1.135,-2.2275,0.0
-0.0007453605,0.0003037803,3.7815887e-05,5.6918296e-23,1.25,-2.1651,0.0
-0.0006431382,7.551443e-05,0.00038838945,2.3066746999999998e-23,1.3616,-2.0967,0.0
-0.00060823804,-4.6083936e-05,0.00027853565,2.8187704e-24,1.4695,-2.0225,0.0
-0.0006669994,0.000118580065,-0.00035378314,-1.9745504e-23,1.5733,-1.9429,0.0
-0.0007030762,2.328516e-05,0.00023824302,-5.7475825e-23,1.6728,-1.8579,0.0
-0.00072380254,4.166807e-05,-1.1825236e-05,-1.7600509e-23,1.7678,-1.7678,0.0
0.0001280176,0.051340364,-4.4621993e-05,-1.6330405e-23,-9.7286,-9.078,0.0
0.0001284464,0.051403888,-0.0007454284,2.7810182e-22,-9.4572,-8.8226,0.0
0.00013906661,0.05132258,-0.00046584476,3.9774372000000004e-22,-9.1858,-8.5673,0.0
0.00013520873,0.051858094,-0.00084004644,1.5636657000000002e-22,-8.9144,-8.3119,0.0
0.00013456574,0.05176267,-0.000907789,-1.1375513e-22,-8.642999999999999,-8.0566,0.0
0.00011981161,0.051621467,-0.0010656426,3.6396140000000003e-22,-8.3716,-7.8012,0.0
0.00011775471,0.05180443,-0.0012159538,3.1003637e-22,-8.1002,-7.5459,0.0
0.00010955422,0.051819883,-0.0019715969,1.0466278e-23,-7.8288,-7.2905,0.0
0.000103009515,0.05219453,-0.001589125,-1.2277278e-22,-7.5574,-7.0352,0.0
0.00012113324,0.052065775,-0.0020048053,-2.870345e-22,-7.286,-6.7798,0.0
9.683403e-05,0.0519564,-0.002365294,-2.2222048e-22,-7.0145,-6.5245,0.0
0.000112600654,0.051916867,-0.0031645098,-7.566365699999999e-23,-6.7431,-6.2691,0.0
0.00010727977,0.05200599,-0.0034960518,-1.221706e-22,-6.4717,-6.0138,0.0
0.0001008337,0.05219908,-0.004219694,-2.8509292e-22,-6.2003,-5.7584,0.0
8.570951e-05,0.052279614,-0.0042628404,-1.4506826e-22,-5.9289,-5.5031,0.0
9.4399045e-05,0.052297186,-0.005156195,-2.2783666e-22,-5.6575,-5.2477,0.0
8.7212204e-05,0.052019365,-0.0056274757,-1.3805855000000002e-22,-5.3861,-4.9924,0.0
0.00010442789,0.05181577,-0.0065882266,-3.2676812000000004e-22,-5.1147,-4.737,0.0
7.257098e-05,0.051823974,-0.0076510385,-2.4949613e-23,-4.8433,-4.4817,0.0
0.0001012994,0.051740073,-0.008901033,-7.1488115e-23,-4.5719,-4.2263,0.0
9.38469e-05,0.05178213,-0.009871967,-1.1372628000000002e-22,-4.3005,-3.971,0.0
7.7570214e-05,0.051138528,-0.010950268,8.292405e-24,-4.0291,-3.7156,0.0
6.3023996e-05,0.051361144,-0.012940111,9.9510726e-23,-3.7577,-3.4603,0.0
6.47528e-05,0.05105481,-0.014193738,1.7517306e-23,-3.4863,-3.2049,0.0
2.7075057e-05,0.05045562,-0.017554455,4.4964820000000005e-23,-3.2149,-2.9496,0.0
2.5521778e-05,0.050213873,-0.020327525,4.4381700000000004e-23,-2.9435,-2.6942,0.0
-9.133178e-05,0.049652923,-0.025126163,-3.9175615e-23,-2.6721,-2.4389,0.0
-0.00016850106,0.04863198,-0.03020026,-1.4815590000000001e-22,-2.4007,-2.1835,0.0
-0.00047289426,0.047659814,-0.039085623,-2.2858615e-21,-2.1293,-1.9282,0.0
-0.0008332685,-0.00040276744,0.00072859233,-2.5511383e-23,-1.8579,-1.6728,0.0
0.00015853062,0.051183987,-0.0005429494,2.161585e-22,-9.7314,-8.4302,0.0
0.00013085618,0.05147255,-0.0008534065,2.15439e-22,-9.4629,-8.1938,0.0
0.00014550435,0.05158827,-0.00096130243,2.8690722e-22,-9.1943,-7.9573,0.0
0.0001399377,0.051542845,-0.0011791172,2.5709318e-22,-8.9257,-7.7209,0.0
0.00014034478,0.05159483,-0.0015810183,1.05805003e-22,-8.6571,-7.4844,0.0
0.00012440534,0.051730804,-0.0012174507,-2.5314478000000003e-22,-8.3886,-7.247999999999999,0.0
0.00012559285,0.051802553,-0.0014983672,-2.0362138000000002e-22,-8.12,-7.0115,0.0
0.0001298908,0.05167256,-0.0022145035,-2.3282272000000003e-22,-7.8514,-6.7751,0.0
0.00012374649,0.05177612,-0.0018922857,-1.7318276000000002e-22,-7.5829,-6.5387,0.0
0.00011866783,0.05193194,-0.003074964,-2.3199978e-22,-7.3143,-6.3022,0.0
0.000116992145,0.051746942,-0.002819247,-2.2293063000000004e-22,-7.0457,-6.0658,0.0
0.00011382764,0.051730707,-0.002823279,9.3101566e-23,-6.7771,-5.8293,0.0
0.00011929262,0.051631436,-0.0032270625,-9.8961326e-23,-6.5086,-5.5929,0.0
0.000119334596,0.051634494,-0.0044748858,-3.7319558e-22,-6.24,-5.3564,0.0
0.00011965437,0.05165094,-0.0049935817,-3.690072e-22,-5.9714,-5.12,0.0
0.00011529336,0.051120482,-0.005128141,-1.8556937e-23,-5.7029,-4.8835,0.0
0.000121469304,0.051520973,-0.0061587337,-1.3941154e-23,-5.4343,-4.6471,0.0
0.00014179581,0.051550902,-0.006444226,-2.1661805000000004e-22,-5.1657,-4.4106,0.0
0.0001411308,0.050978273,-0.0074829077,-3.361353e-22,-4.8971,-4.1742,0.0
0.00015623013,0.05094054,-0.008744376,-1.6866255000000002e-22,-4.6286,-3.9378,0.0
0.00011968239,0.050297633,-0.009956106,-2.8270998000000003e-22,-4.36,-3.7013,0.0
0.00013657182,0.049995154,-0.011314788,-2.6265968e-22,-4.0914,-3.4649,0.0
0.00014112037,0.049823456,-0.013118438,1.7702392e-23,-3.8229,-3.2284,0.0
0.00014821936,0.049503013,-0.014731699,2.3937218e-22,-3.5543,-2.992,0.0
0.00010605283,0.048912298,-0.01774616,2.6771077000000003e-22,-3.2857,-2.7555,0.0
9.406218e-05,0.047921047,-0.020437328,-4.8285550000000005e-23,-3.0171,-2.5191,0.0
1.4106601e-05,0.046978697,-0.025169421,-9.178857e-22,-2.7486,-2.2826,0.0
-4.0399806e-05,0.045557458,-0.030693514,-1.0302305e-21,-2.48,-2.0462,0.0
-0.0002782491,0.043746784,-0.03918569,1.3275947000000002e-22,-2.2114,-1.8097,0.0
-0.0006036386,6.006891e-05,0.0004505237,1.8205193e-23,-1.9429,-1.5733,0.0
0.00015861078,0.05114141,-0.0010607787,1.0082576e-23,-9.7341,-7.7823,0.0
0.00015287429,0.051297154,-0.001513937,-1.886554e-22,-9.4682,-7.5646,0.0
0.00014611923,0.051275585,-0.000911989,-3.5272503000000004e-22,-9.2023,-7.3469,0.0
0.00015192656,0.051237307,-0.0009322467,7.1603724e-23,-8.9363,-7.1293,0.0
0.00013418196,0.051333673,-0.0016219949,-8.012353e-24,-8.6704,-6.9116,0.0
0.00015795465,0.051685564,-0.0020456023,-3.3452764e-22,-8.4045,-6.6939,0.0
0.00013665724,0.051435597,-0.0021643396,-3.7626297000000005e-22,-8.1386,-6.4762,0.0
0.00015336607,0.051552854,-0.0022546567,-1.5459124000000001e-22,-7.8727,-6.2585,0.0
0.00012943006,0.051278256,-0.0030184872,-3.761362e-23,-7.6068,-6.0408,0.0
0.00014565955,0.05132144,-0.002846564,-5.68153e-23,-7.3408,-5.8232,0.0
0.00013517981,0.05130992,-0.0032907284,2.1124812e-24,-7.0749,-5.6055,0.0
0.0001634886,0.05142611,-0.0034724325,7.007498000000001e-23,-6.809,-5.3878,0.0
0.00015759096,0.051503718,-0.0043557724,1.9376797e-23,-6.5431,-5.1701,0.0
0.0001633362,0.050880127,-0.0046211425,-1.0059928e-22,-6.2772,-4.9524,0.0
0.00014750668,0.051180623,-0.0050541623,1.19196e-22,-6.0113,-4.7347,0.0
0.00013987729,0.050881594,-0.006267691,-2.4576463e-22,-5.7454,-4.517,0.0
0.00017903006,0.05052776,-0.0067618075,1.3331865e-22,-5.4794,-4.2994,0.0
0.00014752198,0.050575808,-0.0070492732,-4.4503064e-23,-5.2135,-4.0817,0.0
0.00018358207,0.05037454,-0.007804378,-3.2119998000000005e-22,-4.9476,-3.864,0.0
0.00016837355,0.04987651,-0.00881336,-4.854698e-23,-4.6817,-3.6463,0.0
0.00019025024,0.049865246,-0.010336915,4.5022273e-23,-4.4158,-3.4286,0.0
0.00020367562,0.04870889,-0.011892616,1.378274e-22,-4.1499,-3.2109,0.0
0.00017683163,0.048479773,-0.013272058,3.4516396000000005e-22,-3.8839,-2.9933,0.0
0.00021192657,0.04806459,-0.014732683,-1.2597724e-22,-3.618,-2.7756,0.0
0.00019339212,0.04712236,-0.017236648,-1.4670046000000002e-22,-3.3521,-2.5579,0.0
0.00021276489,0.045849863,-0.02106727,4.6124917e-22,-3.0862,-2.3402,0.0
0.00014046032,0.04475446,-0.02568418,3.2838846000000004e-22,-2.8203,-2.1225,0.0
0.00010447575,0.04234864,-0.029779613,-4.3923917e-22,-2.5544,-1.9048,0.0
-9.008257e-05,0.040081374,-0.037727546,1.925014e-21,-2.2885,-1.6871,0.0
-0.0003472944,-0.00010915834,-0.00020021864,4.6542035999999997e-23,-2.0225,-1.4695,0.0
0.00016062563,0.05110251,-0.001717058,1.6556006000000001e-22,-9.7366,-7.1343,0.0
0.00016306523,0.051180054,-0.0015512134,6.504051e-23,-9.4731,-6.9352,0.0
0.00016999462,0.050880354,-0.0017755087,4.4542670000000006e-23,-9.2097,-6.7362,0.0
0.0001608738,0.051143438,-0.0016671158,-3.4082627999999997e-23,-8.9462,-6.5371,0.0
0.0001629208,0.050996408,-0.001508479,2.1035106000000003e-22,-8.6828,-6.337999999999999,0.0
0.00015117048,0.051214073,-0.002425244,1.2504392000000001e-22,-8.4193,-6.138999999999999,0.0
0.00016320392,0.051021807,-0.0022917367,-2.5284795e-23,-8.1559,-5.9399,0.0
0.00015033758,0.051031575,-0.0024331897,1.9332183000000002e-22,-7.8924,-5.7409,0.0
0.00017261863,0.051171653,-0.0027957987,2.9010107000000003e-24,-7.629,-5.5418,0.0
0.00017250059,0.050976597,-0.0033807792,-1.2650845e-22,-7.3656,-5.3428,0.0
0.00016958709,0.050651558,-0.0033552172,8.240765399999999e-23,-7.1021,-5.1437,0.0
0.00017245734,0.05085463,-0.0035817318,-4.3004e-23,-6.8387,-4.9446,0.0
0.00018676683,0.05048363,-0.0045877895,7.4212784e-23,-6.5752,-4.7456,0.0
0.00016619897,0.050438337,-0.0047696326,2.0805295000000002e-22,-6.3118,-4.5465,0.0
0.0001868519,0.050199285,-0.0052268887,2.4556836000000003e-22,-6.0483,-4.3475,0.0
0.00018862919,0.050213713,-0.005666582,3.961138e-22,-5.7849,-4.1484,0.0
0.0001873247,0.04987154,-0.006621129,3.1479895000000004e-22,-5.5215,-3.9493,0.0
0.00020460025,0.049746424,-0.006944599,1.8635081000000002e-22,-5.257999999999999,-3.7503,0.0
0.00019657364,0.04964903,-0.008406871,3.154448e-22,-4.9946,-3.5512,0.0
0.000218403,0.048887555,-0.009107103,3.0445086000000004e-22,-4.7311,-3.3522,0.0
0.00023481758,0.048485216,-0.009966012,3.2912605000000004e-22,-4.4677,-3.1531,0.0
0.0002553683,0.048006836,-0.011569414,8.058353700000001e-22,-4.2042,-2.9541,0.0
0.00026036747,0.047230896,-0.013221804,4.3862615e-22,-3.9408,-2.755,0.0
0.00030042112,0.046048176,-0.0150858,6.492377e-22,-3.6773,-2.5559,0.0
0.00027566068,0.04527078,-0.018084696,8.077855000000001e-22,-3.4139,-2.3569,0.0
0.00030506938,0.043769587,-0.020047825,-8.678516e-22,-3.1505,-2.1578,0.0
0.00026904963,0.041698642,-0.025302377,-1.1773411000000002e-22,-2.887,-1.9588,0.0
0.00024550012,0.039423432,-0.029386278,-4.486070500000001e-22,-2.6236,-1.7597,0.0
0.000114191935,0.036096767,-0.0372221,-1.1986199e-21,-2.3601,-1.5607,0.0
-0.00011643531,-9.036856e-06,-0.00015979889,-1.2654042e-23,-2.0967,-1.3616,0.0
0.00017872066,0.05081974,-0.0011112131,-1.4811840000000001e-22,-9.7388,-6.4861,0.0
0.00016829272,0.05094416,-0.0015229742,-2.135958e-22,-9.4777,-6.3056,0.0
0.00016432682,0.051146764,-0.0018173237,2.4542687e-23,-9.2165,-6.125,0.0
0.0001701696,0.05098013,-0.001614168,4.7029615e-23,-8.9553,-5.9444,0.0
0.00017698383,0.05060399,-0.0019030138,3.7516457999999997e-23,-8.6942,-5.7639,0.0
0.00018110037,0.050870262,-0.0027785436,-1.06898e-22,-8.433,-5.5833,0.0
0.0001825288,0.05054409,-0.0019223271,3.2723110000000004e-23,-8.1718,-5.4028,0.0
0.00017732222,0.050874345,-0.0028472093,2.0322572000000003e-22,-7.9107,-5.2222,0.0
0.00017337469,0.05041833,-0.0032467763,5.027677e-22,-7.6495,-5.0417,0.0
0.00018645085,0.05042144,-0.003257627,4.9069905e-22,-7.3884,-4.8611,0.0
0.00018649906,0.050109692,-0.0035569055,9.8777e-23,-7.1272,-4.6806,0.0
0.00018717907,0.050258867,-0.0038961559,4.9002045e-23,-6.8660000000000005,-4.5,0.0
0.00019398483,0.050108857,-0.0043288036,3.2731664000000004e-22,-6.6049,-4.3194,0.0
0.00020554046,0.05005166,-0.0047449796,2.1584216000000004e-22,-6.3437,-4.1389,0.0
0.000234206,0.049666815,-0.0053552515,3.9264245e-22,-6.0825,-3.9583,0.0
0.00021176193,0.04940872,-0.0062204055,1.0487457e-21,-5.8214,-3.7778,0.0
0.00024081915,0.049338505,-0.0068022637,7.563507000000001e-22,-5.5602,-3.5972,0.0
0.00024866872,0.04891298,-0.0074063083,6.858933000000001e-22,-5.299,-3.4167,0.0
0.00025953224,0.048465054,-0.008056234,5.905912000000001e-22,-5.0379,-3.2361,0.0
0.00028319834,0.047834642,-0.008997666,2.8668104e-22,-4.7767,-3.0556,0.0
0.00029061572,0.04732181,-0.010614936,1.2655164e-21,-4.5155,-2.875,0.0
0.0003168416,0.046574064,-0.01146072,8.823426e-22,-4.2544,-2.6944,0.0
0.00032100527,0.045387045,-0.01349395,-1.3561072000000001e-21,-3.9932,-2.5139,0.0
0.00036692235,0.044619314,-0.014538117,-6.043997300000001e-22,-3.7321,-2.3333,0.0
0.00038701558,0.043385737,-0.017320493,2.5309184e-23,-3.4709,-2.1528,0.0
0.00038382964,0.041421875,-0.020307746,-4.5969457e-22,-3.2097,-1.9722,0.0
0.00039155676,0.03953246,-0.02460155,-1.4801232e-22,-2.9486,-1.7917,0.0
0.0004030671,0.036007684,-0.028874759,-1.1881991000000001e-21,-2.6874,-1.6111,0.0
0.00030059626,0.03199815,-0.03525901,-1.3007315e-21,-2.4262,-1.4306,0.0
0.00014481033,-3.5704114e-05,-5.573826e-05,1.8732531e-23,-2.1651,-1.25,0.0
0.00018916375,0.05037427,-0.0014143065,-3.0031124e-22,-9.7409,-5.8378,0.0
0.00018765185,0.05055157,-0.0013880106,-1.5781701e-22,-9.4818,-5.6757,0.0
0.0001890765,0.050575927,-0.001802752,-4.2288498e-23,-9.2228,-5.5135,0.0
0.0001882931,0.05054655,-0.0020187115,6.7303845e-24,-8.9637,-5.3513,0.0
0.00019686716,0.050480254,-0.002074251,-2.9951564000000004e-22,-8.7046,-5.1892,0.0
0.00019548845,0.050224483,-0.0021816422,-2.2114303000000003e-22,-8.4455,-5.027,0.0
0.00020569647,0.04997409,-0.002975259,7.863117000000001e-23,-8.1864,-4.8648,0.0
0.00021259025,0.050070997,-0.003325339,-1.532344e-22,-7.9273,-4.7027,0.0
0.00020973578,0.049888495,-0.002896105,-3.0994940000000003e-22,-7.6683,-4.5405,0.0
0.00020478712,0.050197292,-0.0031186114,-3.3860788e-22,-7.4092,-4.3783,0.0
0.00021428429,0.04955885,-0.0037269117,-3.4325950000000003e-22,-7.1501,-4.2162,0.0
0.00022315014,0.04977024,-0.004125594,4.4437734e-24,-6.891,-4.053999999999999,0.0
0.00022888914,0.04950774,-0.0047483295,8.659365e-23,-6.6319,-3.8918,0.0
0.0002503701,0.049132735,-0.0048630247,-3.2039774000000004e-22,-6.3728,-3.7297,0.0
0.00025199924,0.048467964,-0.0052226586,-4.88302e-22,-6.1138,-3.5675,0.0
0.00027402767,0.048331197,-0.005748598,3.3493090000000003e-23,-5.8547,-3.4053,0.0
0.00027496388,0.048271008,-0.006417684,-1.0947627e-22,-5.5956,-3.2432,0.0
0.00030865212,0.04766223,-0.007156139,-2.857847e-22,-5.3365,-3.0810000000000004,0.0
0.00031374008,0.04734643,-0.008038854,-1.1323163e-21,-5.0774,-2.9188,0.0
0.00032485928,0.04674138,-0.0088162655,-1.1646252e-21,-4.8183,-2.7567,0.0
0.00036599743,0.046121314,-0.010162625,-1.0009469000000001e-21,-4.5593,-2.5945,0.0
0.00037054962,0.0452642,-0.011712478,-1.2581762e-21,-4.3002,-2.4323,0.0
0.00039490167,0.04415288,-0.0127198575,-3.9323123e-22,-4.0411,-2.2701,0.0
0.0004384435,0.042602763,-0.014719611,-7.236548500000001e-22,-3.782,-2.108,0.0
0.00048873003,0.041023493,-0.016721187,-7.277618000000001e-22,-3.5229,-1.9458,0.0
0.00049792946,0.03896234,-0.019474547,1.0031035000000001e-21,-3.2638,-1.7836,0.0
0.00050761335,0.03658244,-0.02278105,2.3936948000000004e-22,-3.0048,-1.6215,0.0
0.00054222153,0.032812223,-0.027430952,-1.4830247e-21,-2.7457,-1.4593,0.0
0.0004806078,0.028280694,-0.03319435,-1.1233088e-21,-2.4866,-1.2971,0.0
0.00035702347,-0.00035544322,-0.00017291727,5.9630337e-23,-2.2275,-1.135,0.0
0.00021288569,0.050096855,-0.0017196803,1.243572e-22,-9.7428,-5.1895,0.0
0.00021340803,0.050245397,-0.0017656236,2.9008952000000003e-22,-9.4856,-5.0456,0.0
0.00021389003,0.050113756,-0.0015286836,1.4408462e-23,-9.2284,-4.9017,0.0
0.00019090626,0.04970395,-0.0019117035,3.9747683999999997e-23,-8.9712,-4.7578,0.0
0.00021744336,0.04997199,-0.001910042,1.6637171e-22,-8.714,-4.6139,0.0
0.00021386286,0.050078962,-0.0022731593,2.9375544e-22,-8.4568,-4.47,0.0
0.00021186993,0.04980462,-0.0027506552,-4.2293041999999997e-23,-8.1996,-4.3262,0.0
0.00022161732,0.049608678,-0.0026982024,-2.9007978000000004e-22,-7.9424,-4.1823,0.0
0.00021584738,0.049732078,-0.0024735252,-4.6181695e-22,-7.6852,-4.0384,0.0
0.00023642287,0.049369536,-0.0030849446,-1.7541985000000001e-22,-7.428,-3.8945,0.0
0.00025139016,0.048912104,-0.0034347493,-5.122062e-22,-7.1708,-3.7506,0.0
0.0002547798,0.049052685,-0.0034417552,-3.2169882e-22,-6.9135,-3.6067,0.0
0.00026149134,0.048727337,-0.0044278516,-1.4684581e-22,-6.6563,-3.4629,0.0
0.0002848136,0.048082232,-0.0050383965,-5.3072593000000005e-22,-6.3991,-3.319,0.0
0.00029284455,0.048087735,-0.005481378,-8.97151e-22,-6.1419,-3.1751,0.0
0.00030699433,0.04785747,-0.006011695,-1.3046787e-21,-5.8847,-3.0312,0.0
0.00031884373,0.047174037,-0.0064174193,-8.199056700000001e-22,-5.6275,-2.8873,0.0
0.00035112735,0.046886288,-0.00690476,-1.0246134000000001e-21,-5.3703,-2.7434,0.0
0.0003597629,0.04618141,-0.008161075,-2.2329002000000002e-22,-5.1131,-2.5996,0.0
0.00039200918,0.0455307,-0.008923513,-3.702228e-22,-4.8559,-2.4557,0.0
0.0004081147,0.044745617,-0.010202361,-1.3614036e-21,-4.5987,-2.3118,0.0
0.00045162678,0.043706045,-0.010973536,-7.4750834e-22,-4.3415,-2.1679,0.0
0.0004666852,0.042275764,-0.012317972,1.0507276e-21,-4.0843,-2.024,0.0
0.0005225543,0.04083017,-0.013667768,7.6233165e-22,-3.8271,-1.8801,0.0
0.00056536216,0.03952983,-0.0155761065,2.334382e-23,-3.5699,-1.7363,0.0
0.00061255455,0.0368901,-0.01856042,-1.0808763000000001e-22,-3.3127,-1.5924,0.0
0.0006375147,0.033936724,-0.021508481,-4.8688920000000005e-22,-3.0555,-1.4485,0.0
0.0006974554,0.030030508,-0.02602151,1.9167588e-21,-2.7983,-1.3046,0.0
0.0006450799,0.024943938,-0.030891968,1.9467958e-21,-2.5411,-1.1607,0.0
0.00057657855,0.00014634663,-3.437081e-05,-7.3777705e-23,-2.2839,-1.0168,0.0
0.00022432956,0.04967519,-0.0016925378,2.3849434e-22,-9.7445,-4.541,0.0
0.0002175662,0.050183546,-0.0018845298,2.650871e-22,-9.4889,-4.4153,0.0
0.00022882517,0.04974003,-0.001642371,1.3574708000000001e-22,-9.2334,-4.2896,0.0
0.00021070319,0.049466375,-0.002046987,-6.7540125e-24,-8.9779,-4.1639,0.0
0.00023882953,0.049519297,-0.0025298735,1.4934645e-22,-8.7223,-4.0382,0.0
0.000248618,0.04954777,-0.0026255685,9.304772000000001e-23,-8.4668,-3.9125,0.0
0.00023915783,0.049016103,-0.002631694,-1.7295359e-23,-8.2113,-3.7868,0.0
0.00023827341,0.049063068,-0.0028552362,3.1653436e-22,-7.9557,-3.6611,0.0
0.0002746881,0.04897629,-0.0034128772,3.110674e-22,-7.7002,-3.5354,0.0
0.00026282613,0.048908245,-0.003204217,3.3871685e-22,-7.4447,-3.4098,0.0
0.00027673432,0.048405185,-0.0034954795,-1.5605158e-23,-7.1891,-3.2841,0.0
0.00028277555,0.048220664,-0.0038123878,-3.815942e-22,-6.9336,-3.1584,0.0
0.00030344585,0.048202723,-0.0042923223,-3.0522127e-23,-6.678,-3.0327,0.0
0.0003232201,0.047725327,-0.0041602124,3.873203e-22,-6.4225,-2.907,0.0
0.0003341296,0.047244526,-0.0056701973,-1.8095023000000003e-22,-6.167000000000001,-2.7813,0.0
0.00034608966,0.046734344,-0.005277616,-1.9972930000000002e-22,-5.9114,-2.6556,0.0
0.00036777297,0.046237923,-0.005720892,1.366919e-22,-5.6559,-2.5299,0.0
0.0004092165,0.046060294,-0.0074535226,2.8052914000000004e-22,-5.4004,-2.4042,0.0
0.00041565567,0.045123998,-0.007632033,1.0598246e-21,-5.1448,-2.2785,0.0
0.00045373355,0.04435206,-0.008091434,5.2059837e-22,-4.8893,-2.1528,0.0
0.00048567163,0.043344665,-0.0091515025,3.2831606000000005e-22,-4.6338,-2.0271,0.0
0.0005290251,0.042088136,-0.01042427,2.765441e-22,-4.3782,-1.9015,0.0
0.0005626458,0.040854804,-0.011356705,9.80883e-23,-4.1227,-1.7758,0.0
0.0006160576,0.03928213,-0.01306868,1.934143e-22,-3.8672,-1.6501,0.0
0.0006583526,0.037275314,-0.015201135,-7.256598e-22,-3.6116,-1.5244,0.0
0.0007147499,0.034494303,-0.017427027,-1.3883484e-21,-3.3561,-1.3987,0.0
0.0007527639,0.031352762,-0.019831292,-3.7603023000000004e-22,-3.1006,-1.273,0.0
0.0008112833,0.026920546,-0.023599077,2.775664e-21,-2.845,-1.1473,0.0
0.00082276796,0.021489488,-0.02838385,1.9099992000000002e-21,-2.5895,-1.0216,0.0
0.00076673744,-0.00022553327,-0.000500761,-1.5645194e-24,-2.334,-0.89592,0.0
0.00021731204,0.049529918,-0.0010319183,2.8681578e-23,-9.7459,-3.8924,0.0
0.00023501058,0.04955216,-0.0013428896,1.9606412e-22,-9.4918,-3.7848,0.0
0.00024520906,0.04918392,-0.0019416907,3.059206e-22,-9.2378,-3.6773,0.0
0.0002330273,0.049210485,-0.0020049205,9.081868000000001e-23,-8.9837,-3.5697,0.0
0.00025845104,0.049141,-0.0022831084,-2.7013957e-22,-8.7296,-3.4621,0.0
0.000275839,0.048922755,-0.0024780235,-1.9945206000000002e-22,-8.4755,-3.3545,0.0
0.00026669548,0.04904451,-0.0024150698,-1.6559023000000002e-22,-8.2214,-3.2469,0.0
0.00026561256,0.04855766,-0.0024801523,3.6641178000000003e-22,-7.9674,-3.1393,0.0
0.00029062587,0.048202585,-0.0031270552,4.1413032000000006e-22,-7.7133,-3.0318,0.0
0.00029565635,0.048014455,-0.003222209,2.8460764e-23,-7.4592,-2.9242,0.0
0.00031257083,0.04819011,-0.0028341012,3.4492285e-22,-7.2051,-2.8166,0.0
0.00033804824,0.047484227,-0.0036283308,3.9128788e-22,-6.9511,-2.709,0.0
0.0003250684,0.047362212,-0.0037056922,8.255959e-22,-6.697,-2.6014,0.0
0.0003490433,0.046840504,-0.004506107,1.0099304000000001e-22,-6.4429,-2.4939,0.0
0.0003655826,0.046783738,-0.0049219695,2.0048427e-24,-6.1888,-2.3863,0.0
0.00038306287,0.046041276,-0.005546991,7.134559e-22,-5.9347,-2.2787,0.0
0.00041051258,0.045641422,-0.0058210166,9.10421e-22,-5.6807,-2.1711,0.0
0.00043619503,0.04493413,-0.0061590634,9.384903e-22,-5.4266,-2.0635,0.0
0.00046835904,0.04436703,-0.0071135433,8.089804000000001e-23,-5.1725,-1.9559,0.0
0.0005119449,0.04311248,-0.007135739,-9.653406000000001e-23,-4.9184,-1.8484,0.0
0.0005522861,0.0419775,-0.00872192,-5.263152e-22,-4.6643,-1.7408,0.0
0.0005743457,0.040910333,-0.009244502,-8.75133e-22,-4.4103,-1.6332,0.0
0.0006333655,0.03938397,-0.009965822,3.397706e-23,-4.1562,-1.5256,0.0
0.00069219444,0.037381552,-0.012051035,3.0713243e-22,-3.9021,-1.418,0.0
0.0007502642,0.035379052,-0.013182076,1.6368089000000002e-21,-3.648,-1.3105,0.0
0.00081061927,0.032398626,-0.015748909,7.686659700000001e-22,-3.394,-1.2029,0.0
0.00087935856,0.02894542,-0.017849723,1.9020273e-21,-3.1399,-1.0953,0.0
0.0009447774,0.024781344,-0.020519711,2.703426e-21,-2.8858,-0.98771,0.0
0.0009798894,0.01821748,-0.025100887,2.1540383e-21,-2.6317,-0.8801200000000001,0.0
0.0009393248,-0.00010313513,0.00012847153,2.2904784999999999e-23,-2.3776,-0.77254,0.0
0.00026539492,0.04940485,-0.0013426687,1.1274233e-22,-9.7472,-3.2438,0.0
0.00023919884,0.04919255,-0.0016121895,-1.5792157e-22,-9.4943,-3.1542,0.0
0.0002698027,0.049128138,-0.0018537564,-3.008813e-22,-9.2415,-3.0647,0.0
0.00026186137,0.048530478,-0.0020768007,-4.0487016999999996e-23,-8.9886,-2.9752,0.0
0.0002790431,0.049062423,-0.002152917,-4.0854614e-23,-8.7358,-2.8856,0.0
0.0002866102,0.0482971,-0.0019115495,-9.390325e-23,-8.482999999999999,-2.7961,0.0
0.00029422715,0.048537187,-0.0024688747,1.7989723000000002e-22,-8.2301,-2.7065,0.0
0.00029683267,0.047936283,-0.0023504314,2.9452085000000003e-22,-7.9773,-2.617,0.0
0.0003204091,0.047813896,-0.0032146028,-1.4235582e-23,-7.7244,-2.5274,0.0
0.00030903573,0.047740422,-0.0026347665,4.2290670000000004e-23,-7.4716,-2.4379,0.0
0.0003461974,0.047337525,-0.003161773,4.656913e-22,-7.2188,-2.3484,0.0
0.0003698918,0.04710965,-0.0031180247,6.692688e-22,-6.9659,-2.2588,0.0
0.00037135574,0.0466342,-0.0037447126,7.135968e-22,-6.7131,-2.1693,0.0
0.00039541014,0.04633303,-0.0044189338,-1.259848e-22,-6.4602,-2.0797,0.0
0.00039859157,0.04584475,-0.004199094,-4.8471476e-23,-6.2074,-1.9902,0.0
0.00045050448,0.04506386,-0.004946625,1.6907122e-22,-5.9546,-1.9006,0.0
0.00045652007,0.044763677,-0.0044224975,-3.6938496000000004e-22,-5.7017,-1.8111,0.0
0.00048394094,0.043936953,-0.005708851,6.585142e-22,-5.4489,-1.7216,0.0
0.00052905217,0.043186143,-0.006118743,9.699258e-22,-5.196000000000001,-1.632,0.0
0.00056054606,0.042078324,-0.006615979,9.320494000000001e-22,-4.9432,-1.5425,0.0
0.0006126113,0.04110515,-0.0072276955,1.5710279e-21,-4.6904,-1.4529,0.0
0.0006518366,0.03948423,-0.008425575,1.0776004e-21,-4.4375,-1.3634,0.0
0.0006988905,0.037839748,-0.00950304,2.3414576e-22,-4.1847,-1.2738,0.0
0.0007721734,0.035946265,-0.010360751,3.565694e-22,-3.9319,-1.1843,0.0
0.00083411456,0.03346658,-0.011848001,-6.391577e-22,-3.679,-1.0948,0.0
0.0009094535,0.030499019,-0.013895376,-1.5186697e-21,-3.4262,-1.0052,0.0
0.0009798509,0.02696072,-0.0154546425,-1.5555327000000002e-22,-3.1733,-0.91568,0.0
0.0010711281,0.022020409,-0.018215477,4.0359487e-23,-2.9205,-0.8261299999999999,0.0
0.001090602,0.01563278,-0.021008747,-6.057896e-22,-2.6677,-0.73659,0.0
0.0010876367,0.0002697705,-0.00011959253,7.5894276e-23,-2.4148,-0.64705,0.0
0.00027277495,0.0490514,-0.001469837,-1.1812679e-24,-9.7482,-2.5951,0.0
0.00026278588,0.048923127,-0.0014143169,-1.3333072e-22,-9.4964,-2.5235,0.0
0.00028335903,0.048641033,-0.000919292,-2.3617592e-22,-9.2445,-2.452,0.0
0.0002723976,0.0486785,-0.0012984811,-6.984019000000001e-23,-8.9927,-2.3804,0.0
0.00030860628,0.048270885,-0.0018471896,1.3813876e-23,-8.7409,-2.3089,0.0
0.00031362326,0.048202977,-0.00210047,2.4726056e-23,-8.4891,-2.2373,0.0
0.00030817368,0.04773499,-0.0019263206,1.980258e-22,-8.2373,-2.1657,0.0
0.00033728374,0.047515575,-0.0020922814,-1.9472207000000002e-22,-7.9854,-2.0942,0.0
0.00032925434,0.047461227,-0.00229652,-7.887867000000001e-23,-7.7336,-2.0226,0.0
0.00035752362,0.047001395,-0.0026102895,-1.6142063e-23,-7.4818,-1.951,0.0
0.00037044127,0.046770588,-0.002414766,-3.9502972999999996e-23,-7.23,-1.8795,0.0
0.00038001756,0.046530943,-0.0028874143,-6.8958207e-23,-6.9781,-1.8079,0.0
0.0004124685,0.046081968,-0.0025844444,-3.1823078e-22,-6.7263,-1.7363,0.0
0.00042678614,0.04555186,-0.0033223154,2.0335653000000003e-22,-6.4745,-1.6648,0.0
0.0004541442,0.045298286,-0.0036718291,1.1376601000000002e-22,-6.2227,-1.5932,0.0
0.0004627938,0.044233263,-0.004148284,-2.2896474e-22,-5.9709,-1.5217,0.0
0.00049771834,0.043495245,-0.0040915613,-4.0071796000000003e-22,-5.718999999999999,-1.4501,0.0
0.00052808505,0.043175712,-0.0042786924,-7.6363376e-22,-5.4672,-1.3785,0.0
0.0005811869,0.042020064,-0.0045230696,-6.762749000000001e-22,-5.2154,-1.307,0.0
0.0006093316,0.04140372,-0.005793977,-6.4876683e-22,-4.9636,-1.2354,0.0
0.00064290845,0.039770626,-0.006736621,1.0197005000000001e-21,-4.7118,-1.1638,0.0
0.0006979697,0.038155906,-0.006836538,2.0592437e-21,-4.4599,-1.0923,0.0
0.0007542693,0.036711417,-0.0075689517,1.0888599e-21,-4.2081,-1.0207,0.0
0.00083724235,0.034488954,-0.008963032,7.273601500000001e-22,-3.9563,-0.94916,0.0
0.00089846057,0.03176958,-0.01001758,-1.3827284e-21,-3.7045,-0.87759,0.0
0.0009882952,0.028778495,-0.010967302,-1.6942656e-21,-3.4527,-0.80603,0.0
0.0010628368,0.024776317,-0.01286551,-3.766238e-21,-3.2008,-0.73447,0.0
0.0011394856,0.01969361,-0.0148562435,-5.6773513e-21,-2.949,-0.66291,0.0
0.0012087643,0.013713403,-0.017311778,-4.6118684e-21,-2.6972,-0.59134,0.0
0.0012168136,-0.000104573846,7.302099e-05,2.0785892e-23,-2.4454,-0.51978,0.0
0.0002717545,0.048767693,-0.0012769783,-5.692443000000001e-23,-9.749,-1.9464,0.0
0.0002847894,0.04872521,-0.0005643638,1.4160727000000002e-22,-9.4979,-1.8927,0.0
0.00029459942,0.04822109,-0.001537788,1.6167241000000002e-22,-9.2469,-1.8391,0.0
0.00030886938,0.04833222,-0.0013213803,8.7666504e-23,-8.9959,-1.7855,0.0
0.0003167928,0.047944278,-0.0013218201,9.857371000000001e-23,-8.7449,-1.7318,0.0
0.00033046163,0.04784757,-0.0014236392,1.4447974e-22,-8.4938,-1.6782,0.0
0.00033877706,0.047828928,-0.0017130065,-2.1141365000000003e-22,-8.2428,-1.6246,0.0
0.00035145113,0.047207527,-0.0016705834,-2.9697942000000004e-22,-7.9918,-1.571,0.0
0.0003508482,0.046593208,-0.0018406711,-8.51679e-23,-7.7408,-1.5173,0.0
0.00036015786,0.046631053,-0.0022513438,-2.0415945000000003e-22,-7.4897,-1.4637,0.0
0.00038926204,0.046154346,-0.002417645,-4.1645913e-22,-7.2387,-1.4101,0.0
0.00042740125,0.04601088,-0.0019148579,-4.1952678000000003e-22,-6.9877,-1.3564,0.0
0.00043495197,0.04544965,-0.0025097313,-5.154840700000001e-22,-6.7367,-1.3028,0.0
0.00046100456,0.044859506,-0.002742041,-2.097845e-23,-6.4856,-1.2492,0.0
0.00046437857,0.044459976,-0.0030600615,-3.3240084000000005e-22,-6.2346,-1.1955,0.0
0.00048706023,0.044098936,-0.0032412151,-5.8134974e-22,-5.9836,-1.1419,0.0
0.0005488084,0.043242842,-0.003826414,-4.0802933000000006e-22,-5.7326,-1.0883,0.0
0.00056307804,0.04232217,-0.0040496383,-9.187569000000001e-22,-5.4815,-1.0347,0.0
0.0006058576,0.041268684,-0.0045331707,-1.1427348e-21,-5.2305,-0.98102,0.0
0.0006574787,0.039834484,-0.004434121,-1.0558452e-21,-4.9795,-0.92739,0.0
0.00068741105,0.038600154,-0.004967745,-2.108453e-21,-4.7285,-0.87376,0.0
0.0007702243,0.03752161,-0.0054556914,-1.4356203e-21,-4.4774,-0.8201299999999999,0.0
0.0008263733,0.03555229,-0.0059280223,-3.4200134000000003e-22,-4.2264,-0.7665,0.0
0.00088151323,0.033340886,-0.0065457863,-1.161471e-21,-3.9754,-0.71287,0.0
0.00097217114,0.030783504,-0.0075839334,8.302175600000001e-22,-3.7244,-0.6592399999999999,0.0
0.0010576198,0.027668513,-0.008548848,1.5990014000000001e-21,-3.4733,-0.60561,0.0
0.0011398979,0.023134515,-0.009896828,-2.1231796e-21,-3.2223,-0.55198,0.0
0.001231346,0.018157605,-0.01118882,-8.3282906e-22,-2.9713,-0.49835,0.0
0.0013001695,0.011963457,-0.013255305,1.870999e-21,-2.7202,-0.44472,0.0
0.0013199527,-0.00011571101,-0.00085909804,-7.8199365e-23,-2.4692,-0.39109,0.0
0.0002953128,0.048760295,-0.0010773723,4.0410908e-23,-9.7495,-1.2976,0.0
0.00030761524,0.048282795,-0.000918834,-5.0723832e-23,-9.4991,-1.2619,0.0
0.00031214565,0.04796943,-0.0010636002,5.883105000000001e-23,-9.2486,-1.2261,0.0
0.00033097016,0.047903977,-0.0007683404,5.512421000000001e-23,-8.9982,-1.1904,0.0
0.0003234267,0.047835574,-0.0007590491,3.59844e-23,-8.7477,-1.1547,0.0
0.00033924205,0.04770089,-0.0008146763,9.9945155e-23,-8.4973,-1.1189,0.0
0.00034569897,0.047448047,-0.00089262007,7.256632e-23,-8.2468,-1.0832,0.0
0.00035996726,0.046892457,-0.0010536702,1.4466875999999998e-23,-7.9963,-1.0475,0.0
0.00036254953,0.046752665,-0.0012566285,-2.1350898e-22,-7.7459,-1.0117,0.0
0.00040017307,0.046168327,-0.0012423797,8.520972599999999e-23,-7.4954,-0.976,0.0
0.00040279794,0.045818437,-0.0013249672,1.4265038e-23,-7.245,-0.94026,0.0
0.0004314907,0.045721933,-0.0015730597,-4.8678347e-23,-6.9945,-0.90453,0.0
0.00045242498,0.04501579,-0.0017892035,4.2041717000000004e-22,-6.7441,-0.86879,0.0
0.00046591955,0.044752546,-0.0019776057,3.3235147e-22,-6.4936,-0.83306,0.0
0.00048557023,0.044261053,-0.0022419016,4.0391218000000005e-22,-6.2432,-0.79733,0.0
0.00052826264,0.043482568,-0.0020147045,3.9844417999999996e-25,-5.9927,-0.76159,0.0
0.00053857575,0.04278798,-0.0017203165,-2.1731396e-22,-5.7422,-0.7258600000000001,0.0
0.0005896577,0.041742027,-0.0024485574,4.956695e-22,-5.4918,-0.69013,0.0
0.00061751273,0.040576175,-0.0027207788,6.6087137e-22,-5.2413,-0.6543899999999999,0.0
0.00069858856,0.039500304,-0.002941342,8.029405500000001e-22,-4.9909,-0.61866,0.0
0.00073880854,0.038304023,-0.0034208763,-2.7317738e-22,-4.7404,-0.58292,0.0
0.00079043437,0.036681756,-0.00342064,-1.3427594e-21,-4.49,-0.54719,0.0
0.0008515566,0.034637153,-0.004383404,-1.2234599999999999e-21,-4.2395,-0.51146,0.0
0.00092092727,0.032306522,-0.004680105,-3.629172e-22,-3.989,-0.47572,0.0
0.0010090872,0.029633466,-0.005284016,-7.658196000000001e-23,-3.7386,-0.4399899999999999,0.0
0.0010985698,0.026079822,-0.006041956,-3.2090114000000004e-22,-3.4881,-0.40426,0.0
0.0011831875,0.021867353,-0.0063195913,1.6574702e-21,-3.2377,-0.3685199999999999,0.0
0.0012978514,0.017220974,-0.0076010586,5.080594e-21,-2.9872,-0.33279,0.0
0.0013684477,0.010851564,-0.009048482,3.634939e-21,-2.7368,-0.29705,0.0
0.0013795481,-0.00020385161,-0.00018539908,-1.6386042e-23,-2.4863,-0.26132,0.0
0.00028938497,0.048177328,0.00045006096,-8.370306499999999e-23,-9.7499,-0.64881,0.0
0.00030859472,0.0483861,-0.00043182704,-9.840072000000001e-23,-9.4998,-0.63094,0.0
0.0003154193,0.04817303,-0.000655612,-6.5758486e-23,-9.2497,-0.6130800000000001,0.0
0.0003190651,0.04787869,-0.00029681379,-7.4469075e-23,-8.9995,-0.59522,0.0
0.00033473,0.047582045,-0.00031999266,-2.1852553000000004e-22,-8.7494,-0.57736,0.0
0.00034537996,0.047683854,-0.0005179832,-1.2310044000000002e-22,-8.4993,-0.5595,0.0
0.00035775328,0.047303706,-0.0008536558,6.838876e-23,-8.2492,-0.54164,0.0
0.0003752775,0.046503052,-0.0009488268,7.5927547e-23,-7.9991,-0.52378,0.0
0.00037438085,0.04665401,-0.00023808307,1.0013540299999999e-22,-7.749,-0.50592,0.0
0.00040545582,0.046402536,-0.00053201243,1.8751426e-22,-7.4989,-0.48806,0.0
0.00041628064,0.04582911,-0.00069704605,1.5044395000000002e-22,-7.2487,-0.4702,0.0
0.00043662734,0.04524478,-0.0009386796,-1.6409227e-22,-6.9986,-0.4523399999999999,0.0
0.00046076596,0.044827595,-7.479645e-05,2.9042804000000004e-22,-6.7485,-0.43448,0.0
0.0004941452,0.04409676,-0.0004648678,3.045621e-22,-6.4984,-0.41661,0.0
0.00050962047,0.044016793,-0.00045169587,3.6775744000000004e-22,-6.2483,-0.39875,0.0
0.0005374272,0.043130815,-0.0005642497,3.4156433e-22,-5.9982,-0.38089,0.0
0.0005700155,0.04209874,-0.0011822949,1.9542268000000003e-22,-5.7481,-0.36303,0.0
0.00061265443,0.041661426,-0.000657222,1.890345e-22,-5.4979,-0.34517,0.0
0.0006514681,0.04020624,-0.00088979676,8.922108000000001e-23,-5.2478,-0.32731,0.0
0.00071116333,0.039262418,-0.0014589783,4.952626e-22,-4.9977,-0.30945,0.0
0.0007503269,0.038104717,-0.0017264027,1.1488562e-21,-4.7476,-0.29159,0.0
0.0008190811,0.036267556,-0.0017363396,6.3014805e-22,-4.4975,-0.27373,0.0
0.00088368333,0.03435938,-0.0020812245,1.7016464000000002e-22,-4.2474,-0.25587,0.0
0.0009461468,0.03190667,-0.0025449311,1.1706924e-21,-3.9973,-0.23801,0.0
0.0010280869,0.029226128,-0.002092344,7.590821e-22,-3.7471,-0.22014,0.0
0.0011215511,0.025604624,-0.0025224406,-7.794799e-23,-3.497,-0.20228,0.0
0.0012277762,0.021670368,-0.00330984,2.5526024000000003e-21,-3.2469,-0.18442,0.0
0.0013254374,0.016416635,-0.0036686643,2.7042233e-21,-2.9968,-0.1665599999999999,0.0
0.0013912236,0.009483857,-0.0041177296,4.468028e-22,-2.7467,-0.1487,0.0
0.0014485039,-0.00022231136,-0.00017178163,3.2320376e-23,-2.4966,-0.13084,0.0
0.00030618394,0.04830208,-0.00038670725,-1.7540187e-22,-9.75,7.4015e-18,0.0
0.00029448702,0.048065558,0.0005102968,-1.0849743e-22,-9.5,1.4803e-17,0.0
0.00030032214,0.047775973,0.0002888951,-9.259513000000001e-23,-9.25,2.220400000000001e-17,0.0
0.00034185924,0.0478089,5.5156415e-05,-1.1245875e-22,-9.0,2.9606e-17,0.0
0.00034106482,0.047509894,0.00013576663,-4.9059727e-23,-8.75,3.7007e-17,0.0
0.00035232888,0.047258418,5.3294934e-06,-1.898795e-22,-8.5,4.4409e-17,0.0
0.0003527758,0.046991467,-0.00039480935,-4.496478e-23,-8.25,1.9983999999999998e-16,0.0
0.00037461627,0.046781074,-0.00020497292,-2.4600545e-23,-8.0,5.9212e-17,0.0
0.00037917486,0.046789322,-0.000520444,-6.3579917000000006e-24,-7.75,6.6613e-17,0.0
0.00040696614,0.046036664,-0.00015408196,8.150612000000001e-23,-7.5,7.401499999999998e-17,0.0
0.00042843277,0.04548961,0.00036640174,3.3842310000000003e-23,-7.25,8.1416e-17,0.0
0.00044241705,0.045491137,0.00040984782,-3.2555343e-23,-7.0,8.8818e-17,0.0
0.00047594478,0.044962972,0.00027769827,7.926106e-23,-6.75,9.6219e-17,0.0
0.00048157873,0.044396374,0.00018325145,-3.3278570000000002e-25,-6.5,1.0362e-16,0.0
0.00051559904,0.04365235,-0.00019637123,3.8174607e-23,-6.25,1.1102e-16,0.0
0.0005317195,0.04315497,0.00029999507,-5.2801793e-23,-6.0,1.1841999999999998e-16,0.0
0.0005741209,0.04218383,0.0002783523,7.370792e-23,-5.75,1.2583e-16,0.0
0.0006087149,0.041171677,0.00012873835,-7.5917954e-23,-5.5,1.3323e-16,0.0
0.00064400956,0.040298223,0.0006710242,-5.2759573e-23,-5.25,6.6613e-17,0.0
0.00070215605,0.038916543,0.00014546001,-1.1050045e-22,-5.0,7.401499999999998e-17,0.0
0.00076135236,0.037378907,0.00044012116,-1.4825360000000002e-23,-4.75,1.5543e-16,0.0
0.0008110593,0.036283843,-3.5192817e-05,-9.4292276e-24,-4.5,1.6283e-16,0.0
0.000862379,0.03384137,0.0006476792,5.7122945e-23,-4.25,1.7022999999999998e-16,0.0
0.000950391,0.032047763,8.632091e-05,9.1811494e-23,-4.0,1.7764e-16,0.0
0.0010446936,0.029000495,0.0009429236,-1.9922581000000001e-22,-3.75,1.4802999999999999e-16,0.0
0.0011307863,0.02549857,0.0010511633,-4.0610075000000006e-22,-3.5,1.9244e-16,0.0
0.0012304401,0.02111175,0.00080303475,2.2189145e-22,-3.25,1.9983999999999998e-16,0.0
0.0013407564,0.015559282,0.00024679024,5.8399335e-23,-3.0,1.7022999999999998e-16,0.0
0.0014080569,0.008636873,0.0001985128,2.6941758e-23,-2.75,2.1464e-16,0.0
0.0014545051,3.2069627e-05,8.6314045e-05,4.9373132e-23,-2.5,2.2204e-16,0.0
0.00029719883,0.048339806,0.00015401468,-1.2470056e-22,-9.7499,0.64881,0.0
0.00030445695,0.048200518,0.00043762103,-5.646088e-23,-9.4998,0.63094,0.0
0.0003138603,0.04819315,0.00010825251,-5.998761000000001e-23,-9.2497,0.6130800000000001,0.0
0.00031412274,0.047659762,0.00051394873,-9.163045000000001e-23,-8.9995,0.59522,0.0
0.00032472948,0.04783404,0.0004471573,-9.783146e-23,-8.7494,0.57736,0.0
0.00032966805,0.04743042,0.0007431216,-2.8188057e-23,-8.4993,0.5595,0.0
0.00036402748,0.047076218,0.0007498906,-4.0574815e-23,-8.2492,0.54164,0.0
0.00036083432,0.04650781,0.00053005095,-4.7807570000000006e-23,-7.9991,0.52378,0.0
0.00037893397,0.04667972,0.00089810975,-3.547938e-23,-7.749,0.50592,0.0
0.00040766175,0.046033002,0.00059654424,1.0087362599999999e-22,-7.4989,0.48806,0.0
0.0004061504,0.045802597,0.0009375438,2.2793673000000004e-22,-7.2487,0.4702,0.0
0.00043634776,0.045339197,0.0008169613,8.139368399999999e-23,-6.9986,0.4523399999999999,0.0
0.00046053846,0.045233544,0.000990754,2.40606e-22,-6.7485,0.43448,0.0
0.0004761982,0.044275023,0.0012039623,2.254146e-22,-6.4984,0.41661,0.0
0.000514677,0.043627128,0.0008344585,1.7387721e-22,-6.2483,0.39875,0.0
0.0005249918,0.042923544,0.0013453392,2.5074235000000003e-22,-5.9982,0.38089,0.0
0.00056126097,0.042265378,0.001699476,6.253278400000001e-22,-5.7481,0.36303,0.0
0.0006011424,0.041445024,0.0014743466,3.0663117000000004e-22,-5.4979,0.34517,0.0
0.0006641195,0.040180013,0.0016871118,-7.241092000000001e-23,-5.2478,0.32731,0.0
0.0007090875,0.039417483,0.0016373256,5.265268e-22,-4.9977,0.30945,0.0
0.0007444323,0.037983816,0.002124993,1.112768e-21,-4.7476,0.29159,0.0
0.0008042269,0.035964943,0.0026684732,5.7882923e-22,-4.4975,0.27373,0.0
0.00085806305,0.0344463,0.0022670536,-3.5463260000000005e-23,-4.2474,0.25587,0.0
0.0009509039,0.032067075,0.0024315612,1.1351083e-21,-3.9973,0.23801,0.0
0.0010381922,0.029192626,0.0027672697,1.1526183e-21,-3.7471,0.22014,0.0
0.001120907,0.025877148,0.003341043,-2.1879664e-22,-3.497,0.20228,0.0
0.0012213624,0.021951657,0.0040021143,2.7866208e-21,-3.2469,0.18442,0.0
0.0013130575,0.016751241,0.004781823,2.1104546e-21,-2.9968,0.1665599999999999,0.0
0.001385164,0.009671742,0.0044365022,-3.727314e-22,-2.7467,0.1487,0.0
0.0014330752,-0.00028530927,9.273598e-05,-4.2814069999999996e-24,-2.4966,0.13084,0.0
0.0002951662,0.0485546,0.0005494943,1.346496e-23,-9.7495,1.2976,0.0
0.00031300233,0.048200697,0.00058551144,1.866407e-24,-9.4991,1.2619,0.0
0.0003105025,0.04823842,0.0007996396,1.3966120000000001e-22,-9.2486,1.2261,0.0
0.00032168868,0.048111506,0.0007291398,1.4112255e-23,-8.9982,1.1904,0.0
0.00031635637,0.047682434,0.0013222544,9.3867253e-23,-8.7477,1.1547,0.0
0.00033993818,0.047254387,0.0014185357,7.021304000000001e-23,-8.4973,1.1189,0.0
0.00034285654,0.047047667,0.0017954432,1.2506126e-22,-8.2468,1.0832,0.0
0.00036637002,0.04738647,0.0016152258,1.2117383e-22,-7.9963,1.0475,0.0
0.00036738283,0.046913426,0.0011042138,-9.048419e-23,-7.7459,1.0117,0.0
0.00039221035,0.046650082,0.0009128768,2.1238281e-23,-7.4954,0.976,0.0
0.0003912271,0.04615099,0.0013034008,9.6763774e-23,-7.245,0.94026,0.0
0.00042643902,0.045350432,0.0017594069,3.9808773999999997e-23,-6.9945,0.90453,0.0
0.0004479534,0.04510349,0.0024558988,3.939249e-22,-6.7441,0.86879,0.0
0.00047884363,0.04486293,0.001965941,2.0009430000000002e-22,-6.4936,0.83306,0.0
0.00049930735,0.044268843,0.002084494,2.0579074000000002e-22,-6.2432,0.79733,0.0
0.00052878604,0.04357321,0.0020487774,6.4059797000000006e-24,-5.9927,0.76159,0.0
0.0005609096,0.042865094,0.0021873564,2.9218186000000004e-22,-5.7422,0.7258600000000001,0.0
0.00061150145,0.041762587,0.0030192544,7.792465500000001e-22,-5.4918,0.69013,0.0
0.0006263846,0.040835436,0.0030668406,1.3304537e-23,-5.2413,0.6543899999999999,0.0
0.0006657819,0.039678153,0.003303728,2.9792204e-22,-4.9909,0.61866,0.0
0.0007270376,0.038129263,0.0038572946,3.5104002e-22,-4.7404,0.58292,0.0
0.0007803636,0.036743797,0.0034418397,-9.799949e-22,-4.49,0.54719,0.0
0.0008415179,0.034948833,0.0043259403,-1.5536459000000001e-21,-4.2395,0.51146,0.0
0.0009166315,0.032567885,0.0052034603,-8.683924e-22,-3.989,0.47572,0.0
0.0009868591,0.029759452,0.0052367058,2.5881403000000003e-22,-3.7386,0.4399899999999999,0.0
0.0010870295,0.026550854,0.006553778,2.6745343e-22,-3.4881,0.40426,0.0
0.001183815,0.02211333,0.0072944975,3.153511e-21,-3.2377,0.3685199999999999,0.0
0.0012722338,0.01722629,0.008515459,4.733012e-21,-2.9872,0.33279,0.0
0.0013682165,0.010439365,0.009204121,1.5548752e-21,-2.7368,0.29705,0.0
0.0014026109,-8.1793405e-06,0.0002320474,1.3145629e-23,-2.4863,0.26132,0.0
0.00027652306,0.04869265,0.0011087687,-7.1391685e-23,-9.749,1.9464,0.0
0.0002838126,0.0486058,0.0009842189,9.894714e-23,-9.4979,1.8927,0.0
0.00027778817,0.048353188,0.0012887502,2.9703034000000004e-22,-9.2469,1.8391,0.0
0.00029874448,0.048276946,0.00134013,1.4640552000000002e-22,-8.9959,1.7855,0.0
0.00031999827,0.048121393,0.0012843536,1.188284e-22,-8.7449,1.7318,0.0
0.00032703497,0.04803767,0.0014323833,1.4027467e-22,-8.4938,1.6782,0.0
0.00033153922,0.047608502,0.0019558163,-3.1255348e-22,-8.2428,1.6246,0.0
0.00032558842,0.047425456,0.0015506966,-1.4271582000000002e-22,-7.9918,1.571,0.0
0.00036419265,0.047000803,0.0018309304,-3.6842050000000003e-23,-7.7408,1.5173,0.0
0.0003727392,0.046580136,0.0019107221,-2.3349560000000003e-22,-7.4897,1.4637,0.0
0.00039658294,0.046384647,0.002374082,-3.7411308000000003e-22,-7.2387,1.4101,0.0
0.000394906,0.04603421,0.0022199424,-2.2646518000000003e-22,-6.9877,1.3564,0.0
0.00042384895,0.045602717,0.0027732016,-6.2940316e-22,-6.7367,1.3028,0.0
0.00042754816,0.04517603,0.0024838941,-2.6009307000000003e-22,-6.4856,1.2492,0.0
0.0004633115,0.04455961,0.0028544413,-2.5043413000000004e-22,-6.2346,1.1955,0.0
0.00048516254,0.043853056,0.0032007154,-8.3731883e-22,-5.9836,1.1419,0.0
0.000517314,0.04340605,0.0035288963,-3.0642362e-22,-5.7326,1.0883,0.0
0.00055745686,0.04245915,0.0039759097,-8.893484e-22,-5.4815,1.0347,0.0
0.00058432156,0.041471638,0.004559503,-1.6686312000000001e-21,-5.2305,0.98102,0.0
0.00063899497,0.04041842,0.0044562817,-1.2294989e-21,-4.9795,0.92739,0.0
0.0006969444,0.038839795,0.005416246,-1.5689847e-21,-4.7285,0.87376,0.0
0.0007645531,0.03725256,0.006078237,-1.4973721e-21,-4.4774,0.8201299999999999,0.0
0.00081846776,0.035668455,0.0067778295,-3.2921104000000003e-22,-4.2264,0.7665,0.0
0.000874269,0.033498384,0.007414489,-1.3228534e-21,-3.9754,0.71287,0.0
0.00096050237,0.030808173,0.00809044,8.710258e-22,-3.7244,0.6592399999999999,0.0
0.0010374042,0.028098077,0.009197247,2.1012403e-21,-3.4733,0.60561,0.0
0.0011458289,0.023767263,0.010161674,-1.1105726e-21,-3.2223,0.55198,0.0
0.0012236229,0.01826947,0.0117836185,-1.0396756e-21,-2.9713,0.49835,0.0
0.0012919748,0.011935974,0.013564119,-4.868224e-22,-2.7202,0.44472,0.0
0.0013030862,-0.00013905484,0.00029703858,1.2785555e-23,-2.4692,0.39109,0.0
0.00025694532,0.048961997,0.0007725158,-4.576239e-24,-9.7482,2.5951,0.0
0.0002789939,0.048957095,0.0019992676,-1.0448922000000001e-22,-9.4964,2.5235,0.0
0.0002691346,0.04869285,0.0012975223,-2.697556e-22,-9.2445,2.452,0.0
0.00028593652,0.048684206,0.0015438825,-6.140937e-23,-8.9927,2.3804,0.0
0.00031763385,0.048481435,0.0019283292,3.0670508e-23,-8.7409,2.3089,0.0
0.00031655497,0.04845043,0.0017424794,9.041478000000001e-23,-8.4891,2.2373,0.0
0.00030513064,0.048115145,0.0017931366,-3.45435e-23,-8.2373,2.1657,0.0
0.00033072426,0.047957823,0.0018907622,-9.664601000000001e-23,-7.9854,2.0942,0.0
0.00033882528,0.047357913,0.0022560747,-4.3485800000000005e-24,-7.7336,2.0226,0.0
0.00034653203,0.047421113,0.0026962243,1.5213732e-23,-7.4818,1.951,0.0
0.00035865713,0.04682239,0.00288,8.257507e-23,-7.23,1.8795,0.0
0.0003652308,0.046533186,0.0029598968,-1.0294319e-23,-6.9781,1.8079,0.0
0.00038987218,0.04628405,0.0028407162,-4.658084e-22,-6.7263,1.7363,0.0
0.00041946728,0.04572817,0.0034400236,-2.950769e-24,-6.4745,1.6648,0.0
0.00043702245,0.0451767,0.0033792607,1.9068679000000001e-22,-6.2227,1.5932,0.0
0.00045533097,0.044506308,0.0043453784,-6.993525e-22,-5.9709,1.5217,0.0
0.00050552195,0.043961056,0.004465506,-4.0041534000000002e-22,-5.718999999999999,1.4501,0.0
0.00052745646,0.043158635,0.0051126056,-5.860737700000001e-22,-5.4672,1.3785,0.0
0.0005658187,0.042322665,0.004655023,-6.385612e-22,-5.2154,1.307,0.0
0.00058964215,0.04092612,0.005730925,-3.207775e-22,-4.9636,1.2354,0.0
0.0006415052,0.03985034,0.0067055686,1.244977e-21,-4.7118,1.1638,0.0
0.0006962026,0.038682073,0.007423392,1.712854e-21,-4.4599,1.0923,0.0
0.0007455658,0.036364585,0.008448701,1.0812964e-21,-4.2081,1.0207,0.0
0.0008241806,0.034524336,0.009055904,3.214089e-22,-3.9563,0.94916,0.0
0.00089741236,0.03216592,0.00987505,-1.329401e-21,-3.7045,0.87759,0.0
0.0009803732,0.029296808,0.011389596,-9.633528e-22,-3.4527,0.80603,0.0
0.0010686304,0.025303442,0.013514265,-3.0618139e-21,-3.2008,0.73447,0.0
0.0011333376,0.020266369,0.015049454,-5.696125e-21,-2.949,0.66291,0.0
0.0011993869,0.013719445,0.018316086,-6.4782754000000006e-21,-2.6972,0.59134,0.0
0.0012057998,3.563473e-07,-2.6549911e-05,9.197593000000001e-23,-2.4454,0.51978,0.0
0.00024986712,0.04936025,0.0018536914,1.4867587000000001e-22,-9.7472,3.2438,0.0
0.00025786355,0.049563926,0.0015396965,-1.147283e-22,-9.4943,3.1542,0.0
0.00026145883,0.04929693,0.0013731385,-3.179256e-22,-9.2415,3.0647,0.0
0.00027036987,0.048807126,0.0019472474,3.435859e-23,-8.9886,2.9752,0.0
0.00025738392,0.048591606,0.0017286625,7.321539000000001e-23,-8.7358,2.8856,0.0
0.00028496693,0.048546933,0.0012694346,4.667368e-24,-8.482999999999999,2.7961,0.0
0.000286363,0.048673123,0.0018419055,2.1477466e-22,-8.2301,2.7065,0.0
0.00030124103,0.048301093,0.0025864784,2.2446998000000003e-22,-7.9773,2.617,0.0
0.00031273428,0.04813802,0.002433571,-2.7584636e-23,-7.7244,2.5274,0.0
0.0003326132,0.048052326,0.0035961182,4.4865763e-23,-7.4716,2.4379,0.0
0.0003294539,0.047478065,0.0030930594,5.3567930000000005e-22,-7.2188,2.3484,0.0
0.00035160081,0.047113977,0.0030904221,6.7019977e-22,-6.9659,2.2588,0.0
0.00036310373,0.046834,0.0033215834,4.9081234e-22,-6.7131,2.1693,0.0
0.00037648855,0.046351343,0.0036455449,-9.431015000000001e-23,-6.4602,2.0797,0.0
0.00039723946,0.04605414,0.0042954893,1.9417479e-22,-6.2074,1.9902,0.0
0.00040712,0.045285247,0.0049846387,-9.515296000000001e-23,-5.9546,1.9006,0.0
0.00046367125,0.04481007,0.0049327044,-4.2432230000000005e-22,-5.7017,1.8111,0.0
0.0004804986,0.04394435,0.005674449,5.215686e-22,-5.4489,1.7216,0.0
0.00053509057,0.043117482,0.0063616894,1.4734285e-21,-5.196000000000001,1.632,0.0
0.0005731989,0.04196378,0.0066103465,1.4735794000000001e-21,-4.9432,1.5425,0.0
0.0005930707,0.04148104,0.007914255,1.4437647000000001e-21,-4.6904,1.4529,0.0
0.0006623693,0.039627567,0.008663822,7.540865e-22,-4.4375,1.3634,0.0
0.0006903473,0.037970036,0.010308403,-2.0012722000000003e-22,-4.1847,1.2738,0.0
0.00075985974,0.03619214,0.010367691,-3.143995e-22,-3.9319,1.1843,0.0
0.00081460446,0.03354995,0.0124660535,-6.1960745e-22,-3.679,1.0948,0.0
0.00091083045,0.03059931,0.013836439,3.5368270000000005e-23,-3.4262,1.0052,0.0
0.0009833938,0.02696102,0.016427543,2.3483614e-22,-3.1733,0.91568,0.0
0.00103399,0.02216492,0.018326938,-8.505908e-22,-2.9205,0.8261299999999999,0.0
0.0010812455,0.01596383,0.021784957,-1.264826e-21,-2.6677,0.73659,0.0
0.0010747851,7.0029375e-05,-0.0006809633,-2.5927794e-23,-2.4148,0.64705,0.0
0.00021905825,0.04973931,0.0011903904,3.217679e-23,-9.7459,3.8924,0.0
0.00023503506,0.049516525,0.0014606718,1.5067897e-22,-9.4918,3.7848,0.0
0.00023470708,0.04954409,0.001970242,2.2850796e-22,-9.2378,3.6773,0.0
0.00023168096,0.049270514,0.0024414542,2.0150330000000001e-22,-8.9837,3.5697,0.0
0.00024671142,0.049522117,0.0025531338,-2.1049414e-22,-8.7296,3.4621,0.0
0.00025362917,0.049093865,0.0023921463,-1.7560152000000002e-22,-8.4755,3.3545,0.0
0.0002646245,0.048876572,0.0031174659,-2.0578415000000003e-22,-8.2214,3.2469,0.0
0.00026762724,0.04869044,0.0034489632,3.35218e-22,-7.9674,3.1393,0.0
0.00028582787,0.04862594,0.002874971,4.6861963e-22,-7.7133,3.0318,0.0
0.00029450766,0.048348144,0.00360827,-8.1596793e-23,-7.4592,2.9242,0.0
0.00029684842,0.04792417,0.0034041272,3.8085462e-22,-7.2051,2.8166,0.0
0.00032206633,0.047823705,0.0039426433,3.5574466000000003e-22,-6.9511,2.709,0.0
0.00032835486,0.04749459,0.0040003676,3.1447545000000003e-22,-6.697,2.6014,0.0
0.00033047923,0.046906345,0.0042099045,1.1259123e-22,-6.4429,2.4939,0.0
0.00036740693,0.04661022,0.0051224753,4.1141865000000003e-22,-6.1888,2.3863,0.0
0.0003775878,0.04596664,0.0053076223,9.863795e-22,-5.9347,2.2787,0.0
0.0004144874,0.04554214,0.0059916712,1.0488529e-21,-5.6807,2.1711,0.0
0.00043610853,0.044796538,0.006434901,3.616822e-22,-5.4266,2.0635,0.0
0.00045459555,0.044137165,0.0067878156,-6.552564e-23,-5.1725,1.9559,0.0
0.0005131344,0.04334336,0.007980768,-1.7395783999999998e-23,-4.9184,1.8484,0.0
0.0005400641,0.042329907,0.008592932,-7.986351600000001e-22,-4.6643,1.7408,0.0
0.0005839722,0.04100468,0.009945854,-6.315277e-22,-4.4103,1.6332,0.0
0.0006105828,0.039324254,0.010846475,-1.0971465e-23,-4.1562,1.5256,0.0
0.0006834669,0.037674516,0.012168849,4.0768963e-23,-3.9021,1.418,0.0
0.00073686487,0.03575807,0.013822269,1.3400833e-21,-3.648,1.3105,0.0
0.0008098441,0.032874454,0.016774394,1.897575e-21,-3.394,1.2029,0.0
0.0008717908,0.02923847,0.018546913,1.3853375e-21,-3.1399,1.0953,0.0
0.0009368539,0.02431768,0.021549735,1.1147399e-21,-2.8858,0.98771,0.0
0.0009447694,0.018936057,0.025787486,3.103574e-21,-2.6317,0.8801200000000001,0.0
0.00093431975,0.00015266752,-0.00028650014,-1.1197684999999999e-23,-2.3776,0.77254,0.0
0.0002180771,0.04988443,0.0018654456,2.3722888e-22,-9.7445,4.541,0.0
0.00021700707,0.050058268,0.0015396872,2.5761365e-22,-9.4889,4.4153,0.0
0.0002152786,0.04950757,0.0020160805,1.316651e-22,-9.2334,4.2896,0.0
0.00022586386,0.04994648,0.0013434172,-1.0529892e-23,-8.9779,4.1639,0.0
0.000228953,0.04966872,0.00216242,1.9967183000000002e-22,-8.7223,4.0382,0.0
0.0002343807,0.049551092,0.00283095,1.0095216000000001e-22,-8.4668,3.9125,0.0
0.00024018265,0.049033776,0.0025326973,-9.829737e-24,-8.2113,3.7868,0.0
0.00026746388,0.0491866,0.0030896682,2.6689451e-22,-7.9557,3.6611,0.0
0.00024895926,0.049249798,0.00303902,2.7196271e-22,-7.7002,3.5354,0.0
0.00025468218,0.04903506,0.0034437927,2.6608665000000004e-22,-7.4447,3.4098,0.0
0.00026926078,0.048988324,0.0033499855,2.0150110000000002e-22,-7.1891,3.2841,0.0
0.00030500581,0.04834853,0.004133779,-4.2816220000000005e-22,-6.9336,3.1584,0.0
0.00028574307,0.04810295,0.004628264,-4.258041e-22,-6.678,3.0327,0.0
0.00030404088,0.04772311,0.0051988224,3.8881670000000003e-22,-6.4225,2.907,0.0
0.00032121185,0.04755563,0.0046504517,1.7502367000000002e-22,-6.167000000000001,2.7813,0.0
0.00034231148,0.046766154,0.0057917563,1.6034113e-22,-5.9114,2.6556,0.0
0.0003553005,0.046590548,0.00632645,4.440409e-22,-5.6559,2.5299,0.0
0.00038191228,0.046151944,0.006820091,-1.5355176000000002e-22,-5.4004,2.4042,0.0
0.00042133598,0.045384705,0.007880759,3.0128453e-22,-5.1448,2.2785,0.0
0.00045393888,0.044523355,0.0089333365,-2.7112334000000005e-22,-4.8893,2.1528,0.0
0.00049688364,0.043442227,0.009422626,2.835079e-22,-4.6338,2.0271,0.0
0.0005058955,0.042250685,0.010653637,1.2915449000000001e-21,-4.3782,1.9015,0.0
0.0005494522,0.041068945,0.012335192,-7.4441206e-23,-4.1227,1.7758,0.0
0.0006082908,0.039500743,0.0134019945,8.28397e-23,-3.8672,1.6501,0.0
0.0006397593,0.037305966,0.015389921,-1.149339e-21,-3.6116,1.5244,0.0
0.0007083224,0.03470226,0.017681506,-9.579266e-22,-3.3561,1.3987,0.0
0.0007637213,0.03169423,0.020598616,1.0150057399999999e-22,-3.1006,1.273,0.0
0.0008030863,0.027219694,0.023474328,2.0265263000000003e-21,-2.845,1.1473,0.0
0.00079415005,0.021838438,0.028982595,2.7522856000000003e-21,-2.5895,1.0216,0.0
0.0007448323,4.5413617e-05,1.830794e-05,-7.984964e-24,-2.334,0.89592,0.0
0.00020093899,0.050491165,0.0014244148,1.4705104e-22,-9.7428,5.1895,0.0
0.00020661179,0.050470643,0.0017043664,9.455279000000001e-23,-9.4856,5.0456,0.0
0.00019988287,0.050244458,0.0015470022,-6.190339000000001e-23,-9.2284,4.9017,0.0
0.00020567392,0.05017216,0.0021716685,6.910612e-23,-8.9712,4.7578,0.0
0.00021565337,0.050098695,0.002729374,2.2314330000000002e-22,-8.714,4.6139,0.0
0.00020068383,0.049993157,0.0022447393,3.183369e-22,-8.4568,4.47,0.0
0.00022160361,0.05000823,0.0028396505,-1.8914537e-23,-8.1996,4.3262,0.0
0.00021740739,0.049691245,0.0025590514,-3.1472253000000005e-22,-7.9424,4.1823,0.0
0.00023352909,0.049691796,0.0036987425,-6.3223943e-22,-7.6852,4.0384,0.0
0.00022226931,0.049477845,0.0032903757,-2.602322e-22,-7.428,3.8945,0.0
0.00023961793,0.04913164,0.0040706554,-7.4667565e-23,-7.1708,3.7506,0.0
0.00024737042,0.04914303,0.00463809,-3.4605725000000004e-22,-6.9135,3.6067,0.0
0.0002588324,0.04870861,0.0041079773,-5.490939e-22,-6.6563,3.4629,0.0
0.0002832577,0.048664007,0.004479273,-4.540496e-22,-6.3991,3.319,0.0
0.00029311486,0.048284404,0.005420192,-7.165171300000001e-22,-6.1419,3.1751,0.0
0.00030023674,0.047869258,0.0060191313,-1.2633549000000001e-21,-5.8847,3.0312,0.0
0.00031750105,0.047429964,0.0069434517,-8.0949246000000005e-22,-5.6275,2.8873,0.0
0.00032439022,0.046912648,0.007603783,-1.1243569000000001e-21,-5.3703,2.7434,0.0
0.00035957142,0.046509307,0.007776124,-7.757903500000001e-22,-5.1131,2.5996,0.0
0.00038177523,0.04564473,0.008937714,-7.221622e-22,-4.8559,2.4557,0.0
0.0004107473,0.045160793,0.010091221,-1.0879394e-21,-4.5987,2.3118,0.0
0.00045203135,0.043750137,0.011383184,-3.074428e-22,-4.3415,2.1679,0.0
0.00047877227,0.04277615,0.0127502335,5.6030137e-22,-4.0843,2.024,0.0
0.0005196821,0.0413536,0.014180823,7.5761686e-22,-3.8271,1.8801,0.0
0.0005604913,0.03971871,0.016469048,-4.234262e-23,-3.5699,1.7363,0.0
0.00058329187,0.037116796,0.019156136,8.765358000000001e-23,-3.3127,1.5924,0.0
0.0006346938,0.034244154,0.022948066,4.770306e-22,-3.0555,1.4485,0.0
0.0006741537,0.030540382,0.026235767,1.9117113e-21,-2.7983,1.3046,0.0
0.0006513407,0.025322622,0.031720106,1.9863313e-21,-2.5411,1.1607,0.0
0.00055912905,4.7508627e-05,-0.0002773134,2.6616015e-23,-2.2839,1.0168,0.0
0.00020029253,0.050511323,0.0014099781,-3.4068679000000003e-22,-9.7409,5.8378,0.0
0.0001867419,0.05081909,0.001131109,-1.866401e-22,-9.4818,5.6757,0.0
0.00018567794,0.050611332,0.0017152433,-2.1886680000000002e-23,-9.2228,5.5135,0.0
0.00019356355,0.05078493,0.001449493,-6.065914e-23,-8.9637,5.3513,0.0
0.0001916321,0.050463036,0.0023248186,-3.4763184e-22,-8.7046,5.1892,0.0
0.00019663674,0.050651766,0.0020989026,-1.2608759000000001e-22,-8.4455,5.027,0.0
0.00019177732,0.050599594,0.0025957366,1.9822911000000002e-22,-8.1864,4.8648,0.0
0.00020700591,0.050495468,0.0030128977,-3.1857096e-22,-7.9273,4.7027,0.0
0.00020618559,0.050132133,0.0032042747,-2.2381592e-22,-7.6683,4.5405,0.0
0.00019736552,0.04997751,0.0035550096,-3.4473646000000004e-22,-7.4092,4.3783,0.0
0.00019879322,0.05011403,0.0035617845,-1.0969549e-22,-7.1501,4.2162,0.0
0.00020546469,0.049916238,0.004675678,-3.3991196e-23,-6.891,4.053999999999999,0.0
0.0002319402,0.04969857,0.0050672875,-1.5668328000000001e-22,-6.6319,3.8918,0.0
0.00022936714,0.049040794,0.00496087,-5.32294e-22,-6.3728,3.7297,0.0
0.00023666662,0.049248703,0.0056435037,-9.612723000000001e-23,-6.1138,3.5675,0.0
0.00027293738,0.048717417,0.00604642,2.3977002000000004e-22,-5.8547,3.4053,0.0
0.00029134838,0.048361644,0.0072901985,-4.406591e-22,-5.5956,3.2432,0.0
0.00029243543,0.04820064,0.0071079293,-2.757828e-22,-5.3365,3.0810000000000004,0.0
0.00029206215,0.04734185,0.008352827,-1.0585568e-21,-5.0774,2.9188,0.0
0.00032469755,0.046689328,0.009173393,-8.418536e-22,-4.8183,2.7567,0.0
0.00034291652,0.04621398,0.010096131,-6.196567300000001e-22,-4.5593,2.5945,0.0
0.00036891183,0.04522436,0.011703758,-1.6073311e-21,-4.3002,2.4323,0.0
0.0003978806,0.04414789,0.01318204,-7.375393600000001e-22,-4.0411,2.2701,0.0
0.00042771015,0.0433807,0.014623437,-8.4575487e-22,-3.782,2.108,0.0
0.0004639603,0.041569658,0.01714645,-7.423118e-22,-3.5229,1.9458,0.0
0.0004985025,0.039370738,0.019943912,1.1454022000000001e-21,-3.2638,1.7836,0.0
0.00050131575,0.03696482,0.023645576,2.7163164e-22,-3.0048,1.6215,0.0
0.00052569393,0.033643574,0.028589329,-1.5661428000000001e-21,-2.7457,1.4593,0.0
0.00047322805,0.028758004,0.034310516,-9.915446000000001e-22,-2.4866,1.2971,0.0
0.00033857883,7.625646e-05,8.0111204e-05,2.264629e-23,-2.2275,1.135,0.0
0.00016263731,0.05091898,0.0010559683,-2.0204805000000002e-22,-9.7388,6.4861,0.0
0.00016643634,0.050766475,0.0015875758,-1.6265343000000001e-22,-9.4777,6.3056,0.0
0.00017199753,0.05086884,0.0013753492,4.9654768e-23,-9.2165,6.125,0.0
0.00017825863,0.050709873,0.0019269777,2.1978447e-23,-8.9553,5.9444,0.0
0.0001674565,0.050610565,0.002641378,-3.2277310000000005e-23,-8.6942,5.7639,0.0
0.00017577903,0.05074975,0.0022909162,-3.465924e-23,-8.433,5.5833,0.0
0.00016634788,0.05083444,0.0025020053,1.1117388e-22,-8.1718,5.4028,0.0
0.00017554902,0.05073256,0.002344557,1.0517664000000001e-22,-7.9107,5.2222,0.0
0.00016592207,0.050859056,0.002715969,4.726275e-22,-7.6495,5.0417,0.0
0.0001754158,0.05050184,0.003691353,4.8234863e-22,-7.3884,4.8611,0.0
0.00018682882,0.050292093,0.00361037,1.2512212e-22,-7.1272,4.6806,0.0
0.00019386243,0.050359048,0.004091356,1.6878064e-23,-6.8660000000000005,4.5,0.0
0.00018914146,0.050357223,0.00464646,1.8797831000000001e-22,-6.6049,4.3194,0.0
0.00019316917,0.050008856,0.004834373,1.3441978000000002e-22,-6.3437,4.1389,0.0
0.00021472608,0.0495976,0.005448072,5.202847400000001e-22,-6.0825,3.9583,0.0
0.00021155825,0.04958556,0.00608751,1.1605214e-21,-5.8214,3.7778,0.0
0.00021594574,0.049361605,0.0069922344,5.095057500000001e-22,-5.5602,3.5972,0.0
0.00025335222,0.049135987,0.0074514193,7.025931500000001e-22,-5.299,3.4167,0.0
0.00025848256,0.048391145,0.008737908,8.437449e-22,-5.0379,3.2361,0.0
0.0002748479,0.047915243,0.009166282,7.50727e-22,-4.7767,3.0556,0.0
0.00028839966,0.047607988,0.010724833,1.1073199e-21,-4.5155,2.875,0.0
0.0002926945,0.046862993,0.011809544,3.802847e-22,-4.2544,2.6944,0.0
0.0003268181,0.045933865,0.013162938,-1.0930782e-21,-3.9932,2.5139,0.0
0.00035265787,0.044854864,0.0151446825,-7.563744000000001e-22,-3.7321,2.3333,0.0
0.00035366742,0.04376448,0.018283246,1.4422876e-23,-3.4709,2.1528,0.0
0.00039026717,0.04182934,0.020574981,-2.1700125e-22,-3.2097,1.9722,0.0
0.0003908213,0.039398078,0.024546798,-2.47124e-22,-2.9486,1.7917,0.0
0.00038510325,0.036556162,0.02920585,-1.1058674e-21,-2.6874,1.6111,0.0
0.00029345212,0.03254463,0.035948746,-1.1300695e-21,-2.4262,1.4306,0.0
0.00011648855,0.00013022777,-0.0002559916,-1.6732510000000003e-23,-2.1651,1.25,0.0
0.00015218619,0.051439647,0.0010545076,7.451123000000001e-23,-9.7366,7.1343,0.0
0.00014990731,0.051199727,0.0011419416,7.622820000000001e-24,-9.4731,6.9352,0.0
0.0001680683,0.051177703,0.0015325099,-1.1232925e-23,-9.2097,6.7362,0.0
0.00015779292,0.051198192,0.0015979796,-1.4975637e-22,-8.9462,6.5371,0.0
0.00014348114,0.05125866,0.0015936355,1.4351361e-22,-8.6828,6.337999999999999,0.0
0.00015801958,0.051129214,0.0016369345,1.8666968000000002e-22,-8.4193,6.138999999999999,0.0
0.00015504893,0.051387347,0.0022000924,-1.1316408000000002e-22,-8.1559,5.9399,0.0
0.00015062923,0.051296942,0.0023754314,2.0635316000000002e-22,-7.8924,5.7409,0.0
0.00016802561,0.051459715,0.0031228988,1.5168620999999998e-23,-7.629,5.5418,0.0
0.00016280149,0.050988,0.002974408,-2.1784627e-23,-7.3656,5.3428,0.0
0.00016226774,0.051017854,0.0037827268,2.5163274e-24,-7.1021,5.1437,0.0
0.00016169054,0.05122447,0.0042800745,-7.339905000000001e-23,-6.8387,4.9446,0.0
0.00016878704,0.050770346,0.00457938,1.8018694e-23,-6.5752,4.7456,0.0
0.00016490948,0.050577775,0.00483841,2.319249e-22,-6.3118,4.5465,0.0
0.00017066338,0.05054157,0.00558214,3.6527506000000003e-22,-6.0483,4.3475,0.0
0.00018301139,0.05030662,0.00631958,2.7071424000000003e-22,-5.7849,4.1484,0.0
0.0001815347,0.049888745,0.0065808715,3.7571988e-22,-5.5215,3.9493,0.0
0.00020639738,0.050133366,0.0078042783,3.4954396e-22,-5.257999999999999,3.7503,0.0
0.00022054143,0.04933788,0.0086242445,3.5151026000000005e-22,-4.9946,3.5512,0.0
0.00022397576,0.049209982,0.008540005,4.523005e-22,-4.7311,3.3522,0.0
0.00023999735,0.048807904,0.010199299,6.443748000000001e-23,-4.4677,3.1531,0.0
0.0002387003,0.048265748,0.012017766,7.771268000000001e-22,-4.2042,2.9541,0.0
0.00026079177,0.047520086,0.013456081,6.512227000000001e-22,-3.9408,2.755,0.0
0.00028704785,0.04683681,0.015293618,7.449217e-22,-3.6773,2.5559,0.0
0.0002767841,0.045412637,0.018052163,7.1624844e-22,-3.4139,2.3569,0.0
0.0002740704,0.044282172,0.020733953,-1.084257e-21,-3.1505,2.1578,0.0
0.00024410259,0.04204931,0.025363626,-3.5125707000000003e-22,-2.887,1.9588,0.0
0.00024512334,0.039784376,0.030024689,-2.148343e-22,-2.6236,1.7597,0.0
9.800717e-05,0.036344014,0.037840188,-6.0113e-22,-2.3601,1.5607,0.0
-9.751501e-05,6.617233e-05,-0.000104701714,5.903605000000001e-23,-2.0967,1.3616,0.0
0.00015880672,0.051249262,0.0010376275,1.4332984e-23,-9.7341,7.7823,0.0
0.0001455984,0.051224276,0.0011958898,-2.9955068e-22,-9.4682,7.5646,0.0
0.00014588065,0.051432535,0.0013267958,-3.5549299999999997e-22,-9.2023,7.3469,0.0
0.00012895164,0.050990544,0.0014955967,3.9970130000000006e-23,-8.9363,7.1293,0.0
0.00014407892,0.051413365,0.0012882715,-9.389e-23,-8.6704,6.9116,0.0
0.00013331833,0.051629074,0.0018191874,-3.4590546000000004e-22,-8.4045,6.6939,0.0
0.00012527946,0.05143003,0.0019205576,-3.8396284000000004e-22,-8.1386,6.4762,0.0
0.0001311245,0.051236264,0.0019930976,-3.3258578e-23,-7.8727,6.2585,0.0
0.00013573162,0.051555436,0.0022812125,-6.563878000000001e-23,-7.6068,6.0408,0.0
0.00015698117,0.0516524,0.0029777566,-5.1044425e-23,-7.3408,5.8232,0.0
0.00015547789,0.05116406,0.0034381351,-4.2770852e-23,-7.0749,5.6055,0.0
0.0001461578,0.0515265,0.0032342414,8.53699e-24,-6.809,5.3878,0.0
0.0001414943,0.05124627,0.0038538505,7.0053524e-23,-6.5431,5.1701,0.0
0.0001298775,0.05122652,0.004861171,7.054512e-24,-6.2772,4.9524,0.0
0.00014624203,0.051269665,0.0048432774,7.895859e-23,-6.0113,4.7347,0.0
0.00014496138,0.05107833,0.005837317,-1.6985778000000001e-22,-5.7454,4.517,0.0
0.0001676222,0.050967768,0.006009848,-3.2890022e-23,-5.4794,4.2994,0.0
0.00016052515,0.05099494,0.007307628,7.1367804e-24,-5.2135,4.0817,0.0
0.0001623928,0.05063887,0.0078286445,-1.7667036000000002e-22,-4.9476,3.864,0.0
0.00017660212,0.049948037,0.009097649,-6.4859866e-23,-4.6817,3.6463,0.0
0.00017578679,0.049704745,0.010329398,1.5896999e-23,-4.4158,3.4286,0.0
0.00019937241,0.04916078,0.012205654,-3.5492632e-23,-4.1499,3.2109,0.0
0.00018375267,0.049177296,0.013406056,4.01819e-22,-3.8839,2.9933,0.0
0.00018673694,0.048042372,0.01587625,-3.4468918e-23,-3.618,2.7756,0.0
0.00018532173,0.0473074,0.018216757,-6.4116797e-23,-3.3521,2.5579,0.0
0.00017397488,0.046202797,0.021098232,3.3285528e-22,-3.0862,2.3402,0.0
0.00012714698,0.045109116,0.025977336,3.0594257000000003e-22,-2.8203,2.1225,0.0
0.000111273526,0.0428097,0.030811438,-2.4064150000000003e-22,-2.5544,1.9048,0.0
-9.791058e-05,0.0401992,0.038752805,2.2993004e-21,-2.2885,1.6871,0.0
-0.0003707533,0.00010940479,0.00012365374,-1.386088e-23,-2.0225,1.4695,0.0
0.00013513332,0.051406067,0.0012793962,2.9269075e-22,-9.7314,8.4302,0.0
0.00014410107,0.05154071,0.00046195602,2.261208e-22,-9.4629,8.1938,0.0
0.0001352254,0.051781427,0.0007922272,2.5771856000000003e-22,-9.1943,7.9573,0.0
0.00012232455,0.051550884,0.0008388576,2.2558832e-22,-8.9257,7.7209,0.0
0.00013044261,0.05176563,0.0012556324,4.6504423e-23,-8.6571,7.4844,0.0
0.00014056009,0.051650632,0.0012042333,-2.171172e-22,-8.3886,7.247999999999999,0.0
0.00012373514,0.051722765,0.0013948911,-2.15895e-22,-8.12,7.0115,0.0
0.0001229371,0.051985826,0.0016057175,-2.9082843000000004e-22,-7.8514,6.7751,0.0
0.00011599867,0.051682808,0.0021770673,-1.346087e-24,-7.5829,6.5387,0.0
0.000121075216,0.05197008,0.002522319,-1.9895490000000001e-22,-7.3143,6.3022,0.0
0.00011263679,0.05192064,0.0032982167,-2.0310390000000002e-22,-7.0457,6.0658,0.0
0.00011032302,0.05177399,0.0034929852,4.7902815e-23,-6.7771,5.8293,0.0
9.647e-05,0.051681317,0.003729154,1.0152703000000001e-24,-6.5086,5.5929,0.0
0.00011444367,0.051874094,0.004113831,-1.0484171000000001e-22,-6.24,5.3564,0.0
0.00011679021,0.052116137,0.005244038,-3.1265367e-22,-5.9714,5.12,0.0
0.000109797584,0.051578604,0.0055975826,-9.868738000000001e-23,-5.7029,4.8835,0.0
0.00011492551,0.051425412,0.006281106,-3.6110705000000002e-22,-5.4343,4.6471,0.0
0.00012015934,0.051285885,0.0068664383,-2.0785422000000002e-22,-5.1657,4.4106,0.0
0.00012688451,0.05108776,0.00789122,-2.1145769e-22,-4.8971,4.1742,0.0
0.00013276428,0.051097594,0.009200055,-1.0169829399999999e-22,-4.6286,3.9378,0.0
0.00013249763,0.050724104,0.009805631,-2.283694e-22,-4.36,3.7013,0.0
0.00013050115,0.050564058,0.011795154,-3.9444257000000004e-22,-4.0914,3.4649,0.0
0.0001130799,0.050174825,0.013102405,-2.3646238e-23,-3.8229,3.2284,0.0
0.0001249396,0.049560048,0.015020747,2.9205903e-22,-3.5543,2.992,0.0
9.425266e-05,0.049207367,0.018209683,1.8440110000000002e-22,-3.2857,2.7555,0.0
0.00011279104,0.04838404,0.021730997,-6.686713e-24,-3.0171,2.5191,0.0
2.2336822e-05,0.047516327,0.02605459,-1.0239246e-21,-2.7486,2.2826,0.0
-3.8970084e-05,0.04623036,0.031656887,-9.580952e-22,-2.48,2.0462,0.0
-0.0003053606,0.04458615,0.03948613,2.8742706000000004e-22,-2.2114,1.8097,0.0
-0.00062154746,-0.0003952306,-0.0001597479,-1.6824169e-23,-1.9429,1.5733,0.0
0.00012909166,0.051145315,0.00016151275,-9.719867000000001e-23,-9.7286,9.078,0.0
0.00013037314,0.051534936,0.0004816202,2.3303822e-22,-9.4572,8.8226,0.0
0.00012181717,0.051823236,0.0008833031,4.3616733e-22,-9.1858,8.5673,0.0
0.00012299023,0.051688906,0.00030484766,9.8834805e-23,-8.9144,8.3119,0.0
9.9742996e-05,0.05191683,0.0010475433,-1.185014e-22,-8.642999999999999,8.0566,0.0
0.0001228957,0.0521485,0.0013076445,4.357742400000001e-22,-8.3716,7.8012,0.0
0.00011062951,0.05178413,0.0017235212,3.629315e-22,-8.1002,7.5459,0.0
0.000110699446,0.051958285,0.0014023732,6.4615054e-23,-7.8288,7.2905,0.0
0.0001048948,0.051936768,0.0020860685,-7.58811e-23,-7.5574,7.0352,0.0
0.00010029175,0.05220996,0.00273113,-1.7885686000000002e-22,-7.286,6.7798,0.0
9.1569345e-05,0.05233618,0.0030051782,-1.4669567000000002e-22,-7.0145,6.5245,0.0
9.021303e-05,0.052429534,0.003077625,-4.5157983e-23,-6.7431,6.2691,0.0
8.572603e-05,0.05222436,0.0033229934,-1.8956714000000003e-22,-6.4717,6.0138,0.0
8.281711e-05,0.05247595,0.0039968016,-1.8714691000000002e-22,-6.2003,5.7584,0.0
9.5289826e-05,0.052077122,0.004304455,-1.1388024e-22,-5.9289,5.5031,0.0
9.67267e-05,0.05254912,0.0048198416,-2.5046341000000002e-22,-5.6575,5.2477,0.0
9.14729e-05,0.051919878,0.005994476,-3.0951166000000005e-22,-5.3861,4.9924,0.0
8.975236e-05,0.052272867,0.006722385,-2.741199e-22,-5.1147,4.737,0.0
8.896385e-05,0.051772155,0.0074326713,-6.372815000000001e-23,-4.8433,4.4817,0.0
8.757542e-05,0.052008882,0.007866329,2.0613074e-23,-4.5719,4.2263,0.0
7.7511504e-05,0.051868506,0.009624369,5.947052000000001e-23,-4.3005,3.971,0.0
7.3936884e-05,0.051672697,0.010627996,-7.5816475e-23,-4.0291,3.7156,0.0
7.3310424e-05,0.051537283,0.012609945,1.0502023e-23,-3.7577,3.4603,0.0
7.9578305e-05,0.05098494,0.014653138,1.8767102e-23,-3.4863,3.2049,0.0
3.364104e-05,0.05064097,0.017764773,8.988309e-23,-3.2149,2.9496,0.0
7.580962e-06,0.050209705,0.020916,-1.3205325000000002e-22,-2.9435,2.6942,0.0
-8.288147e-05,0.049843386,0.02571034,-1.103285e-22,-2.6721,2.4389,0.0
-0.00018613262,0.049410034,0.03066201,-4.7090105e-24,-2.4007,2.1835,0.0
-0.0005005191,0.047959268,0.039924063,-2.0570819000000002e-21,-2.1293,1.9282,0.0
-0.000874007,5.838182e-05,-0.00018847102,-2.2011220000000003e-23,-1.8579,1.6728,0.0
0.00013890179,0.050847583,0.00021190941,-6.5716445000000005e-22,-9.7256,9.7256,0.0
0.00012747977,0.051100485,0.00023802806,-8.203833300000001e-22,-9.4512,9.4512,0.0
0.00015664494,0.051312752,0.00054327666,-5.950988e-22,-9.1768,9.1768,0.0
0.00011608891,0.05173928,0.00032544753,-6.6302717e-22,-8.9024,8.9024,0.0
0.00011585068,0.05158747,0.00062317133,-6.8373516e-23,-8.628,8.628,0.0
0.00010333296,0.05217553,0.00040251424,3.9411372000000004e-22,-8.3536,8.3536,0.0
0.000114820024,0.05232089,0.00083952025,5.443317e-22,-8.0791,8.0791,0.0
9.957678e-05,0.0525366,0.0013283454,-1.0604815e-23,-7.8047,7.8047,0.0
0.000105583196,0.052414585,0.0017359802,3.4903937000000004e-22,-7.5303,7.5303,0.0
9.001677e-05,0.052335277,0.0017077108,4.7191906e-22,-7.2559,7.2559,0.0
7.903729e-05,0.05283602,0.0023358515,5.3870516000000005e-22,-6.9815,6.9815,0.0
7.563237e-05,0.052520186,0.002611333,3.0530835999999996e-23,-6.7071,6.7071,0.0
6.71979e-05,0.05273191,0.0032121274,-1.077168e-22,-6.4327,6.4327,0.0
6.5778215e-05,0.05277749,0.003416135,1.6665021000000002e-22,-6.1583,6.1583,0.0
8.066516e-05,0.052573405,0.004463397,4.599006e-23,-5.8839,5.8839,0.0
6.517685e-05,0.052787583,0.004377066,8.206213000000001e-23,-5.6095,5.6095,0.0
6.687314e-05,0.05252303,0.0052494262,7.271321000000001e-23,-5.3351,5.3351,0.0
5.4075805e-05,0.052896775,0.0063641015,1.7498192e-22,-5.0607,5.0607,0.0
5.2686708e-05,0.052740004,0.007073897,2.9002364e-23,-4.7863,4.7863,0.0
5.50642e-05,0.052606553,0.008363222,-1.3562157e-22,-4.5118,4.5118,0.0
1.966895e-05,0.052551433,0.009120406,-2.1412033e-22,-4.2374,4.2374,0.0
2.8127532e-05,0.052371725,0.010638101,-1.5943901000000002e-22,-3.963,3.963,0.0
6.635788e-06,0.052278332,0.01242691,2.0137053999999998e-23,-3.6886,3.6886,0.0
3.9046063e-06,0.05234843,0.0144528905,-8.444977e-24,-3.4142,3.4142,0.0
-4.555024e-05,0.052340694,0.017477894,8.280909000000001e-23,-3.1398,3.1398,0.0
-7.924846e-05,0.05220623,0.02045172,-1.7831960000000002e-22,-2.8654,2.8654,0.0
-0.0002127194,0.05199609,0.024871444,3.0174199999999997e-21,-2.591,2.591,0.0
-0.0003099923,0.05165658,0.030588532,3.3186464000000002e-21,-2.3166,2.3166,0.0
-0.00066415523,0.05211922,0.039643742,3.6263670000000004e-23,-2.0422,2.0422,0.0
-0.0011078537,0.0001700432,0.00015987991,-2.5193062000000002e-24,-1.7678,1.7678,0.0
-0.00085730886,0.055805698,0.039428808,-3.1408294e-21,-1.9282,2.1293,0.0
-0.0013387221,4.768167e-05,9.6440315e-05,4.337301e-23,-1.6728,1.8579,0.0
-0.0010675233,0.0597675,0.0403572,-3.3454412000000004e-22,-1.8097,2.2114,0.0
-0.001581632,1.3392884e-05,6.275391e-05,2.0841124999999998e-23,-1.5733,1.9429,0.0
-0.001290669,0.06359311,0.039135363,7.21114e-21,-1.6871,2.2885,0.0
-0.0018408124,0.00016142265,-0.00057917705,3.1667104e-23,-1.4695,2.0225,0.0
-0.001497114,0.067309745,0.038555276,-2.3095909e-21,-1.5607,2.3601,0.0
-0.0020870445,-0.00011906051,0.00012686406,1.3350714e-24,-1.3616,2.0967,0.0
-0.0017092966,0.07099009,0.03637539,-2.7534427e-21,-1.4306,2.4262,0.0
-0.0023402472,-5.71399e-05,2.8556678e-05,6.459954000000001e-23,-1.25,2.1651,0.0
-0.0019071728,0.07420744,0.034867276,4.1552085e-21,-1.2971,2.4866,0.0
-0.0025747607,-0.000109402,-0.00010209465,3.8703360000000003e-23,-1.135,2.2275,0.0
-0.002069444,0.07730974,0.032806,-2.4311874e-21,-1.1607,2.5411,0.0
-0.0027570098,-2.5288668e-05,2.9595103e-05,-3.5075962e-23,-1.0168,2.2839,0.0
-0.0022297513,0.08050226,0.029926393,-3.0302647e-21,-1.0216,2.5895,0.0
-0.002938214,0.00010281359,-5.8000587e-05,6.658945e-24,-0.89592,2.334,0.0
-0.0023654585,0.0831368,0.026383864,-3.2148288000000003e-21,-0.8801200000000001,2.6317,0.0
-0.003059025,-5.995948e-05,4.253455e-05,8.6649757e-23,-0.77254,2.3776,0.0
-0.0024862883,0.08550212,0.023312787,4.3602354e-22,-0.73659,2.6677,0.0
-0.003166436,-8.962833e-05,0.000131923,-1.8691624e-23,-0.64705,2.4148,0.0
-0.0025565238,0.08733114,0.019928634,3.9417006000000005e-21,-0.59134,2.6972,0.0
-0.0032363003,-0.00031491183,-0.00017766294,-3.9062398e-23,-0.51978,2.4454,0.0
-0.0025901182,0.088191584,0.01608971,-1.6216274000000002e-22,-0.44472,2.7202,0.0
-0.0032656842,0.00024988828,-8.901069e-05,6.985799000000001e-23,-0.39109,2.4692,0.0
-0.0025948158,0.08880377,0.011570346,-5.430173600000001e-22,-0.29705,2.7368,0.0
-0.0032581298,0.0003628286,-0.00048792455,6.0262409999999996e-24,-0.26132,2.4863,0.0
-0.002578431,0.08893796,0.008229163,1.6444981000000003e-22,-0.1487,2.7467,0.0
-0.003208464,-3.7528458e-05,-0.00018946888,-2.9514505e-23,-0.13084,2.4966,0.0
-0.0024983536,0.08824192,0.0040195505,8.084588000000001e-23,-2.1464e-16,2.75,0.0
-0.0031220724,-5.6617428e-06,0.00023780088,4.8132102e-23,-2.2204e-16,2.5,0.0
-0.0024073748,0.08676219,2.283245e-05,-7.536883e-23,0.1487,2.7467,0.0
-0.0029716708,-5.7262616e-05,0.000579779,6.885819e-23,0.13084,2.4966,0.0
-0.002252328,0.08493802,-0.0033144108,-1.145591e-21,0.29705,2.7368,0.0
-0.0028150612,-2.6494265e-05,-0.00043808622,-6.0566973000000006e-24,0.26132,2.4863,0.0
-0.0020909773,0.08229629,-0.00634477,9.881345e-23,0.44472,2.7202,0.0
-0.002607758,0.00015196507,0.00018133689,5.262881e-23,0.39109,2.4692,0.0
-0.0018903343,0.079136945,-0.009234624,3.53808e-21,0.59134,2.6972,0.0
-0.0023501073,4.4376822e-05,-0.00010327762,-7.3360934e-23,0.51978,2.4454,0.0
-0.0016982902,0.075697914,-0.010309316,-9.474449000000001e-23,0.73659,2.6677,0.0
-0.0020892415,5.8735255e-05,0.00033167866,4.7283565e-23,0.64705,2.4148,0.0
-0.0014642469,0.0718458,-0.011999997,-2.0329585e-21,0.8801200000000001,2.6317,0.0
-0.0018070774,1.8140301e-05,-0.0001958895,5.8807675e-23,0.77254,2.3776,0.0
-0.0012547042,0.06791045,-0.011556112,-1.2630544e-21,1.0216,2.5895,0.0
-0.0015081104,5.6686345e-05,9.012595e-05,4.9128490000000006e-23,0.89592,2.334,0.0
-0.0010391849,0.06310484,-0.010960202,-1.5739144e-21,1.1607,2.5411,0.0
-0.001225742,6.868108e-05,-0.00052649726,-2.2637758e-23,1.0168,2.2839,0.0
-0.0008618168,0.05851865,-0.009827362,2.8516276e-21,1.2971,2.4866,0.0
-0.0009815443,-8.450961e-05,0.00036748964,-1.4667613e-23,1.135,2.2275,0.0
-0.0007417955,0.054034162,-0.007144202,-2.9087493e-21,1.4306,2.4262,0.0
-0.00078914117,-2.687599e-05,-1.3818499e-06,8.6978365e-23,1.25,2.1651,0.0
-0.0006644312,0.049578708,-0.004066724,1.3745289000000001e-21,1.5607,2.3601,0.0
-0.00067042647,2.5079586e-05,-0.00010007876,-4.1171168e-23,1.3616,2.0967,0.0
-0.0006610473,0.044371363,-0.00049418025,2.1008525e-20,1.6871,2.2885,0.0
-0.0006418752,0.00015968923,-0.00020297896,4.8192736999999997e-23,1.4695,2.0225,0.0
-0.00070196076,0.037532225,0.000795315,-1.4240707e-20,1.8097,2.2114,0.0
-0.0006916052,-0.00027829385,-0.00024104514,-1.8952125e-23,1.5733,1.9429,0.0
-0.0007301287,0.028749198,-0.0012797518,-2.7844735e-20,1.9282,2.1293,0.0
-0.0007375254,0.00011330028,0.00015776046,1.9349584e-23,1.6728,1.8579,0.0
-0.0007269067,0.020134686,-0.0020170864,-3.186584e-23,2.0422,2.0422,0.0
-0.0007591877,-7.155351e-05,0.00031233765,-2.942751e-23,1.7678,1.7678,0.0
-0.00047346207,0.055068143,0.030672539,2.2437535000000002e-21,-2.1835,2.4007,0.0
-0.0006485499,0.057864204,0.030911725,-3.412125e-22,-2.0462,2.48,0.0
-0.00079666567,0.060762018,0.03111445,-3.122114e-21,-1.9048,2.5544,0.0
-0.0009668233,0.06426313,0.03082153,-2.3881987e-21,-1.7597,2.6236,0.0
-0.0011405841,0.067190155,0.029390438,2.758609e-21,-1.6111,2.6874,0.0
-0.0013147487,0.07003839,0.028087553,2.9732926e-21,-1.4593,2.7457,0.0
-0.0014623646,0.073379666,0.026176777,-2.2921215e-21,-1.3046,2.7983,0.0
-0.001621924,0.07605189,0.024176653,-2.1594232e-21,-1.1473,2.845,0.0
-0.0017451189,0.07835654,0.021925315,-9.180748e-22,-0.98771,2.8858,0.0
-0.0018488055,0.08042459,0.019650385,3.7544170000000003e-22,-0.8261299999999999,2.9205,0.0
-0.0019380362,0.08217955,0.016406342,3.8383713e-21,-0.66291,2.949,0.0
-0.0020115133,0.08337784,0.013991961,1.070998e-21,-0.49835,2.9713,0.0
-0.0020258902,0.084678076,0.010338888,-1.9551478e-21,-0.33279,2.9872,0.0
-0.0020219067,0.085064635,0.0067171063,-1.1003806e-21,-0.1665599999999999,2.9968,0.0
-0.0019869807,0.08452347,0.0030992208,3.6848513000000005e-24,-2.0724e-16,3.0,0.0
-0.0019159636,0.08419655,0.000285786,-1.0416326e-21,0.1665599999999999,2.9968,0.0
-0.0018287632,0.082457356,-0.002216812,-1.7310374000000002e-21,0.33279,2.9872,0.0
-0.0016884096,0.08080526,-0.004976902,1.0639956e-21,0.49835,2.9713,0.0
-0.0015718199,0.07870036,-0.0068248496,3.4960643e-21,0.66291,2.949,0.0
-0.0014257273,0.07662591,-0.008185809,-3.1458627e-22,0.8261299999999999,2.9205,0.0
-0.0012752094,0.07431479,-0.009332862,-2.4032988e-21,0.98771,2.8858,0.0
-0.0011401242,0.07243942,-0.009666102,-2.0595533e-21,1.1473,2.845,0.0
-0.0010031209,0.06996619,-0.009450335,-1.5328031e-21,1.3046,2.7983,0.0
-0.0008906771,0.068405904,-0.009468492,2.4177278e-21,1.4593,2.7457,0.0
-0.0008213565,0.06651736,-0.008321714,2.0763881e-21,1.6111,2.6874,0.0
-0.00079819193,0.065578446,-0.007109627,-1.7821528e-21,1.7597,2.6236,0.0
-0.0007881499,0.06393646,-0.0060388283,-2.9455233e-21,1.9048,2.5544,0.0
-0.00075765146,0.062167723,-0.0048877066,-8.652414e-22,2.0462,2.48,0.0
-0.0007869292,0.05942487,-0.0047417963,2.8232448000000003e-21,2.1835,2.4007,0.0
-0.00075247884,0.054390036,-0.003954583,1.1156942000000002e-22,2.3166,2.3166,0.0
-0.00034138604,0.05428909,0.025357425,-2.6410258e-22,-2.4389,2.6721,0.0
-0.0004630169,0.05690496,0.025929758,-8.4638843e-22,-2.2826,2.7486,0.0
-0.0006084382,0.05915076,0.025983406,-1.9718996e-21,-2.1225,2.8203,0.0
-0.0007713404,0.06140888,0.025806807,-2.8597546e-21,-1.9588,2.887,0.0
-0.0009040796,0.06436977,0.025164392,1.958054e-21,-1.7917,2.9486,0.0
-0.0010689275,0.06675011,0.02481556,1.0266283000000001e-21,-1.6215,3.0048,0.0
-0.0012069357,0.06948342,0.023456227,-5.34974e-22,-1.4485,3.0555,0.0
-0.0013298756,0.07177742,0.022467094,-1.2982154000000002e-22,-1.273,3.1006,0.0
-0.001458542,0.07365379,0.02022915,-1.4553071e-21,-1.0953,3.1399,0.0
-0.0015756367,0.075958796,0.018574767,-4.3997780000000005e-22,-0.91568,3.1733,0.0
-0.0016400164,0.077406086,0.016226938,2.4733044e-21,-0.73447,3.2008,0.0
-0.0016950051,0.07884019,0.014050819,8.169707000000001e-22,-0.55198,3.2223,0.0
-0.0017241773,0.07964772,0.01053821,-1.4512571e-21,-0.3685199999999999,3.2377,0.0
-0.001755416,0.08005988,0.008025944,-1.3078426e-21,-0.18442,3.2469,0.0
-0.0017159586,0.07989287,0.005449459,-2.8103012000000003e-22,-1.9983999999999998e-16,3.25,0.0
-0.0016618551,0.07947046,0.0026808018,-1.009822e-21,0.18442,3.2469,0.0
-0.0016029859,0.078219555,0.00039398437,-6.5385467000000005e-22,0.3685199999999999,3.2377,0.0
-0.0015129163,0.07711911,-0.0014194925,1.3570788e-21,0.55198,3.2223,0.0
-0.0014233297,0.07566813,-0.0037083486,2.728004e-21,0.73447,3.2008,0.0
-0.0012960094,0.07438505,-0.0049681123,-6.6814625e-23,0.91568,3.1733,0.0
-0.0011843506,0.072582,-0.006105593,-1.7467708e-21,1.0953,3.1399,0.0
-0.0011049912,0.07105228,-0.006152732,4.6068050000000005e-22,1.273,3.1006,0.0
-0.0009999997,0.06960198,-0.0059137084,4.7449436e-22,1.4485,3.0555,0.0
-0.00093120965,0.06852385,-0.005864164,5.739271e-22,1.6215,3.0048,0.0
-0.00087171013,0.06733763,-0.005595175,1.4238469e-21,1.7917,2.9486,0.0
-0.00082158524,0.06645878,-0.0052423524,-2.998608e-21,1.9588,2.887,0.0
-0.0008045156,0.066347495,-0.0050630895,-1.5622539e-21,2.1225,2.8203,0.0
-0.0008020259,0.06563676,-0.004440423,-3.2638202000000004e-22,2.2826,2.7486,0.0
-0.00079102174,0.06487387,-0.0041099633,7.668671000000001e-22,2.4389,2.6721,0.0
-0.0007958793,0.06345321,-0.0045060944,1.7839104000000002e-22,2.591,2.591,0.0
-0.00016844012,0.054156005,0.02074564,-1.1464285e-22,-2.6942,2.9435,0.0
-0.00029998607,0.055615894,0.021326944,7.444322599999999e-25,-2.5191,3.0171,0.0
-0.0004276189,0.057725973,0.021579431,-9.840955e-22,-2.3402,3.0862,0.0
-0.0005417356,0.060360692,0.021454481,1.7955777e-21,-2.1578,3.1505,0.0
-0.00064430083,0.06239661,0.020974355,1.0144797e-21,-1.9722,3.2097,0.0
-0.0007984557,0.064559944,0.02042446,-1.7260246e-21,-1.7836,3.2638,0.0
-0.00091178465,0.06674446,0.01950351,1.00681775e-22,-1.5924,3.3127,0.0
-0.0010365875,0.06885872,0.01897876,1.2714886000000001e-21,-1.3987,3.3561,0.0
-0.0011276973,0.071030766,0.017143441,-1.831492e-21,-1.2029,3.394,0.0
-0.0012266542,0.07316159,0.015399151,-4.449693e-22,-1.0052,3.4262,0.0
-0.001320074,0.074424416,0.0139703145,1.0891298e-21,-0.80603,3.4527,0.0
-0.0013764849,0.07570968,0.011209532,-1.6110183000000001e-21,-0.60561,3.4733,0.0
-0.0014279038,0.076669276,0.009278262,-9.3122543e-23,-0.40426,3.4881,0.0
-0.0014321654,0.076977074,0.007208953,-8.3999373e-23,-0.20228,3.497,0.0
-0.0014252253,0.077135734,0.0043894695,-2.726634e-23,-1.9244e-16,3.5,0.0
-0.0013933909,0.0766493,0.0022741205,2.6285243e-23,0.20228,3.497,0.0
-0.0013447736,0.0759279,7.1965624e-06,1.9940712000000003e-22,0.40426,3.4881,0.0
-0.0012958118,0.07511811,-0.0016932678,-1.2583393e-21,0.60561,3.4733,0.0
-0.0012208915,0.073772915,-0.002371456,1.6534983000000001e-21,0.80603,3.4527,0.0
-0.0011499497,0.07266216,-0.0038649566,9.277879e-22,1.0052,3.4262,0.0
-0.001063654,0.07143754,-0.0045581525,-8.043914e-22,1.2029,3.394,0.0
-0.0009812464,0.07033867,-0.005148056,1.5931428000000001e-21,1.3987,3.3561,0.0
-0.00093510613,0.0693225,-0.0051051797,-3.2189614e-23,1.5924,3.3127,0.0
-0.0008820207,0.068748884,-0.005058259,-1.4923166e-21,1.7836,3.2638,0.0
-0.00084388093,0.06775103,-0.0054510217,1.8440093000000002e-21,1.9722,3.2097,0.0
-0.00083109515,0.06744151,-0.005071953,1.1900813e-21,2.1578,3.1505,0.0
-0.0008038013,0.0672125,-0.0046777087,-2.2643326e-21,2.3402,3.0862,0.0
-0.00078246644,0.06694968,-0.004616298,-3.4778908e-23,2.5191,3.0171,0.0
-0.00080068625,0.066539496,-0.0044315914,3.8018895000000003e-22,2.6942,2.9435,0.0
-0.00080015697,0.06644905,-0.00523281,3.8645652e-23,2.8654,2.8654,0.0
-0.00014852868,0.053577513,0.01784503,-4.8281544e-23,-2.9496,3.2149,0.0
-0.00023312957,0.055313967,0.018319346,-3.1385582000000005e-22,-2.7555,3.2857,0.0
-0.00033594097,0.056898743,0.01863054,-5.296787e-22,-2.5579,3.3521,0.0
-0.00043833462,0.058598895,0.018457597,-1.0810513000000001e-21,-2.3569,3.4139,0.0
-0.0005591049,0.06052189,0.018581845,7.048542600000001e-22,-2.1528,3.4709,0.0
-0.0006682258,0.06275842,0.018644735,9.707304e-22,-1.9458,3.5229,0.0
-0.0007865618,0.064387344,0.018030511,1.2274337e-22,-1.7363,3.5699,0.0
-0.0008710168,0.066416636,0.017125433,1.4659341e-21,-1.5244,3.6116,0.0
-0.0009939501,0.068470076,0.016007762,-1.3111808000000001e-21,-1.3105,3.648,0.0
-0.0010755555,0.06964773,0.014159675,1.3466464e-22,-1.0948,3.679,0.0
-0.0011662735,0.07153432,0.012975221,1.3861751000000001e-21,-0.87759,3.7045,0.0
-0.0012389511,0.072463185,0.011182869,-9.237984e-22,-0.6592399999999999,3.7244,0.0
-0.0012817706,0.0738685,0.008822385,-2.6130999e-23,-0.4399899999999999,3.7386,0.0
-0.0012870015,0.07411794,0.0070868917,-5.801488e-22,-0.22014,3.7471,0.0
-0.0012889096,0.07408799,0.005641165,7.341945e-23,-1.8504e-16,3.75,0.0
-0.0012705078,0.07438169,0.0035586618,-4.830559e-22,0.22014,3.7471,0.0
-0.0012304864,0.073692024,0.0015974315,-1.5333638e-23,0.4399899999999999,3.7386,0.0
-0.0011912867,0.07260315,0.0010075646,-8.474548e-22,0.6592399999999999,3.7244,0.0
-0.0011357196,0.07206302,-0.001780597,1.4175699000000001e-21,0.87759,3.7045,0.0
-0.001072095,0.071422175,-0.0020654928,1.1546763000000002e-22,1.0948,3.679,0.0
-0.0010271188,0.07044841,-0.0028579468,-1.6351559000000001e-21,1.3105,3.648,0.0
-0.0009581409,0.0695394,-0.003747891,9.502365e-22,1.5244,3.6116,0.0
-0.0009234269,0.06919676,-0.0035613712,-3.5558316e-23,1.7363,3.5699,0.0
-0.0008722475,0.06807662,-0.0035454764,1.5330347e-21,1.9458,3.5229,0.0
-0.00084423966,0.067701146,-0.0042898846,4.4551234e-22,2.1528,3.4709,0.0
-0.00080752734,0.06726686,-0.0037369207,-1.7517117e-21,2.3569,3.4139,0.0
-0.00079825334,0.0667951,-0.0043196236,-3.3729673e-22,2.5579,3.3521,0.0
-0.0007885757,0.06682452,-0.0039179777,-2.8770941e-21,2.7555,3.2857,0.0
-0.0007693202,0.066605225,-0.004798107,-2.3863338e-22,2.9496,3.2149,0.0
-0.0007691309,0.06696043,-0.004448966,2.5880244000000004e-22,3.1398,3.1398,0.0
-6.5078915e-05,0.053512286,0.015085941,5.889724000000001e-23,-3.2049,3.4863,0.0
-0.00013908176,0.05501844,0.015577304,-4.510373e-22,-2.992,3.5543,0.0
-0.0002358092,0.056355424,0.015580544,-2.9010346000000004e-22,-2.7756,3.618,0.0
-0.00034120082,0.05776192,0.016333466,-9.220129e-22,-2.5559,3.6773,0.0
-0.00041485342,0.05963835,0.015800186,1.7829175000000002e-21,-2.3333,3.7321,0.0
-0.0005261107,0.0613166,0.016106535,1.336904e-21,-2.108,3.782,0.0
-0.0006197738,0.06298177,0.01502109,-1.2211499e-21,-1.8801,3.8271,0.0
-0.00072659977,0.064997345,0.01461661,6.762292e-24,-1.6501,3.8672,0.0
-0.0008109996,0.06657271,0.013934867,-4.8432676999999997e-23,-1.418,3.9021,0.0
-0.00088830397,0.06799291,0.012460401,-9.901012e-22,-1.1843,3.9319,0.0
-0.0009851613,0.06953283,0.0115274275,-2.96284e-22,-0.94916,3.9563,0.0
-0.0010361763,0.07028991,0.009141197,1.9025887e-21,-0.71287,3.9754,0.0
-0.0010807345,0.071185544,0.007674339,7.010359700000001e-22,-0.47572,3.989,0.0
-0.0010939697,0.0723689,0.006131686,-4.840598e-22,-0.23801,3.9973,0.0
-0.0011035929,0.07243067,0.004297174,6.896969000000001e-23,-1.7764e-16,4.0,0.0
-0.0011081027,0.072070315,0.0037351171,-5.0517107e-22,0.23801,3.9973,0.0
-0.0010930838,0.07174307,0.0013884497,4.1241153000000003e-22,0.47572,3.989,0.0
-0.0010583709,0.07143401,-5.7506375e-05,1.9462938e-21,0.71287,3.9754,0.0
-0.0010245617,0.070907146,-0.0010687159,-6.207332e-22,0.94916,3.9563,0.0
-0.00097380386,0.07020289,-0.0020348525,-1.5263486e-21,1.1843,3.9319,0.0
-0.0009304568,0.06944792,-0.003002509,-2.7382523e-22,1.418,3.9021,0.0
-0.00088129577,0.06889722,-0.002879507,-3.1360222000000004e-22,1.6501,3.8672,0.0
-0.0008453407,0.06833176,-0.003970553,-1.9015531000000002e-21,1.8801,3.8271,0.0
-0.00083585636,0.06745702,-0.0037597315,1.4421584e-21,2.108,3.782,0.0
-0.00080506667,0.06726376,-0.0038469592,1.9338196000000002e-21,2.3333,3.7321,0.0
-0.00077361113,0.06705579,-0.004020026,-1.4080539000000001e-21,2.5559,3.6773,0.0
-0.0007561027,0.0668706,-0.0039268476,8.4872245e-23,2.7756,3.618,0.0
-0.00075928,0.06677297,-0.004677086,-3.0414845e-21,2.992,3.5543,0.0
-0.00074663124,0.06669568,-0.004406172,6.629037e-23,3.2049,3.4863,0.0
-0.00072306924,0.06681915,-0.0046083303,3.5857230000000003e-22,3.4142,3.4142,0.0
-6.414618e-05,0.05335518,0.013059304,1.392207e-23,-3.4603,3.7577,0.0
-0.0001307858,0.05453029,0.013964138,3.7530695e-23,-3.2284,3.8229,0.0
-0.00018288937,0.05576215,0.013505757,-8.83213e-22,-2.9933,3.8839,0.0
-0.00027583315,0.05731409,0.014312619,-1.0630788e-21,-2.755,3.9408,0.0
-0.00035570865,0.0589201,0.0144620435,2.0598853000000002e-21,-2.5139,3.9932,0.0
-0.00043396,0.06021954,0.014137902,1.0324858e-21,-2.2701,4.0411,0.0
-0.0005560184,0.061790388,0.014254011,-1.032132e-21,-2.024,4.0843,0.0
-0.00063898193,0.063361764,0.013525104,1.6904858000000001e-22,-1.7758,4.1227,0.0
-0.0007162795,0.06524572,0.012617595,-4.5679716000000005e-24,-1.5256,4.1562,0.0
-0.0008240652,0.066586025,0.012194633,-9.357672e-22,-1.2738,4.1847,0.0
-0.0008974458,0.06767669,0.01107644,-9.022511e-22,-1.0207,4.2081,0.0
-0.00093477947,0.06892234,0.009126008,1.3740681000000001e-21,-0.7665,4.2264,0.0
-0.0009877813,0.06920408,0.007871534,1.2031833e-21,-0.51146,4.2395,0.0
-0.0010105411,0.07003154,0.006340841,3.8597033e-23,-0.25587,4.2474,0.0
-0.0010170805,0.070524864,0.005180802,-3.55022e-23,-1.7022999999999998e-16,4.25,0.0
-0.0010312772,0.07055685,0.0036368244,-1.2156334e-23,0.25587,4.2474,0.0
-0.0010058024,0.07035527,0.0017930563,1.0353144e-21,0.51146,4.2395,0.0
-0.0009818164,0.07002677,0.001215975,1.4563112e-21,0.7665,4.2264,0.0
-0.00095395197,0.06955829,-0.00012697652,-1.1457211e-21,1.0207,4.2081,0.0
-0.0009328999,0.069163404,-0.0011782637,-1.5633318e-21,1.2738,4.1847,0.0
-0.00089289533,0.06823444,-0.0018009217,-4.7017625e-24,1.5256,4.1562,0.0
-0.0008491321,0.06800549,-0.0020881533,-6.802546e-23,1.7758,4.1227,0.0
-0.0008095878,0.06729534,-0.0028358079,-2.416699e-21,2.024,4.0843,0.0
-0.0007980923,0.06717816,-0.0031768675,1.129988e-21,2.2701,4.0411,0.0
-0.00076677004,0.0669038,-0.0037315907,4.1152289999999996e-21,2.5139,3.9932,0.0
-0.00076706894,0.06676089,-0.0036273776,-1.350023e-21,2.755,3.9408,0.0
-0.0007482565,0.06667899,-0.00379577,-1.6913597000000001e-21,2.9933,3.8839,0.0
-0.0007227019,0.06666593,-0.0045870133,-2.4434746e-23,3.2284,3.8229,0.0
-0.00072548573,0.06621482,-0.0048967693,-3.2026112000000005e-22,3.4603,3.7577,0.0
-0.0006877016,0.06639717,-0.0049703103,-9.996608000000001e-23,3.6886,3.6886,0.0
-9.453193e-06,0.053353246,0.01108748,1.3179531e-23,-3.7156,4.0291,0.0
-7.5421856e-05,0.05424899,0.011899963,9.331372e-22,-3.4649,4.0914,0.0
-0.00015278706,0.05577958,0.011566747,-1.7144762e-23,-3.2109,4.1499,0.0
-0.0002145129,0.056961536,0.011781677,-1.1799886e-21,-2.9541,4.2042,0.0
-0.00028746537,0.05819674,0.012664054,-7.5884527e-22,-2.6944,4.2544,0.0
-0.0003630101,0.05951944,0.012570652,2.0945833000000002e-21,-2.4323,4.3002,0.0
-0.00044081119,0.06083355,0.0119978655,7.091826700000001e-22,-2.1679,4.3415,0.0
-0.0005364812,0.06213969,0.012083538,-1.7630601e-21,-1.9015,4.3782,0.0
-0.0006353302,0.0637743,0.010855604,7.240494e-22,-1.6332,4.4103,0.0
-0.00071270124,0.065550864,0.010460861,-8.080754e-22,-1.3634,4.4375,0.0
-0.0007693243,0.065997556,0.009342025,-1.866416e-21,-1.0923,4.4599,0.0
-0.00081709755,0.06709265,0.008038081,1.3869052e-21,-0.8201299999999999,4.4774,0.0
-0.0008736275,0.068316944,0.0069007613,8.570408e-22,-0.54719,4.49,0.0
-0.0009121089,0.068416476,0.005888469,-5.498242e-22,-0.27373,4.4975,0.0
-0.000921606,0.069242656,0.004690335,-1.149308e-22,-1.6283e-16,4.5,0.0
-0.000925167,0.069244236,0.0029739384,-5.713738e-22,0.27373,4.4975,0.0
-0.00091073406,0.06923607,0.0013204438,1.1926676e-21,0.54719,4.49,0.0
-0.0009020776,0.06869379,0.00047468807,1.4065521000000001e-21,0.8201299999999999,4.4774,0.0
-0.00088850065,0.0684208,-0.0003766641,-2.3663226000000002e-21,1.0923,4.4599,0.0
-0.000853386,0.06826022,-0.0008559136,-1.3632302e-21,1.3634,4.4375,0.0
-0.0008361539,0.06748028,-0.0014702063,1.1894019e-21,1.6332,4.4103,0.0
-0.00078254106,0.06700758,-0.0022817198,-9.265331e-22,1.9015,4.3782,0.0
-0.000780566,0.066665545,-0.002782436,1.9431755e-21,2.1679,4.3415,0.0
-0.00074344286,0.06677579,-0.0037116946,3.2083814e-21,2.4323,4.3002,0.0
-0.0007267396,0.06682137,-0.003635094,-2.5890479e-21,2.6944,4.2544,0.0
-0.00069984456,0.06591035,-0.0040424764,-3.286351e-21,2.9541,4.2042,0.0
-0.00070292334,0.06572871,-0.004177915,-8.825739e-22,3.2109,4.1499,0.0
-0.0006859441,0.0658218,-0.004645663,3.961102e-21,3.4649,4.0914,0.0
-0.00065219856,0.0657208,-0.005280162,-7.764138e-22,3.7156,4.0291,0.0
-0.00064903044,0.06556235,-0.005511595,-3.5154195e-21,3.963,3.963,0.0
-3.6796446e-06,0.05309672,0.009204156,-3.4091968e-23,-3.971,4.3005,0.0
-5.6836594e-05,0.054163545,0.010535843,7.341342e-22,-3.7013,4.36,0.0
-0.00012228699,0.055222012,0.010479375,7.672176000000001e-23,-3.4286,4.4158,0.0
-0.00017576912,0.05648408,0.011146062,-2.8501002e-22,-3.1531,4.4677,0.0
-0.00024887055,0.05763216,0.011075007,-1.5728773000000001e-21,-2.875,4.5155,0.0
-0.00032763358,0.058931664,0.011261588,8.296492e-22,-2.5945,4.5593,0.0
-0.00041150968,0.060207665,0.010939357,1.6541923000000002e-21,-2.3118,4.5987,0.0
-0.00047278916,0.06173408,0.010601566,-4.725866e-22,-2.0271,4.6338,0.0
-0.0005554134,0.06283495,0.01051052,8.733707e-22,-1.7408,4.6643,0.0
-0.00063763664,0.063906066,0.00946252,-1.5799539e-21,-1.4529,4.6904,0.0
-0.0006920302,0.06507176,0.009166095,-1.1495908000000001e-21,-1.1638,4.7118,0.0
-0.0007614919,0.06617554,0.007865984,1.6512835e-21,-0.87376,4.7285,0.0
-0.0008030967,0.06673945,0.0067936797,-1.6305063000000002e-22,-0.58292,4.7404,0.0
-0.0008214041,0.06767571,0.0050843395,-1.0014806e-21,-0.29159,4.7476,0.0
-0.0008370257,0.0679549,0.004346101,6.804373e-24,-1.5543e-16,4.75,0.0
-0.00085178594,0.06810039,0.0026513883,-1.0488462e-21,0.29159,4.7476,0.0
-0.0008642048,0.06815522,0.0022960892,3.37636e-22,0.58292,4.7404,0.0
-0.000847368,0.06794356,0.0017301315,2.0653601e-21,0.87376,4.7285,0.0
-0.00082758,0.06752819,-0.0002065911,-1.3758098e-21,1.1638,4.7118,0.0
-0.00080959266,0.06732668,-0.00059609767,-2.0966952e-21,1.4529,4.6904,0.0
-0.0008028723,0.0667115,-0.0012453181,7.3722507000000005e-22,1.7408,4.6643,0.0
-0.0007839577,0.06640217,-0.0020847367,-1.0770928e-21,2.0271,4.6338,0.0
-0.00075092644,0.0662108,-0.002609313,3.786799e-21,2.3118,4.5987,0.0
-0.0007207732,0.066082075,-0.003300381,2.1229122e-21,2.5945,4.5593,0.0
-0.0007011322,0.066136256,-0.0033043625,-3.7325592e-21,2.875,4.5155,0.0
-0.0006738723,0.06565911,-0.003961072,-1.9091734e-21,3.1531,4.4677,0.0
-0.0006551515,0.06538287,-0.0042079072,2.6426967e-24,3.4286,4.4158,0.0
-0.0006553996,0.06485012,-0.0046213977,5.103722e-21,3.7013,4.36,0.0
-0.0006070171,0.064864494,-0.005063817,1.1019802e-21,3.971,4.3005,0.0
-0.0005992875,0.06462988,-0.0062372573,-2.3670104e-21,4.2374,4.2374,0.0
2.0773196e-06,0.053421747,0.008869398,4.9050235e-24,-4.2263,4.5719,0.0
-2.9820505e-05,0.0542314,0.009361203,1.4826092000000002e-22,-3.9378,4.6286,0.0
-8.780707e-05,0.05523486,0.009591406,3.8600365e-23,-3.6463,4.6817,0.0
-0.00013509598,0.056072943,0.009676328,-6.637379700000001e-22,-3.3522,4.7311,0.0
-0.00022128037,0.057294916,0.009949116,-1.105913e-21,-3.0556,4.7767,0.0
-0.00026875173,0.05805275,0.010026721,1.2506634e-21,-2.7567,4.8183,0.0
-0.00033520535,0.059475858,0.0099789705,1.031182e-21,-2.4557,4.8559,0.0
-0.0004115486,0.060893897,0.009753471,3.4420993000000005e-22,-2.1528,4.8893,0.0
-0.000500237,0.061971284,0.009072693,5.894692000000001e-23,-1.8484,4.9184,0.0
-0.00055767037,0.06306439,0.008181872,-1.7447897e-21,-1.5425,4.9432,0.0
-0.00061387895,0.06419848,0.008395928,2.649052e-22,-1.2354,4.9636,0.0
-0.000663559,0.065184586,0.007126917,1.271647e-21,-0.92739,4.9795,0.0
-0.0007148668,0.065766774,0.006294425,-1.5404633000000002e-22,-0.61866,4.9909,0.0
-0.0007679796,0.06631566,0.0048932857,-5.029533300000001e-22,-0.30945,4.9977,0.0
-0.00078591594,0.066740766,0.0038068034,5.342060000000001e-23,-1.4802999999999999e-16,5.0,0.0
-0.00078565563,0.06716178,0.0030172742,-4.5539115e-22,0.30945,4.9977,0.0
-0.0007851387,0.06719794,0.0019680825,-7.603984000000001e-22,0.61866,4.9909,0.0
-0.0007902298,0.067055084,0.0010589622,1.446704e-21,0.92739,4.9795,0.0
-0.00077241805,0.06679976,0.00032800715,6.879099000000001e-22,1.2354,4.9636,0.0
-0.0007558523,0.06669235,-0.0006615976,-1.4146394e-21,1.5425,4.9432,0.0
-0.00073791883,0.066278964,-0.0014435318,8.50406e-23,1.8484,4.9184,0.0
-0.0007139112,0.06593388,-0.0022095689,-1.6762072e-21,2.1528,4.8893,0.0
-0.00068986224,0.06584193,-0.0025618186,9.630613000000001e-22,2.4557,4.8559,0.0
-0.00068060897,0.06574522,-0.0029589636,3.627035e-21,2.7567,4.8183,0.0
-0.00065251894,0.064833686,-0.00312228,-5.0968670000000005e-22,3.0556,4.7767,0.0
-0.00065229094,0.064982966,-0.003814192,-1.3088561e-21,3.3522,4.7311,0.0
-0.00061783387,0.06479184,-0.004482761,4.304373e-22,3.6463,4.6817,0.0
-0.00060832384,0.06454684,-0.0046753376,3.0614855e-21,3.9378,4.6286,0.0
-0.00058361667,0.064067334,-0.0058625676,1.1259121e-21,4.2263,4.5719,0.0
-0.00055035186,0.06368129,-0.0063398867,-1.0725321e-21,4.5118,4.5118,0.0
2.7119735e-05,0.052992836,0.007485129,3.6331172e-23,-4.4817,4.8433,0.0
-2.5978938e-05,0.053885877,0.008091363,1.5716891000000002e-22,-4.1742,4.8971,0.0
-9.43444e-05,0.05494497,0.008286806,3.4291377e-22,-3.864,4.9476,0.0
-0.00012597747,0.05589807,0.008396203,-6.3364044e-22,-3.5512,4.9946,0.0
-0.00019713408,0.056851864,0.009190209,-1.2866296e-21,-3.2361,5.0379,0.0
-0.00023647427,0.058072403,0.009176157,1.7090141e-21,-2.9188,5.0774,0.0
-0.0003077642,0.05907125,0.008878556,1.1060378e-21,-2.5996,5.1131,0.0
-0.00038589686,0.060196213,0.009081995,-3.7073794000000003e-22,-2.2785,5.1448,0.0
-0.000451071,0.06122665,0.008713652,8.961783e-23,-1.9559,5.1725,0.0
-0.0005040742,0.06233545,0.008145796,-1.7210906e-21,-1.632,5.196000000000001,0.0
-0.0005621556,0.063337624,0.007089565,3.8881891000000003e-22,-1.307,5.2154,0.0
-0.0006107167,0.06431049,0.006211219,1.6666262000000001e-21,-0.98102,5.2305,0.0
-0.00068567833,0.06488697,0.0061576655,-2.9468940000000005e-23,-0.6543899999999999,5.2413,0.0
-0.00069644506,0.06552003,0.0051362924,1.6359466e-22,-0.32731,5.2478,0.0
-0.000739063,0.06623835,0.004118951,1.7613891e-22,-1.4063e-16,5.25,0.0
-0.0007536004,0.06638872,0.0027158558,-2.0503820000000002e-23,0.32731,5.2478,0.0
-0.0007516473,0.06661747,0.0015356876,-8.413674e-22,0.6543899999999999,5.2413,0.0
-0.00073857437,0.066294275,0.0008224272,1.5678518e-21,0.98102,5.2305,0.0
-0.0007371096,0.06627916,0.0002896021,6.541824300000001e-22,1.307,5.2154,0.0
-0.000734147,0.066071585,-0.00074588927,-1.3307442e-21,1.632,5.196000000000001,0.0
-0.00071277504,0.065830015,-0.0017544013,-1.5364160000000001e-22,1.9559,5.1725,0.0
-0.00069408806,0.06579606,-0.001766939,-2.619778e-21,2.2785,5.1448,0.0
-0.0006653196,0.06519857,-0.002607416,1.0410444e-21,2.5996,5.1131,0.0
-0.00065459305,0.06467506,-0.0027877586,3.696732e-21,2.9188,5.0774,0.0
-0.00064459286,0.06431945,-0.003370462,-2.6286639e-21,3.2361,5.0379,0.0
-0.0006198271,0.06471946,-0.0045563746,-1.6050013e-21,3.5512,4.9946,0.0
-0.0005827072,0.06413561,-0.0042837057,1.951403e-21,3.864,4.9476,0.0
-0.0005766823,0.06383878,-0.004556941,5.9381996e-21,4.1742,4.8971,0.0
-0.00054704165,0.06355475,-0.005404797,-5.39682e-22,4.4817,4.8433,0.0
-0.00051544,0.062852904,-0.006083354,-2.769295e-21,4.7863,4.7863,0.0
2.7216665e-05,0.05321011,0.006449147,3.1830843000000005e-22,-4.737,5.1147,0.0
-2.21306e-05,0.053829152,0.0072886427,1.7718684000000002e-22,-4.4106,5.1657,0.0
-5.223139e-05,0.054505795,0.007420459,7.795581499999999e-23,-4.0817,5.2135,0.0
-0.0001092019,0.055537514,0.007485455,-4.256462e-22,-3.7503,5.257999999999999,0.0
-0.00015657648,0.056295685,0.0081101945,-1.0011396000000001e-21,-3.4167,5.299,0.0
-0.00021338498,0.057408813,0.007918196,3.6480318e-22,-3.0810000000000004,5.3365,0.0
-0.0002626212,0.05842086,0.0082889125,1.5905218000000001e-21,-2.7434,5.3703,0.0
-0.00035121062,0.05978957,0.008144511,8.839527000000001e-23,-2.4042,5.4004,0.0
-0.00040801894,0.060552392,0.0069186245,-4.5183055e-22,-2.0635,5.4266,0.0
-0.0004683057,0.061435252,0.0077703004,-6.329964000000001e-22,-1.7216,5.4489,0.0
-0.00052485545,0.062798485,0.0063597444,6.243565700000001e-22,-1.3785,5.4672,0.0
-0.0005573862,0.063476294,0.0057887584,9.721769000000001e-22,-1.0347,5.4815,0.0
-0.00060810725,0.064599216,0.005238777,-8.106678000000001e-22,-0.69013,5.4918,0.0
-0.0006438265,0.06454156,0.0041010464,-3.1098391e-22,-0.34517,5.4979,0.0
-0.00066654105,0.06553942,0.0037958818,2.2034397e-22,-1.3323e-16,5.5,0.0
-0.00068010594,0.065614246,0.002225752,-2.563657e-22,0.34517,5.4979,0.0
-0.00069384754,0.0656562,0.0018263301,-6.4557615e-22,0.69013,5.4918,0.0
-0.00070681504,0.06577115,0.0009885002,1.4197556e-21,1.0347,5.4815,0.0
-0.00068331487,0.06584917,0.000411083,1.0144538e-21,1.3785,5.4672,0.0
-0.0006793124,0.06539002,-0.00060384534,-8.565641e-22,1.7216,5.4489,0.0
-0.0006721143,0.06503561,-0.0010922365,-2.2386359e-21,2.0635,5.4266,0.0
-0.0006544263,0.06482538,-0.0020149238,-4.8142735e-22,2.4042,5.4004,0.0
-0.00064003706,0.06453752,-0.00286362,3.211771e-21,2.7434,5.3703,0.0
-0.0006105447,0.0644301,-0.002831963,1.3679677000000001e-21,3.0810000000000004,5.3365,0.0
-0.0006160888,0.06416261,-0.0035730493,-2.8449918000000002e-21,3.4167,5.299,0.0
-0.00058286265,0.06364852,-0.004083613,-1.5178217000000001e-21,3.7503,5.257999999999999,0.0
-0.0005698908,0.06358884,-0.0047644777,-1.3232951000000001e-21,4.0817,5.2135,0.0
-0.00054530374,0.063166186,-0.0046931175,4.7237974e-21,4.4106,5.1657,0.0
-0.00052520167,0.06249554,-0.0053709117,2.734944e-21,4.737,5.1147,0.0
-0.0004933733,0.061814457,-0.0059535448,-2.5761407000000002e-21,5.0607,5.0607,0.0
2.650197e-05,0.053282868,0.005499879,3.0091742000000004e-22,-4.9924,5.3861,0.0
3.3282395e-06,0.05379504,0.006079534,2.7664436e-22,-4.6471,5.4343,0.0
-3.985938e-05,0.05455839,0.0064472733,3.4212203e-23,-4.2994,5.4794,0.0
-9.79369e-05,0.055181094,0.007208703,-5.663897600000001e-22,-3.9493,5.5215,0.0
-0.00014571697,0.0561888,0.007454628,-6.8642220000000005e-22,-3.5972,5.5602,0.0
-0.00019011243,0.05738441,0.007610794,6.236059000000001e-22,-3.2432,5.5956,0.0
-0.00024206548,0.058153853,0.007009442,1.2969873e-21,-2.8873,5.6275,0.0
-0.0003145117,0.05913099,0.0073426845,-6.879295000000001e-22,-2.5299,5.6559,0.0
-0.00036442358,0.060200118,0.00736849,-1.6165173000000001e-21,-2.1711,5.6807,0.0
-0.00044173055,0.061161354,0.0069283834,6.0521924e-22,-1.8111,5.7017,0.0
-0.00047924783,0.06198038,0.0065046786,5.498557e-22,-1.4501,5.718999999999999,0.0
-0.0005199406,0.062968366,0.005541214,3.534017e-22,-1.0883,5.7326,0.0
-0.0005765191,0.063431785,0.0049075503,-3.8665655000000006e-22,-0.7258600000000001,5.7422,0.0
-0.00061108,0.06415172,0.004269512,-6.619918e-22,-0.36303,5.7481,0.0
-0.00064693764,0.06487244,0.0029823678,-1.9861157e-22,-1.2583e-16,5.75,0.0
-0.00066545035,0.06502365,0.0025478934,-2.9940697e-22,0.36303,5.7481,0.0
-0.00065473275,0.065026194,0.0013272013,2.9814325e-22,0.7258600000000001,5.7422,0.0
-0.0006648319,0.065337904,0.0005397742,5.6137090000000005e-22,1.0883,5.7326,0.0
-0.00066176476,0.06512563,0.00015988387,8.380656300000001e-22,1.4501,5.718999999999999,0.0
-0.000661247,0.06489399,-0.00031899288,8.341399600000001e-22,1.8111,5.7017,0.0
-0.0006401964,0.064297825,-0.0016705049,-2.085805e-21,2.1711,5.6807,0.0
-0.0006505834,0.06425232,-0.0019163734,-2.8835835e-22,2.5299,5.6559,0.0
-0.0006199015,0.06418934,-0.002475922,2.5177958e-21,2.8873,5.6275,0.0
-0.00059418846,0.06383834,-0.0029894095,6.0747495e-22,3.2432,5.5956,0.0
-0.0005770313,0.06341678,-0.0031607691,-3.592972e-21,3.5972,5.5602,0.0
-0.00057301566,0.06303738,-0.0042833006,-1.8314667e-21,3.9493,5.5215,0.0
-0.0005360815,0.06272248,-0.0044360133,-2.3110522e-21,4.2994,5.4794,0.0
-0.0005224424,0.062115677,-0.0047384733,1.2868718000000001e-21,4.6471,5.4343,0.0
-0.00048389216,0.06168925,-0.005486615,1.0746231e-21,4.9924,5.3861,0.0
-0.00047063973,0.061118998,-0.0056752916,-1.2276533000000001e-21,5.3351,5.3351,0.0
2.6335896e-05,0.053012766,0.0051322826,3.034684e-22,-5.2477,5.6575,0.0
6.3639636e-06,0.05355233,0.0060354383,8.777687000000001e-23,-4.8835,5.7029,0.0
-3.2679032e-05,0.054213785,0.0059433905,4.5455064000000005e-22,-4.517,5.7454,0.0
-4.581704e-05,0.05532074,0.0060093934,-4.256417000000001e-22,-4.1484,5.7849,0.0
-0.00012758699,0.056068048,0.0064559225,-1.8260065e-21,-3.7778,5.8214,0.0
-0.00017658203,0.056587886,0.0066816746,-3.4336606e-22,-3.4053,5.8547,0.0
-0.0002257916,0.05789957,0.0061714496,1.9765073e-21,-3.0312,5.8847,0.0
-0.00027910998,0.058886364,0.006748565,-7.4572523e-23,-2.6556,5.9114,0.0
-0.00034306853,0.059461452,0.006809726,-1.5909068e-21,-2.2787,5.9347,0.0
-0.00039934198,0.060713246,0.0063599427,-3.0706910000000004e-23,-1.9006,5.9546,0.0
-0.00043644113,0.061647307,0.005835087,8.510068e-22,-1.5217,5.9709,0.0
-0.0004959175,0.06236852,0.00526361,1.1320015e-21,-1.1419,5.9836,0.0
-0.00055093854,0.063120805,0.004646389,-2.8313568e-23,-0.76159,5.9927,0.0
-0.0005713077,0.063450605,0.0036226546,-3.3824427000000004e-22,-0.38089,5.9982,0.0
-0.0005979785,0.06422775,0.0030473415,-6.4539359999999995e-24,-1.1841999999999998e-16,6.0,0.0
-0.0006257433,0.06420289,0.0021188539,-5.551049300000001e-22,0.38089,5.9982,0.0
-0.00064279226,0.064449586,0.0011030077,-6.7480197e-23,0.76159,5.9927,0.0
-0.00063529925,0.06456376,0.00049182074,1.0683012000000001e-21,1.1419,5.9836,0.0
-0.0006252866,0.06466537,-0.00018845964,4.2935576e-22,1.5217,5.9709,0.0
-0.0006188118,0.06431996,-0.00038980946,-2.8584056e-22,1.9006,5.9546,0.0
-0.000625882,0.06419882,-0.0011333863,-1.9727805000000002e-21,2.2787,5.9347,0.0
-0.0006062447,0.06386208,-0.00177657,1.0120201e-21,2.6556,5.9114,0.0
-0.00057407306,0.06391268,-0.0020913407,4.5916885e-21,3.0312,5.8847,0.0
-0.00056754675,0.06324198,-0.002578141,9.9309157e-23,3.4053,5.8547,0.0
-0.0005492101,0.06300002,-0.0031248583,-5.0651597e-21,3.7778,5.8214,0.0
-0.0005317421,0.062362336,-0.003942486,-1.704826e-21,4.1484,5.7849,0.0
-0.00051657367,0.062270857,-0.0039949478,2.6735513000000004e-22,4.517,5.7454,0.0
-0.00047931774,0.06164461,-0.004666324,1.018641e-21,4.8835,5.7029,0.0
-0.00045621648,0.061000213,-0.005384774,2.8625732000000003e-21,5.2477,5.6575,0.0
-0.00044906972,0.06008302,-0.0053843814,-1.1131073000000001e-21,5.6095,5.6095,0.0
3.8799142e-05,0.053041697,0.0041315374,1.6911704000000001e-22,-5.5031,5.9289,0.0
3.962741e-06,0.05382856,0.004476199,1.9760436000000002e-22,-5.12,5.9714,0.0
-3.3481272e-05,0.054308563,0.005342064,4.2728405e-23,-4.7347,6.0113,0.0
-5.631496e-05,0.055102073,0.005917917,-5.376165e-22,-4.3475,6.0483,0.0
-0.000101433325,0.055619918,0.0056351367,-9.561254e-22,-3.9583,6.0825,0.0
-0.00016264804,0.056673527,0.0057773245,2.3410095e-22,-3.5675,6.1138,0.0
-0.0002109989,0.057546884,0.005884575,1.1145782000000001e-21,-3.1751,6.1419,0.0
-0.0002517619,0.05815664,0.006308294,2.4032755e-23,-2.7813,6.167000000000001,0.0
-0.00030212454,0.059164815,0.005581378,-6.731301e-22,-2.3863,6.1888,0.0
-0.0003691385,0.060469367,0.0052905586,-2.3443697000000004e-22,-1.9902,6.2074,0.0
-0.00042043196,0.060881753,0.0047783363,-2.5657351000000004e-22,-1.5932,6.2227,0.0
-0.00046782507,0.06184365,0.004863935,4.7084227e-22,-1.1955,6.2346,0.0
-0.0005118929,0.06271213,0.0040042605,-2.6728705e-22,-0.79733,6.2432,0.0
-0.0005471599,0.062926084,0.0035781455,-2.216943e-22,-0.39875,6.2483,0.0
-0.0005820395,0.063572794,0.0026256396,-5.3947484e-24,-1.1102e-16,6.25,0.0
-0.0005827424,0.064196005,0.0021840185,-5.0312786e-22,0.39875,6.2483,0.0
-0.00060449046,0.064063184,0.0014928216,-5.1302894e-22,0.79733,6.2432,0.0
-0.00060706184,0.06428438,0.0003664801,4.959753e-22,1.1955,6.2346,0.0
-0.0006117335,0.064188324,-8.6198095e-05,-4.825266000000001e-22,1.5932,6.2227,0.0
-0.0006089214,0.06393404,-0.0011907793,1.122412e-22,1.9902,6.2074,0.0
-0.0006109658,0.063637406,-0.001123975,-2.1928824e-22,2.3863,6.1888,0.0
-0.00058673916,0.06341182,-0.0016846815,6.411640300000001e-22,2.7813,6.167000000000001,0.0
-0.00054023624,0.063343786,-0.0020220887,3.46251e-21,3.1751,6.1419,0.0
-0.0005470783,0.06318807,-0.002652355,2.2192254000000002e-21,3.5675,6.1138,0.0
-0.0005254683,0.06274827,-0.002948201,-2.5999686000000003e-21,3.9583,6.0825,0.0
-0.00050468615,0.06232418,-0.0040600393,-1.6571743e-21,4.3475,6.0483,0.0
-0.00050154177,0.061712526,-0.0041323267,-1.6339618000000001e-21,4.7347,6.0113,0.0
-0.00046078206,0.061124884,-0.0045162,4.2363324e-21,5.12,5.9714,0.0
-0.00042883938,0.060386814,-0.0049606096,2.1909547e-21,5.5031,5.9289,0.0
-0.00041801497,0.059750903,-0.0049515674,-1.733357e-21,5.8839,5.8839,0.0
3.981623e-05,0.053002268,0.0038348401,1.3889086e-22,-5.7584,6.2003,0.0
3.2634176e-05,0.053339593,0.004245325,5.3030335e-23,-5.3564,6.24,0.0
-3.511631e-05,0.05433492,0.004226587,6.918939e-23,-4.9524,6.2772,0.0
-3.5040543e-05,0.054899137,0.0045505045,-1.3035844e-22,-4.5465,6.3118,0.0
-7.978584e-05,0.055511214,0.005169158,-1.7617824e-22,-4.1389,6.3437,0.0
-0.00013771723,0.056322545,0.005341312,6.9028374e-22,-3.7297,6.3728,0.0
-0.00019188321,0.057214867,0.0053016944,8.051479e-22,-3.319,6.3991,0.0
-0.00023239056,0.05833946,0.0050884085,-6.374532300000001e-22,-2.907,6.4225,0.0
-0.0002997011,0.05870123,0.005260569,-2.8645584e-22,-2.4939,6.4429,0.0
-0.00033265603,0.059734136,0.004899742,-2.3365227e-23,-2.0797,6.4602,0.0
-0.00039192082,0.060464498,0.0043434687,-9.886111e-23,-1.6648,6.4745,0.0
-0.0004360144,0.06141672,0.0044853203,4.499639400000001e-22,-1.2492,6.4856,0.0
-0.00048987847,0.062447846,0.0033103796,-2.818934e-22,-0.83306,6.4936,0.0
-0.00051484926,0.0629982,0.0030104204,-3.895316e-22,-0.41661,6.4984,0.0
-0.00054659415,0.063361324,0.002760077,-6.998477e-23,-1.0362e-16,6.5,0.0
-0.0005711896,0.06317959,0.0019549376,-3.481014e-22,0.41661,6.4984,0.0
-0.0005748903,0.06363413,0.0011429104,-5.642168e-22,0.83306,6.4936,0.0
-0.00058197475,0.06378248,0.00053211395,6.7034964e-23,1.2492,6.4856,0.0
-0.0006004376,0.06362406,-7.60518e-05,-5.018238e-22,1.6648,6.4745,0.0
-0.00057355786,0.06372373,-0.0007951527,3.2402102e-23,2.0797,6.4602,0.0
-0.00055639097,0.06350012,-0.0014939622,-6.689057e-22,2.4939,6.4429,0.0
-0.00055062474,0.06312591,-0.0016856864,-1.6465501000000001e-21,2.907,6.4225,0.0
-0.00054497685,0.062888905,-0.0019784519,1.6603904e-21,3.319,6.3991,0.0
-0.00052205904,0.06265464,-0.0029413947,9.443029000000001e-22,3.7297,6.3728,0.0
-0.000504011,0.06162478,-0.0031506834,-1.5062119e-21,4.1389,6.3437,0.0
-0.0004951782,0.06159781,-0.0035618944,-1.4234519e-21,4.5465,6.3118,0.0
-0.00047084418,0.061137117,-0.00395279,-5.098379e-22,4.9524,6.2772,0.0
-0.0004382257,0.060619332,-0.004351109,4.25254e-21,5.3564,6.24,0.0
-0.00041947688,0.060314782,-0.004749684,3.719414e-21,5.7584,6.2003,0.0
-0.00041633437,0.059182756,-0.004233935,-1.2588655e-21,6.1583,6.1583,0.0
4.685243e-05,0.05299218,0.003768338,1.566864e-22,-6.0138,6.4717,0.0
3.558523e-05,0.05358674,0.0035788964,1.0248096000000001e-22,-5.5929,6.5086,0.0
-1.7024237e-05,0.0539158,0.0038285719,1.3911167000000001e-22,-5.1701,6.5431,0.0
-5.056281e-05,0.054854397,0.004899576,-1.0192295000000001e-22,-4.7456,6.5752,0.0
-8.3323626e-05,0.05567178,0.0044748215,-2.2047107000000003e-22,-4.3194,6.6049,0.0
-0.00012804859,0.055923007,0.004427338,1.4091257000000002e-22,-3.8918,6.6319,0.0
-0.00017026249,0.057052493,0.0048140553,1.0898241e-21,-3.4629,6.6563,0.0
-0.0002258418,0.05796513,0.005097025,7.853982500000001e-22,-3.0327,6.678,0.0
-0.00025975358,0.05858844,0.0046407124,-4.992067300000001e-22,-2.6014,6.697,0.0
-0.00032745846,0.059717305,0.004748255,-8.749003e-22,-2.1693,6.7131,0.0
-0.00037304815,0.060224783,0.0043545854,7.3675645e-22,-1.7363,6.7263,0.0
-0.0004187431,0.061144203,0.003338586,1.0149782e-21,-1.3028,6.7367,0.0
-0.0004549604,0.062130697,0.0037042892,-5.634054e-22,-0.86879,6.7441,0.0
-0.0005007766,0.0623961,0.003144199,-4.7120436e-22,-0.43448,6.7485,0.0
-0.00051304675,0.06298524,0.0022612764,-6.532562000000001e-23,-9.6219e-17,6.75,0.0
-0.00055410893,0.063138716,0.0018849506,-3.690014e-22,0.43448,6.7485,0.0
-0.00055469834,0.06343733,0.0012171752,-7.2278324e-22,0.86879,6.7441,0.0
-0.0005722408,0.06371088,0.00047280313,1.0982719999999999e-21,1.3028,6.7367,0.0
-0.00056555297,0.06366794,0.0001706304,7.408103e-22,1.7363,6.7263,0.0
-0.0005587591,0.06342213,-0.0008340804,-1.8370114e-21,2.1693,6.7131,0.0
-0.000562569,0.06299532,-0.0006393262,-2.2682708e-21,2.6014,6.697,0.0
-0.00053794915,0.062960394,-0.0018585119,1.3879383e-22,3.0327,6.678,0.0
-0.0005299453,0.06264184,-0.0019741128,3.0067657000000003e-22,3.4629,6.6563,0.0
-0.000497551,0.06210348,-0.0024836487,-6.565993500000001e-22,3.8918,6.6319,0.0
-0.00050390005,0.061440654,-0.0030003842,-1.7619553000000002e-21,4.3194,6.6049,0.0
-0.0004700324,0.0612684,-0.0030647325,1.3233072e-23,4.7456,6.5752,0.0
-0.00045972507,0.060539484,-0.0039748647,-1.068926e-21,5.1701,6.5431,0.0
-0.00042130612,0.060252093,-0.0037702178,7.376874000000001e-22,5.5929,6.5086,0.0
-0.00040281858,0.059451267,-0.0034772162,2.2666797e-21,6.0138,6.4717,0.0
-0.0003949152,0.05848986,-0.0043162983,6.648545500000001e-22,6.4327,6.4327,0.0
5.251736e-05,0.05277046,0.00289173,-5.569584000000001e-23,-6.2691,6.7431,0.0
2.7163976e-05,0.053268947,0.0034283514,3.270443e-23,-5.8293,6.7771,0.0
-1.0011314e-05,0.053802907,0.0036560274,1.3611559e-22,-5.3878,6.809,0.0
-3.3555094e-05,0.054780446,0.003474333,3.4832387e-23,-4.9446,6.8387,0.0
-8.2411265e-05,0.055156123,0.004004261,-3.3546758e-23,-4.5,6.8660000000000005,0.0
-0.000116873845,0.05620729,0.0046431767,-6.463156299999999e-23,-4.053999999999999,6.891,0.0
-0.00016708624,0.05672551,0.004400183,6.510266e-22,-3.6067,6.9135,0.0
-0.00021309567,0.057638116,0.0042514885,7.1654733e-22,-3.1584,6.9336,0.0
-0.00025196694,0.058418564,0.00455984,-6.618978e-22,-2.709,6.9511,0.0
-0.00031144384,0.059383772,0.004473504,-1.3161512e-21,-2.2588,6.9659,0.0
-0.0003640167,0.060064033,0.0036028863,-1.8274118e-22,-1.8079,6.9781,0.0
-0.0004047698,0.060699556,0.0038629007,3.3111170000000003e-22,-1.3564,6.9877,0.0
-0.00043518373,0.06131511,0.0032408908,-1.2393901e-22,-0.90453,6.9945,0.0
-0.00048219424,0.061726287,0.002642664,-1.2012244e-22,-0.4523399999999999,6.9986,0.0
-0.00050318346,0.06248688,0.0023853593,7.222356e-23,-8.8818e-17,7.0,0.0
-0.0005043692,0.06282485,0.0011101072,1.3259033000000002e-22,0.4523399999999999,6.9986,0.0
-0.00053747394,0.063292004,0.0006970338,-2.3815373e-23,0.90453,6.9945,0.0
-0.0005430772,0.06291347,0.0007070899,9.483856e-22,1.3564,6.9877,0.0
-0.00054241077,0.06313928,-0.00015074434,2.361949e-22,1.8079,6.9781,0.0
-0.0005355512,0.06276861,-0.0005891683,-2.2141981000000002e-21,2.2588,6.9659,0.0
-0.0005212487,0.06267387,-0.0011634305,-1.3431297000000001e-21,2.709,6.9511,0.0
-0.0005285057,0.06245865,-0.0013727173,1.3224507e-21,3.1584,6.9336,0.0
-0.0005002603,0.062070753,-0.0016895537,1.4584932e-21,3.6067,6.9135,0.0
-0.0004925477,0.06176445,-0.002388468,-1.6426520000000003e-23,4.053999999999999,6.891,0.0
-0.00048547384,0.06145621,-0.0028802468,5.2969044e-23,4.5,6.8660000000000005,0.0
-0.00044738495,0.06072282,-0.0037309085,-2.664819e-22,4.9446,6.8387,0.0
-0.0004335939,0.060305916,-0.003721035,-4.315927e-22,5.3878,6.809,0.0
-0.00041891442,0.05950574,-0.0039529693,-6.619928400000001e-22,5.8293,6.7771,0.0
-0.00037742115,0.05876483,-0.0043367594,7.6874886e-23,6.2691,6.7431,0.0
-0.000382651,0.058427297,-0.0043830266,-3.1129517e-22,6.7071,6.7071,0.0
5.8326907e-05,0.05266157,0.002595856,1.48728e-22,-6.5245,7.0145,0.0
4.5060468e-05,0.053509884,0.0025447006,-1.9339757000000002e-22,-6.0658,7.0457,0.0
2.6517031e-05,0.053800374,0.0032106938,1.7502521000000001e-22,-5.6055,7.0749,0.0
-4.8606336e-05,0.05457747,0.0038809131,-4.0489643e-23,-5.1437,7.1021,0.0
-6.2409585e-05,0.055212427,0.0035864422,-1.6320278e-22,-4.6806,7.1272,0.0
-0.00010794008,0.055859223,0.0039091953,2.6679947e-22,-4.2162,7.1501,0.0
-0.00014128885,0.056726914,0.0036461137,2.6740956000000003e-22,-3.7506,7.1708,0.0
-0.00018427773,0.0573906,0.003915283,-2.4187382e-22,-3.2841,7.1891,0.0
-0.00024869313,0.058191553,0.0038555656,-7.8975296e-22,-2.8166,7.2051,0.0
-0.0002902854,0.059260063,0.0037664468,-8.805188e-22,-2.3484,7.2188,0.0
-0.00032429278,0.059649058,0.003212629,-2.1072247000000002e-22,-1.8795,7.23,0.0
-0.00037579308,0.060415156,0.0035682176,7.254021600000001e-22,-1.4101,7.2387,0.0
-0.00043346267,0.06115479,0.0027665878,2.1065338e-23,-0.94026,7.245,0.0
-0.00046257468,0.061707355,0.0025740662,-3.2905178000000005e-22,-0.4702,7.2487,0.0
-0.00048335336,0.06221513,0.0017814841,-3.9229130000000004e-23,-8.1416e-17,7.25,0.0
-0.00050954183,0.062335126,0.0013169935,-3.0524358000000004e-22,0.4702,7.2487,0.0
-0.000512855,0.06290944,0.0010489693,-7.112405000000001e-23,0.94026,7.245,0.0
-0.0005236248,0.0624564,0.00034317828,1.0573295e-21,1.4101,7.2387,0.0
-0.0005374601,0.06287433,0.0001700269,-3.2144604999999997e-23,1.8795,7.23,0.0
-0.00053182675,0.062463306,-0.00044680946,-1.5166417e-21,2.3484,7.2188,0.0
-0.0005176442,0.06263691,-0.0009667382,-1.3187314e-21,2.8166,7.2051,0.0
-0.00050778076,0.062232062,-0.0013797112,-1.7995621000000002e-24,3.2841,7.1891,0.0
-0.0004896552,0.061704934,-0.0017640507,2.2614299999999998e-21,3.7506,7.1708,0.0
-0.00046580457,0.0611363,-0.0023171012,2.232789e-21,4.2162,7.1501,0.0
-0.0004558926,0.06091281,-0.0025339976,-1.1472476000000001e-21,4.6806,7.1272,0.0
-0.00043729963,0.060354106,-0.0027774083,-2.9421164000000005e-22,5.1437,7.1021,0.0
-0.0004091467,0.06012313,-0.00319249,-7.4684460000000005e-22,5.6055,7.0749,0.0
-0.00038569557,0.05892491,-0.0029168492,4.062606e-21,6.0658,7.0457,0.0
-0.000369501,0.058479637,-0.0033107612,2.7564445e-21,6.5245,7.0145,0.0
-0.00034658503,0.057958554,-0.003480692,-2.7261777000000003e-21,6.9815,6.9815,0.0
6.970898e-05,0.0526375,0.002344721,4.6634364e-23,-6.7798,7.286,0.0
2.3165301e-05,0.053136528,0.0025513358,-3.907029e-22,-6.3022,7.3143,0.0
1.11138725e-05,0.053825773,0.002488876,2.9610425e-22,-5.8232,7.3408,0.0
-1.8650504e-05,0.05429259,0.0027763052,1.1750286e-22,-5.3428,7.3656,0.0
-5.243565e-05,0.054876413,0.0029021369,-7.802802700000001e-22,-4.8611,7.3884,0.0
-7.681477e-05,0.055500075,0.003090666,5.083606000000001e-22,-4.3783,7.4092,0.0
-0.00012505321,0.056646235,0.0029765554,4.1512597000000006e-22,-3.8945,7.428,0.0
-0.00017883348,0.057190083,0.0034773834,-3.9387656e-22,-3.4098,7.4447,0.0
-0.00022750297,0.057840988,0.0035532496,1.3259775e-22,-2.9242,7.4592,0.0
-0.00027431358,0.058928177,0.0034670911,-3.4451285e-23,-2.4379,7.4716,0.0
-0.00032832686,0.059408583,0.0028684293,-9.152730000000001e-24,-1.951,7.4818,0.0
-0.00035830203,0.060275715,0.0030704376,3.9811864000000005e-22,-1.4637,7.4897,0.0
-0.00039807474,0.06083916,0.0031015382,5.742481e-23,-0.976,7.4954,0.0
-0.00044586606,0.061361592,0.0022628775,-3.0855049e-22,-0.48806,7.4989,0.0
-0.00047167297,0.061931353,0.0010138988,-1.3691344e-23,-7.401499999999998e-17,7.5,0.0
-0.00048743177,0.062166266,0.0008196668,-3.5393278000000005e-22,0.48806,7.4989,0.0
-0.00049048243,0.06198269,0.0004077052,-1.0603225e-22,0.976,7.4954,0.0
-0.00049748545,0.06249529,0.00021004805,3.1299123000000004e-22,1.4637,7.4897,0.0
-0.0005253394,0.062807165,-0.00078193936,-1.8722534e-23,1.951,7.4818,0.0
-0.00052381743,0.062463727,-0.0009968383,3.2710376e-23,2.4379,7.4716,0.0
-0.0005171577,0.062122155,-0.0009266769,-2.1656708e-22,2.9242,7.4592,0.0
-0.00048758087,0.061866343,-0.0014615578,-1.558045e-21,3.4098,7.4447,0.0
-0.0004739273,0.06147054,-0.0019900724,1.4802829000000002e-21,3.8945,7.428,0.0
-0.0004740159,0.061229438,-0.0018354504,1.4624161000000001e-21,4.3783,7.4092,0.0
-0.00043204034,0.060617402,-0.0024171774,-3.6841437000000005e-21,4.8611,7.3884,0.0
-0.00042750128,0.060015187,-0.0024821395,1.2367828e-21,5.3428,7.3656,0.0
-0.00041092772,0.05958613,-0.002586973,6.590154e-23,5.8232,7.3408,0.0
-0.00040095308,0.058687653,-0.0026490767,3.428983e-21,6.3022,7.3143,0.0
-0.00037408067,0.05794286,-0.002711228,2.0008538e-21,6.7798,7.286,0.0
-0.00033901594,0.057177626,-0.0030656601,-3.1897486e-21,7.2559,7.2559,0.0
8.295953e-05,0.05295668,0.00210922,8.423892000000001e-23,-7.0352,7.5574,0.0
4.3892484e-05,0.0531215,0.0021317292,-1.9890013000000002e-22,-6.5387,7.5829,0.0
1.4595209e-05,0.05362219,0.0023550251,3.1052499e-22,-6.0408,7.6068,0.0
-9.0222875e-06,0.054181978,0.0026068925,1.0537417e-22,-5.5418,7.629,0.0
-3.121287e-05,0.05461938,0.002628998,-7.366193300000001e-22,-5.0417,7.6495,0.0
-8.3609855e-05,0.055286586,0.0022641337,4.7672967e-22,-4.5405,7.6683,0.0
-0.00013712012,0.05612801,0.0031731003,1.0070884e-21,-4.0384,7.6852,0.0
-0.00016306144,0.056841962,0.0033385654,-4.258553400000001e-22,-3.5354,7.7002,0.0
-0.00020876812,0.057902336,0.0025005809,-9.500741e-22,-3.0318,7.7133,0.0
-0.00025277794,0.058668315,0.002865881,-1.1155887000000002e-22,-2.5274,7.7244,0.0
-0.00030919124,0.05936161,0.0025990368,8.088840999999999e-24,-2.0226,7.7336,0.0
-0.00034743978,0.060012534,0.0020466484,-9.043946000000001e-23,-1.5173,7.7408,0.0
-0.00038098026,0.060733613,0.0023984986,2.5090417000000004e-22,-1.0117,7.7459,0.0
-0.00043393084,0.06133427,0.0018538507,7.1097345e-23,-0.50592,7.749,0.0
-0.00047045396,0.06189821,0.0019215913,-1.6989918e-24,-6.6613e-17,7.75,0.0
-0.00045444525,0.062104676,0.0009148838,-7.022021000000001e-23,0.50592,7.749,0.0
-0.0004929103,0.06217153,0.0001756472,4.0829784000000004e-22,1.0117,7.7459,0.0
-0.0005137475,0.06228418,0.0005098544,1.464659e-22,1.5173,7.7408,0.0
-0.0005020955,0.062220152,-0.00055414136,3.9846924000000004e-22,2.0226,7.7336,0.0
-0.00049564807,0.06233803,-0.0007520267,2.382374e-22,2.5274,7.7244,0.0
-0.0005000964,0.061702907,-0.0008098299,-2.1337298e-21,3.0318,7.7133,0.0
-0.00048348162,0.061666995,-0.0009466759,-1.5648264000000001e-21,3.5354,7.7002,0.0
-0.00045859144,0.061317332,-0.0016893954,2.3080512e-21,4.0384,7.6852,0.0
-0.0004336397,0.060732123,-0.002665885,1.3089678000000001e-21,4.5405,7.6683,0.0
-0.00041809754,0.060289506,-0.0019336436,-3.3254167e-21,5.0417,7.6495,0.0
-0.0004199045,0.059849143,-0.0028418712,-2.3871280000000003e-22,5.5418,7.629,0.0
-0.0003991707,0.059133507,-0.0031011729,-2.3122677000000003e-22,6.0408,7.6068,0.0
-0.0003745836,0.05878534,-0.002864077,2.3614621e-21,6.5387,7.5829,0.0
-0.00035175428,0.0577851,-0.002930183,1.9196301e-21,7.0352,7.5574,0.0
-0.00032797965,0.057293255,-0.0027704046,-1.4140147000000001e-21,7.5303,7.5303,0.0
6.9163914e-05,0.05259399,0.001530345,3.2873033e-23,-7.2905,7.8288,0.0
6.326832e-05,0.05303418,0.0020050318,-1.8312554000000002e-24,-6.7751,7.8514,0.0
4.279813e-05,0.053327277,0.0025619217,1.8669139e-22,-6.2585,7.8727,0.0
-1.13370415e-05,0.053932626,0.002153797,-9.382209000000001e-23,-5.7409,7.8924,0.0
-2.9806903e-05,0.054746017,0.0022142,-1.8409424000000002e-22,-5.2222,7.9107,0.0
-6.911124e-05,0.055559695,0.0024329408,5.1238417e-22,-4.7027,7.9273,0.0
-0.00011426289,0.056156956,0.0028128598,5.903265500000001e-22,-4.1823,7.9424,0.0
-0.00014778256,0.05691567,0.0026567345,-4.934545300000001e-22,-3.6611,7.9557,0.0
-0.00019025296,0.057866856,0.0024835286,-5.683408e-22,-3.1393,7.9674,0.0
-0.00025403145,0.058329526,0.0025160161,-3.8940333000000003e-22,-2.617,7.9773,0.0
-0.00030037283,0.059072446,0.0023435007,4.242655e-22,-2.0942,7.9854,0.0
-0.0003354979,0.059803918,0.0022775047,3.634249e-22,-1.571,7.9918,0.0
-0.00037375782,0.06084267,0.0018289424,-2.4183908e-22,-1.0475,7.9963,0.0
-0.0004169813,0.060892724,0.0021560108,5.6690246e-23,-0.52378,7.9991,0.0
-0.00046297378,0.06126662,0.0014979617,1.4885621e-22,-5.9212e-17,8.0,0.0
-0.00047683093,0.061499644,0.00081644603,-8.338464e-23,0.52378,7.9991,0.0
-0.00048705481,0.06202788,0.0008246093,-3.1754199e-22,1.0475,7.9963,0.0
-0.00049003446,0.062230073,-0.0002851321,7.641617600000001e-22,1.571,7.9918,0.0
-0.00048452747,0.062070966,-0.000105527,4.6220686e-22,2.0942,7.9854,0.0
-0.00049568655,0.061997227,-0.00089306664,-1.1588839000000001e-21,2.617,7.9773,0.0
-0.00047533447,0.061961174,-0.0011178355,-1.4517036e-21,3.1393,7.9674,0.0
-0.00046706456,0.061175838,-0.0011490472,-1.1564987e-21,3.6611,7.9557,0.0
-0.00045750345,0.060744967,-0.0015251965,1.4741306e-21,4.1823,7.9424,0.0
-0.0004379477,0.060783878,-0.001764454,9.339792000000001e-22,4.7027,7.9273,0.0
-0.00042677514,0.060143985,-0.002167366,-1.6060942000000001e-21,5.2222,7.9107,0.0
-0.00039575231,0.059601985,-0.0024873277,-2.0758063e-21,5.7409,7.8924,0.0
-0.00037975097,0.058791958,-0.0020838843,7.41514e-22,6.2585,7.8727,0.0
-0.00037165688,0.05821138,-0.0025563238,2.6580469999999998e-21,6.7751,7.8514,0.0
-0.00032158583,0.057783686,-0.002531243,-4.378545e-22,7.2905,7.8288,0.0
-0.00029367363,0.057290047,-0.0016228964,1.7909086e-22,7.8047,7.8047,0.0
8.68129e-05,0.05257091,0.0015144888,2.5549660000000003e-22,-7.5459,8.1002,0.0
4.1449533e-05,0.052989073,0.0017239902,-2.5145407000000004e-22,-7.0115,8.12,0.0
3.1719785e-05,0.05314749,0.0014721211,-1.4652568e-22,-6.4762,8.1386,0.0
1.6139378e-05,0.054011315,0.0019582133,2.071595e-22,-5.9399,8.1559,0.0
-2.5746587e-05,0.054602843,0.0018138583,9.374697e-24,-5.4028,8.1718,0.0
-8.2759936e-05,0.055316813,0.0024859011,-1.8098557000000002e-22,-4.8648,8.1864,0.0
-9.777175e-05,0.05599896,0.002312486,2.84399e-23,-4.3262,8.1996,0.0
-0.00015024167,0.05659715,0.0025352428,-1.0563567e-23,-3.7868,8.2113,0.0
-0.00019668306,0.056868684,0.0026482858,4.1662302000000006e-22,-3.2469,8.2214,0.0
-0.00024128135,0.058000404,0.002092732,-4.5675566e-22,-2.7065,8.2301,0.0
-0.00029213598,0.058806404,0.002279765,-1.1333633e-22,-2.1657,8.2373,0.0
-0.00033607933,0.059395075,0.0018904998,5.707582600000001e-22,-1.6246,8.2428,0.0
-0.000353503,0.060272083,0.0014358461,-2.4283963000000002e-22,-1.0832,8.2468,0.0
-0.00039641277,0.060756408,0.0017325762,3.3357684e-23,-0.54164,8.2492,0.0
-0.0004407336,0.061538342,0.0008967852,8.593182e-23,-5.181e-17,8.25,0.0
-0.0004510859,0.06122866,0.00072166394,4.7829457000000004e-24,0.54164,8.2492,0.0
-0.00045584247,0.061811604,0.00056339893,-3.904137e-22,1.0832,8.2468,0.0
-0.00046954674,0.06170699,5.5481447e-05,5.810679000000001e-22,1.6246,8.2428,0.0
-0.0004789407,0.061808042,-0.00020567793,-6.314214300000001e-22,2.1657,8.2373,0.0
-0.00048437534,0.061510768,-0.0005892599,-6.221032300000001e-22,2.7065,8.2301,0.0
-0.00047906107,0.061620727,-0.00076636416,7.359656700000001e-22,3.2469,8.2214,0.0
-0.00047626617,0.061475374,-0.001449723,3.8567750000000005e-23,3.7868,8.2113,0.0
-0.0004510064,0.060792707,-0.001112831,-3.4675448e-23,4.3262,8.1996,0.0
-0.00044266615,0.06031608,-0.0015745996,-1.0353859000000001e-21,4.8648,8.1864,0.0
-0.00040727944,0.060054503,-0.0014438687,2.9622497e-23,5.4028,8.1718,0.0
-0.00039018065,0.059224762,-0.002225381,9.8212754e-23,5.9399,8.1559,0.0
-0.0003669596,0.058657408,-0.0019124504,4.6735907e-21,6.4762,8.1386,0.0
-0.00035312178,0.057966024,-0.0020285607,2.7770012e-21,7.0115,8.12,0.0
-0.00033673795,0.05775352,-0.0018196644,-3.9091445e-21,7.5459,8.1002,0.0
-0.0003058595,0.05742403,-0.0021616109,-1.1949787e-21,8.0791,8.0791,0.0
0.0001056682,0.052243665,0.0008852193,3.3150303000000003e-22,-7.8012,8.3716,0.0
6.631138e-05,0.05275092,0.001451926,-3.0163312000000003e-22,-7.247999999999999,8.3886,0.0
5.0321196e-05,0.053064197,0.0016458275,-2.444324e-22,-6.6939,8.4045,0.0
1.2357636e-05,0.053825404,0.0020444714,8.6695435e-24,-6.138999999999999,8.4193,0.0
-3.7935846e-05,0.05440533,0.0018568318,-3.1596340000000003e-23,-5.5833,8.433,0.0
-6.0282342e-05,0.054759353,0.0015492125,2.898644e-22,-5.027,8.4455,0.0
-0.00010416183,0.055472344,0.0018382454,-5.680918300000001e-22,-4.47,8.4568,0.0
-0.00014032084,0.056549713,0.002222869,-2.1176371000000003e-22,-3.9125,8.4668,0.0
-0.00019561,0.057409573,0.002060764,3.4278276000000003e-22,-3.3545,8.4755,0.0
-0.00022953429,0.05797389,0.0020167439,-4.3016875e-23,-2.7961,8.482999999999999,0.0
-0.00026347162,0.058768593,0.002098866,-5.6934856e-23,-2.2373,8.4891,0.0
-0.0003234272,0.05932925,0.001991649,-2.835674e-22,-1.6782,8.4938,0.0
-0.00035236106,0.06016034,0.0016592218,-1.4849447000000002e-22,-1.1189,8.4973,0.0
-0.00039033897,0.06083647,0.001043295,2.2083804000000003e-22,-0.5595,8.4993,0.0
-0.00043220437,0.06131742,0.0012254226,3.3166136000000003e-22,-4.4409e-17,8.5,0.0
-0.00044264883,0.061248653,0.00085365423,3.13711e-22,0.5595,8.4993,0.0
-0.00046467432,0.061829865,0.00025650207,-1.0587041000000001e-22,1.1189,8.4973,0.0
-0.00047763716,0.061769195,1.6536447e-05,-4.04934e-22,1.6782,8.4938,0.0
-0.00047527702,0.061870188,-6.565562e-05,2.3232974e-23,2.2373,8.4891,0.0
-0.0004763758,0.06141279,-0.0006572042,1.7539803e-22,2.7961,8.482999999999999,0.0
-0.00047372095,0.061732173,-0.0012832682,1.3473496000000001e-21,3.3545,8.4755,0.0
-0.0004517768,0.061176978,-0.00088378275,-1.2181462e-21,3.9125,8.4668,0.0
-0.0004363498,0.060507648,-0.0015025598,-1.5971385000000001e-21,4.47,8.4568,0.0
-0.00042011662,0.060192026,-0.0017694071,1.5306387000000001e-21,5.027,8.4455,0.0
-0.00040041606,0.059439532,-0.0014304705,6.984799e-22,5.5833,8.433,0.0
-0.00037682144,0.059068754,-0.001583206,-1.0613982e-21,6.138999999999999,8.4193,0.0
-0.00036110918,0.058485225,-0.0014791267,4.1787404e-21,6.6939,8.4045,0.0
-0.00032772537,0.05772422,-0.0016891267,3.4051463e-21,7.247999999999999,8.3886,0.0
-0.00031487748,0.057246238,-0.0016778316,-4.353003e-21,7.8012,8.3716,0.0
-0.00028806942,0.056562357,-0.0017314078,-1.7391688000000002e-21,8.3536,8.3536,0.0
0.000108436114,0.05238255,0.0005669596,-2.0446241e-22,-8.0566,8.642999999999999,0.0
6.555851e-05,0.05254687,0.00076120615,4.0720370000000003e-23,-7.4844,8.6571,0.0
5.6121935e-05,0.05321728,0.0007554318,-5.1941630000000003e-23,-6.9116,8.6704,0.0
2.6326357e-05,0.053672723,0.0015329868,-1.5033836000000002e-22,-6.337999999999999,8.6828,0.0
5.9104505e-06,0.054012287,0.0009045445,6.6512814e-23,-5.7639,8.6942,0.0
-4.992696e-05,0.054851137,0.0016852182,6.199723e-22,-5.1892,8.7046,0.0
-9.382946e-05,0.055310637,0.001244958,-4.3828486e-22,-4.6139,8.714,0.0
-0.00013071834,0.05633659,0.0012568751,-5.703046300000001e-22,-4.0382,8.7223,0.0
-0.0001881583,0.056888312,0.0017824564,4.713048e-22,-3.4621,8.7296,0.0
-0.000220079,0.057843853,0.0012342082,4.1858645e-23,-2.8856,8.7358,0.0
-0.0002714557,0.05872263,0.0015605576,3.1319974e-23,-2.3089,8.7409,0.0
-0.00031034264,0.05909526,0.0018334647,-2.8491164000000002e-22,-1.7318,8.7449,0.0
-0.00033564182,0.059927367,0.0013218042,-1.630596e-22,-1.1547,8.7477,0.0
-0.00038250134,0.06044118,0.0005577244,2.2289357e-22,-0.57736,8.7494,0.0
-0.00043531577,0.061237067,0.000284706,3.1557334000000004e-22,-3.7007e-17,8.75,0.0
-0.0004524297,0.061154127,0.0004851641,4.1305099999999997e-22,0.57736,8.7494,0.0
-0.00044187834,0.061462782,0.000643244,-1.3470145e-22,1.1547,8.7477,0.0
-0.00046893663,0.06171728,6.333087e-05,-2.2436365000000003e-22,1.7318,8.7449,0.0
-0.0004743373,0.061711926,-0.000115339644,1.0570042e-22,2.3089,8.7409,0.0
-0.00045925987,0.06160809,-0.00070387544,4.4942857e-24,2.8856,8.7358,0.0
-0.00045314053,0.06103273,-0.0007502603,1.4083912000000001e-21,3.4621,8.7296,0.0
-0.000444914,0.06062713,-0.000871906,-1.5013008000000001e-21,4.0382,8.7223,0.0
-0.00043354768,0.06014204,-0.0011258933,-9.755275e-22,4.6139,8.714,0.0
-0.0004030369,0.059723422,-0.0013544246,2.4690937e-21,5.1892,8.7046,0.0
-0.00039859684,0.05916631,-0.0014378803,-1.8632587000000002e-22,5.7639,8.6942,0.0
-0.00035972917,0.058645472,-0.0013783192,-1.1236592e-21,6.337999999999999,8.6828,0.0
-0.00036422582,0.057955258,-0.001321434,1.6325660000000002e-22,6.9116,8.6704,0.0
-0.00032751495,0.05766806,-0.0012969228,-1.5881513e-21,7.4844,8.6571,0.0
-0.00029664973,0.056801327,-0.0012046002,1.4559992e-22,8.0566,8.642999999999999,0.0
-0.00029707755,0.05643715,-0.0012148218,-6.552785600000001e-22,8.628,8.628,0.0
9.7606855e-05,0.05211307,0.00046276307,-8.532857e-23,-8.3119,8.9144,0.0
9.569938e-05,0.052523054,0.00042751525,2.7647166000000004e-22,-7.7209,8.9257,0.0
6.2858155e-05,0.052987345,0.0005416572,-3.1248264e-23,-7.1293,8.9363,0.0
1.90446e-05,0.05325221,0.00085435156,-7.416116000000001e-23,-6.5371,8.9462,0.0
5.674141e-06,0.053929113,0.001147696,-8.673643e-23,-5.9444,8.9553,0.0
-3.8987746e-05,0.054507136,0.0008754011,1.0708287999999999e-23,-5.3513,8.9637,0.0
-6.676403e-05,0.05539672,0.0009457207,-9.335443e-24,-4.7578,8.9712,0.0
-0.000120781406,0.056028284,0.0012295098,-4.0737156e-23,-4.1639,8.9779,0.0
-0.0001780182,0.05708696,0.0010460699,-5.326533e-22,-3.5697,8.9837,0.0
-0.00021117191,0.057569474,0.0014517661,-1.5789839999999999e-24,-2.9752,8.9886,0.0
-0.0002613149,0.05821312,0.0013283435,3.1265236000000005e-22,-2.3804,8.9927,0.0
-0.00030911432,0.059227392,0.00068731036,-1.9561956000000002e-22,-1.7855,8.9959,0.0
-0.00034376144,0.059374295,0.00043583123,-9.0298623e-23,-1.1904,8.9982,0.0
-0.00039390792,0.06007023,0.00076980214,2.1136817000000002e-22,-0.59522,8.9995,0.0
-0.00042059066,0.060796507,0.0007187915,2.658397e-22,-2.9606e-17,9.0,0.0
-0.00044167947,0.061438512,0.0002623936,3.8571699000000005e-22,0.59522,8.9995,0.0
-0.00045495565,0.0611832,0.0004234258,-1.6181054e-22,1.1904,8.9982,0.0
-0.00047474346,0.061515737,0.0002074521,-3.4897316000000003e-22,1.7855,8.9959,0.0
-0.00047645625,0.061445348,0.00014328165,7.285898e-22,2.3804,8.9927,0.0
-0.0004553248,0.06114316,-0.00032519177,8.089462e-23,2.9752,8.9886,0.0
-0.00044062253,0.060880378,-0.0008780175,-4.665518300000001e-22,3.5697,8.9837,0.0
-0.0004507855,0.060438685,-0.0007404147,2.7592512e-22,4.1639,8.9779,0.0
-0.0004216089,0.060188636,-0.0010902141,1.00554673e-22,4.7578,8.9712,0.0
-0.0003981938,0.059569675,-0.0008751985,7.796561000000001e-23,5.3513,8.9637,0.0
-0.00039150362,0.059202332,-0.0005266488,-3.60178e-23,5.9444,8.9553,0.0
-0.00035363997,0.058891565,-0.001847032,9.565531e-22,6.5371,8.9462,0.0
-0.00035137337,0.057821292,-0.0007844791,-1.0306176000000001e-21,7.1293,8.9363,0.0
-0.0003144656,0.057201706,-0.0016631412,-2.5884846000000003e-21,7.7209,8.9257,0.0
-0.0003054094,0.056794167,-0.0007367402,-1.6194288000000001e-21,8.3119,8.9144,0.0
-0.00027188007,0.056231767,-0.00088333595,1.3412461000000001e-21,8.9024,8.9024,0.0
0.00012847374,0.05165103,0.00028111576,1.4389116e-22,-8.5673,9.1858,0.0
6.6915716e-05,0.05215784,0.0005551269,1.8581645000000002e-22,-7.9573,9.1943,0.0
5.4678738e-05,0.052802324,0.0007034659,-4.393619e-22,-7.3469,9.2023,0.0
2.751117e-05,0.052780576,0.0005630881,-1.1874092e-24,-6.7362,9.2097,0.0
-1.5629768e-05,0.053395007,0.00055676466,-1.2451834999999999e-23,-6.125,9.2165,0.0
-4.4240336e-05,0.054134354,0.0004603673,-4.934609e-24,-5.5135,9.2228,0.0
-7.935975e-05,0.054947454,0.0013424205,-2.0958583e-23,-4.9017,9.2284,0.0
-0.00011521745,0.05561276,0.0008060633,-3.1097674000000004e-22,-4.2896,9.2334,0.0
-0.00015079086,0.056531325,0.0011525294,-7.71786e-22,-3.6773,9.2378,0.0
-0.00020961746,0.057233557,0.0004961133,6.521298300000001e-22,-3.0647,9.2415,0.0
-0.0002574963,0.058205493,0.0011206735,6.943578e-22,-2.452,9.2445,0.0
-0.00030959642,0.058866818,0.0008546791,-5.767547000000001e-22,-1.8391,9.2469,0.0
-0.0003316435,0.059605505,0.0010325501,-1.2296629e-22,-1.2261,9.2486,0.0
-0.00035443553,0.060296364,0.00035319477,2.368117e-22,-0.6130800000000001,9.2497,0.0
-0.00040133085,0.06079728,0.00027239695,3.1983173e-22,-2.220400000000001e-17,9.25,0.0
-0.0004169755,0.06069895,0.0004529613,2.8921526e-22,0.6130800000000001,9.2497,0.0
-0.0004383257,0.061169066,2.6570167e-05,-1.6077173000000002e-22,1.2261,9.2486,0.0
-0.00046303397,0.061397333,-0.00016268296,-1.0484977e-21,1.8391,9.2469,0.0
-0.00047047844,0.061313175,-0.0002667252,1.2282033e-21,2.452,9.2445,0.0
-0.00046984685,0.061339207,-0.0006184962,1.1964142e-21,3.0647,9.2415,0.0
-0.00045400436,0.06078286,-0.00064544333,-1.3392331000000001e-21,3.6773,9.2378,0.0
-0.00043843585,0.060715668,-0.0004409736,-6.0551799999999995e-22,4.2896,9.2334,0.0
-0.00041109772,0.059944414,-0.00047652403,-1.0203099000000001e-22,4.9017,9.2284,0.0
-0.00041067405,0.059560314,-0.0013255011,-1.4442574000000001e-22,5.5135,9.2228,0.0
-0.0003762082,0.058874194,-0.0009647964,-1.4651452000000002e-22,6.125,9.2165,0.0
-0.0003624905,0.058230665,-0.000649672,-1.5036073000000002e-22,6.7362,9.2097,0.0
-0.00034620566,0.057545863,-0.0007959428,4.546813e-21,7.3469,9.2023,0.0
-0.00030856882,0.057144642,-0.0002166496,-2.0724095e-21,7.9573,9.1943,0.0
-0.00028344177,0.05659843,-0.0014103868,-4.179038e-21,8.5673,9.1858,0.0
-0.0002781577,0.056230508,-5.506212e-06,1.1436275e-21,9.1768,9.1768,0.0
0.00011356369,0.051480144,0.00041407754,9.9530385e-23,-8.8226,9.4572,0.0
9.5620926e-05,0.052265648,0.00035005878,2.7009133000000004e-22,-8.1938,9.4629,0.0
7.5999174e-05,0.052546624,0.0005822941,-2.877505e-22,-7.5646,9.4682,0.0
4.2944936e-05,0.052770954,0.0004962757,7.130697e-24,-6.9352,9.4731,0.0
3.882162e-05,0.053452633,0.00023957831,2.940971e-22,-6.3056,9.4777,0.0
-3.162742e-05,0.053806916,0.0002578739,2.9547983e-22,-5.6757,9.4818,0.0
-4.565834e-05,0.054945663,2.0179665e-05,-1.7634805000000002e-22,-5.0456,9.4856,0.0
-0.000116083706,0.055671394,0.00010806814,-4.8036237e-22,-4.4153,9.4889,0.0
-0.00016299417,0.056085333,0.00093413435,-3.6350405e-22,-3.7848,9.4918,0.0
-0.00018858822,0.05724933,0.00012333598,1.9630244000000001e-22,-3.1542,9.4943,0.0
-0.00024020605,0.057871103,0.00038442065,3.9799295e-22,-2.5235,9.4964,0.0
-0.00030002193,0.05869039,-1.9745668e-05,-2.2673046e-22,-1.8927,9.4979,0.0
-0.00033404218,0.059481844,0.00020334078,-1.2304286e-22,-1.2619,9.4991,0.0
-0.00037705764,0.05965276,0.0007414395,3.2962494000000003e-22,-0.63094,9.4998,0.0
-0.00040955772,0.060454637,0.00050433434,2.9484081e-22,-1.4803e-17,9.5,0.0
-0.00043068692,0.06087368,0.00041735626,3.0932592e-22,0.63094,9.4998,0.0
-0.0004512415,0.06110765,0.00020275312,-2.8646076e-22,1.2619,9.4991,0.0
-0.00046573573,0.061085187,0.00026905938,-4.58859e-22,1.8927,9.4979,0.0
-0.00044370658,0.061115347,-0.0005434676,8.1612616e-22,2.5235,9.4964,0.0
-0.00046206603,0.060992185,-0.00066121016,5.874032500000001e-22,3.1542,9.4943,0.0
-0.0004407978,0.06057161,-0.00035837363,-7.426723000000001e-22,3.7848,9.4918,0.0
-0.00043660734,0.06026854,-0.00062373374,-1.9396382e-21,4.4153,9.4889,0.0
-0.00041314526,0.05998132,-0.0006087085,-1.4365364e-21,5.0456,9.4856,0.0
-0.00038519982,0.059037894,-0.0005465383,1.0961753e-21,5.6757,9.4818,0.0
-0.00037307356,0.058497436,-0.00036957173,1.3493831e-21,6.3056,9.4777,0.0
-0.00034298035,0.057736833,-0.0010204994,3.2905284e-22,6.9352,9.4731,0.0
-0.0003347089,0.057069734,-0.0006429758,2.7984687e-21,7.5646,9.4682,0.0
-0.00030015776,0.056743342,-0.00080782105,-1.7268809000000002e-21,8.1938,9.4629,0.0
-0.00029046653,0.056062207,-0.0004000998,-2.8593956e-21,8.8226,9.4572,0.0
-0.00025325347,0.05569642,3.1365547e-05,8.859341e-22,9.4512,9.4512,0.0
0.00014678182,0.051108036,-0.0002174431,-3.098528e-22,-9.078,9.7286,0.0
0.000106787964,0.051473454,0.00012740446,4.298652300000001e-22,-8.4302,9.7314,0.0
8.416454e-05,0.051861778,0.00046795365,-6.9839005e-23,-7.7823,9.7341,0.0
5.5652403e-05,0.05209294,-0.00011543442,-2.6498936e-23,-7.1343,9.7366,0.0
1.9374198e-05,0.05242127,0.00045075302,2.0909234000000002e-22,-6.4861,9.7388,0.0
-6.3896623e-06,0.05322419,2.2770837e-07,3.00425e-22,-5.8378,9.7409,0.0
-5.922356e-05,0.053486302,-0.00025159764,-1.8833798000000002e-22,-5.1895,9.7428,0.0
-9.249587e-05,0.054207414,0.0002341324,-3.1583075000000004e-22,-4.541,9.7445,0.0
-0.00014940355,0.05533448,-0.00013899524,2.1243204e-23,-3.8924,9.7459,0.0
-0.00019606063,0.05563824,0.0002088251,-4.717342000000001e-22,-3.2438,9.7472,0.0
-0.00023743624,0.05620642,0.00026146998,-6.5823715e-23,-2.5951,9.7482,0.0
-0.0002774399,0.056744687,0.00024685188,1.6772677e-22,-1.9464,9.749,0.0
-0.00032263302,0.05740527,-3.579352e-05,-1.1958038000000001e-22,-1.2976,9.7495,0.0
-0.00038481888,0.057811297,0.0002756538,3.4258785000000003e-22,-0.64881,9.7499,0.0
-0.0003976161,0.058423124,-0.00010909513,3.6744775000000004e-22,-7.4015e-18,9.75,0.0
-0.00043112464,0.058399186,-0.0001015453,3.1685054000000004e-22,0.64881,9.7499,0.0
-0.00044922103,0.058709353,-0.000121776946,-2.5292365e-22,1.2976,9.7495,0.0
-0.00046094885,0.058729574,-0.00016948441,3.265966e-22,1.9464,9.749,0.0
-0.00045906985,0.05807147,0.0003199447,1.0077860000000001e-22,2.5951,9.7482,0.0
-0.00046266514,0.05806178,-0.0003365213,-5.843927500000001e-22,3.2438,9.7472,0.0
-0.0004409171,0.057403997,-0.00024282024,-3.461446e-24,3.8924,9.7459,0.0
-0.00043503457,0.057017103,-8.009176e-05,-1.3419464e-21,4.541,9.7445,0.0
-0.00041076087,0.056061216,-0.00024274283,-1.1212452e-21,5.1895,9.7428,0.0
-0.0004023249,0.055391185,-0.00013752701,2.5263514e-21,5.8378,9.7409,0.0
-0.0003674161,0.05466049,-0.00017226813,1.2713283e-21,6.4861,9.7388,0.0
-0.00032851327,0.0538228,-0.00023900042,-1.4020237e-21,7.1343,9.7366,0.0
-0.00031026985,0.052944575,-0.00077914214,8.610282e-23,7.7823,9.7341,0.0
-0.00028109972,0.052138813,-0.0004769303,-2.2884723000000002e-21,8.4302,9.7314,0.0
-0.00029041193,0.051309757,0.00025858928,-6.464398e-22,9.078,9.7286,0.0
-0.00030667166,0.051558726,0.00017149327,6.5712320000000005e-22,9.7256,9.7256,0.0
0.00014252297,8.9115e-05,-8.0765225e-05,8.044816e-24,-9.3333,10.0,0.0
0.00011478008,3.299862e-05,0.00022798029,-1.1489096400000001e-23,-8.6667,10.0,0.0
8.25351e-05,-0.00017927052,0.00028052973,5.868027000000001e-23,-8.0,10.0,0.0
6.445121e-05,-0.00021621236,-9.6542295e-05,1.5096802999999998e-23,-7.3333,10.0,0.0
4.8939328e-05,-0.00020958227,0.0002740724,1.9673750000000003e-23,-6.6667,10.0,0.0
-1.9720032e-05,-8.006673e-05,-0.00013471817,-6.446723e-23,-6.0,10.0,0.0
-3.690579e-05,-0.0002652265,0.00036711944,1.16045604e-23,-5.3333,10.0,0.0
-9.298763e-05,0.00020471564,0.00012981473,5.438176e-23,-4.6667,10.0,0.0
-0.00014415951,6.61565e-06,-0.00036719907,3.3261280000000006e-23,-4.0,10.0,0.0
-0.00019844706,-4.8769463e-05,-0.00028173852,4.3658024e-23,-3.3333,10.0,0.0
-0.00022631869,0.00021485891,0.0002865272,-4.5169276e-23,-2.6667,10.0,0.0
-0.0002825271,0.00019101705,-0.000379554,-3.2230855999999997e-23,-2.0,10.0,0.0
-0.00034513845,0.00018988294,-3.3335295e-05,-5.859043000000001e-23,-1.3333,10.0,0.0
-0.00036554658,-4.467508e-05,-0.00042964797,-6.6336614e-23,-0.66667,10.0,0.0
-0.00039240345,0.00022788439,0.0006617028,-3.5731537e-23,0.0,10.0,0.0
-0.00042863778,-0.0001630024,-7.199752e-05,1.4952914999999998e-23,0.66667,10.0,0.0
-0.00043912185,-2.3767352e-05,0.00010441011,3.7103978000000004e-24,1.3333,10.0,0.0
-0.0004567872,4.1818013e-05,-0.00024308573,4.483797e-23,2.0,10.0,0.0
-0.00045007456,-1.9533443e-05,-0.00022701034,-3.6074243e-23,2.6667,10.0,0.0
-0.00045685627,5.273614e-05,7.109903e-05,1.5280627e-23,3.3333,10.0,0.0
-0.00042454913,-0.00016779688,-0.00017098244,-5.865354000000001e-23,4.0,10.0,0.0
-0.00043389777,-3.253769e-05,5.4878183e-05,5.2149588e-23,4.6667,10.0,0.0
-0.00040673578,-0.0002527573,-0.0001704166,-2.7757705e-23,5.3333,10.0,0.0
-0.00037403728,-0.00016854475,-3.8318685e-05,2.0265433e-23,6.0,10.0,0.0
-0.00034357616,-0.00016947021,-0.00014547096,-2.1354957e-23,6.6667,10.0,0.0
-0.00034201116,4.232535e-05,0.00035397592,-4.3509231999999996e-23,7.3333,10.0,0.0
-0.00031366854,3.184611e-05,3.5407487e-05,6.0334594e-23,8.0,10.0,0.0
-0.00028142845,4.5605353e-05,9.964337e-05,4.4090080000000004e-23,8.6667,10.0,0.0
-0.00032059517,8.540301e-05,-4.948117e-06,-2.3251833000000003e-24,9.3333,10.0,0.0
-0.0002449778,-9.5307725e-05,0.00027528778,-6.602478e-23,10.0,10.0,0.0
-0.0007364196,0.016648661,-0.00067320047,7.955911e-21,2.1293,-1.9282,0.0
-0.0007591501,0.00033326168,-0.00034386816,-5.22169e-23,1.8579,-1.6728,0.0
-0.00072790735,0.04857839,0.0047900896,-8.209839e-21,2.4007,-2.1835,0.0
-0.00078130484,0.062149815,0.007980781,9.457954e-22,2.6721,-2.4389,0.0
-0.0007479804,0.064409256,0.010084793,3.5030367000000005e-22,2.9435,-2.6942,0.0
-0.00072670646,0.06394619,0.009932989,4.997754e-22,3.2149,-2.9496,0.0
-0.00069761014,0.0628601,0.00890156,2.2278760000000003e-22,3.4863,-3.2049,0.0
-0.0006630365,0.06161792,0.007945883,-2.8580938e-22,3.7577,-3.4603,0.0
-0.00062031235,0.06078163,0.0064148232,-7.3109316e-22,4.0291,-3.7156,0.0
-0.0005980536,0.060097486,0.005784379,7.3955210000000005e-22,4.3005,-3.971,0.0
-0.00058569165,0.060044646,0.0045791767,1.4136357000000002e-22,4.5719,-4.2263,0.0
-0.0005601017,0.059665997,0.0029381546,-4.1138887000000005e-22,4.8433,-4.4817,0.0
-0.0005084242,0.05991322,0.0019492134,-1.4268254e-21,5.1147,-4.737,0.0
-0.00050328235,0.059864257,0.0016847618,-1.809681e-21,5.3861,-4.9924,0.0
-0.0004733512,0.060004994,0.0015692579,-1.3514506e-21,5.6575,-5.2477,0.0
-0.00045881048,0.060125172,0.00075153727,2.6896709000000003e-22,5.9289,-5.5031,0.0
-0.0004190889,0.06037516,0.00048116985,-4.1194342e-23,6.2003,-5.7584,0.0
-0.0004066718,0.060248055,0.0007658168,-4.0847606e-22,6.4717,-6.0138,0.0
-0.0003903114,0.06033939,0.0009925456,4.330129e-22,6.7431,-6.2691,0.0
-0.0003728451,0.06024301,0.0010870713,-2.7977173e-23,7.0145,-6.5245,0.0
-0.00036483674,0.059955727,0.0008881402,-7.027886000000001e-22,7.286,-6.7798,0.0
-0.00033766983,0.060069293,0.00045332778,-5.940656300000001e-22,7.5574,-7.0352,0.0
-0.0003061782,0.059936874,0.0009983652,-5.5171604e-22,7.8288,-7.2905,0.0
-0.0003243812,0.059827223,0.00065887574,5.1793154e-22,8.1002,-7.5459,0.0
-0.0003151212,0.059434712,0.00096672925,1.5183767e-21,8.3716,-7.8012,0.0
-0.00030600635,0.058970563,0.0007779298,-2.5321274e-22,8.642999999999999,-8.0566,0.0
-0.00029341117,0.058636375,0.0005717869,3.9109326000000004e-22,8.9144,-8.3119,0.0
-0.0002758884,0.05858191,0.0005994325,1.070517e-21,9.1858,-8.5673,0.0
-0.0002515155,0.05829648,0.00042890664,5.5310287e-22,9.4572,-8.8226,0.0
-0.00025084015,0.057419315,0.00037147896,-6.8056154e-23,9.7286,-9.078,0.0
-0.0002618104,0.056064934,-0.00016792305,3.7377996999999997e-23,10.0,-9.3333,0.0
-0.0007567513,0.009840191,-0.0044215824,1.05068384e-20,2.2114,-1.8097,0.0
-0.000792015,-0.00011059758,-0.00010840036,1.4919468e-23,1.9429,-1.5733,0.0
-0.0007427653,0.03898399,0.0029590244,1.2068253e-20,2.48,-2.0462,0.0
-0.0007882378,0.057418257,0.007971149,1.1283697e-21,2.7486,-2.2826,0.0
-0.0007742018,0.06281534,0.011555718,-7.3684405e-23,3.0171,-2.5191,0.0
-0.00074840634,0.063301906,0.010730837,2.296162e-21,3.2857,-2.7555,0.0
-0.0007159436,0.06263631,0.009779632,2.4483797e-21,3.5543,-2.992,0.0
-0.0006929145,0.061698183,0.0086664315,-1.0602684000000001e-22,3.8229,-3.2284,0.0
-0.00065433024,0.0605381,0.0073623965,-1.2436123e-21,4.0914,-3.4649,0.0
-0.00060494395,0.05972452,0.00617233,-5.241561e-22,4.36,-3.7013,0.0
-0.0005785576,0.05934558,0.004243681,-1.1891988e-21,4.6286,-3.9378,0.0
-0.00056507386,0.05935452,0.0031993552,-2.4284892000000002e-21,4.8971,-4.1742,0.0
-0.00052896456,0.05918849,0.0026511266,-2.2999654e-21,5.1657,-4.4106,0.0
-0.00050151703,0.059838995,0.0016916175,-2.2406267e-21,5.4343,-4.6471,0.0
-0.00048367784,0.059773766,0.0004077499,-1.1047177e-21,5.7029,-4.8835,0.0
-0.000465877,0.060125932,0.00022917328,-1.7831334000000002e-21,5.9714,-5.12,0.0
-0.00043223213,0.06057783,0.000302552,-6.1411405e-22,6.24,-5.3564,0.0
-0.00041462586,0.06068206,0.00036315527,-3.1772349000000004e-22,6.5086,-5.5929,0.0
-0.00039880147,0.060525797,0.00043504452,-1.7915518000000002e-22,6.7771,-5.8293,0.0
-0.00037833146,0.06062627,0.00068132265,-1.2423429e-21,7.0457,-6.0658,0.0
-0.00034566747,0.06048064,0.0007751691,-1.0762953e-21,7.3143,-6.3022,0.0
-0.00034747683,0.06035352,0.00051060604,-5.155823e-22,7.5829,-6.5387,0.0
-0.00033192526,0.060228918,0.0010152522,-8.509652000000001e-22,7.8514,-6.7751,0.0
-0.00030830278,0.060111947,0.0016554793,-9.840897e-22,8.12,-7.0115,0.0
-0.00030147636,0.059744656,0.0009209402,-4.9046656e-22,8.3886,-7.247999999999999,0.0
-0.00030397694,0.05943491,0.001887473,7.510372e-22,8.6571,-7.4844,0.0
-0.0003216311,0.05914539,0.0013609491,9.107429999999999e-22,8.9257,-7.7209,0.0
-0.00028533186,0.05924593,0.001358509,9.427106e-22,9.1943,-7.9573,0.0
-0.00026892984,0.05895877,0.0015477464,4.694743700000001e-22,9.4629,-8.1938,0.0
-0.00028755039,0.058580503,0.0007664806,5.929903e-22,9.7314,-8.4302,0.0
-0.0002653342,0.058103345,0.0008313875,-8.906227e-24,10.0,-8.6667,0.0
-0.00074493367,0.0031903954,-0.006271419,-1.9924388e-20,2.2885,-1.6871,0.0
-0.00078916067,-0.00019023009,-0.00035938458,-3.4291443e-23,2.0225,-1.4695,0.0
-0.0007710426,0.02746145,0.002194696,1.3582364e-20,2.5544,-1.9048,0.0
-0.0007876146,0.050004736,0.00689929,5.434445e-21,2.8203,-2.1225,0.0
-0.0007921654,0.059380554,0.011154441,-2.7875894000000003e-21,3.0862,-2.3402,0.0
-0.0007566945,0.061533518,0.012011655,-2.8713022e-23,3.3521,-2.5579,0.0
-0.0007193095,0.061281685,0.010841061,1.5436087e-21,3.618,-2.7756,0.0
-0.00068998546,0.061034687,0.0097944075,1.1704078e-21,3.8839,-2.9933,0.0
-0.0006538222,0.060398128,0.008416727,-4.2884276e-22,4.1499,-3.2109,0.0
-0.0006048266,0.059526708,0.0069313236,-8.2778696e-23,4.4158,-3.4286,0.0
-0.0005780384,0.0589363,0.004306815,2.5387993e-22,4.6817,-3.6463,0.0
-0.0005576455,0.05870337,0.0033317925,-4.2154526000000004e-22,4.9476,-3.864,0.0
-0.00052327063,0.058934376,0.002648304,5.887655e-22,5.2135,-4.0817,0.0
-0.00050773035,0.059280574,0.0012421734,4.380587e-22,5.4794,-4.2994,0.0
-0.00049826934,0.059537433,0.0006554872,-1.7882732e-22,5.7454,-4.517,0.0
-0.00046511058,0.059883967,0.000546828,-2.3970595000000004e-22,6.0113,-4.7347,0.0
-0.00044559338,0.0606039,4.8589427e-05,-7.5603697e-22,6.2772,-4.9524,0.0
-0.0004141974,0.06076406,-0.00010764226,7.520171400000001e-22,6.5431,-5.1701,0.0
-0.00040140867,0.06087565,0.00014657015,-1.0000559e-21,6.809,-5.3878,0.0
-0.00037610828,0.061228607,-4.279148e-05,-5.614035e-22,7.0749,-5.6055,0.0
-0.00035774737,0.06090068,0.00012955099,7.009174e-24,7.3408,-5.8232,0.0
-0.00034895618,0.06065415,0.0012216901,-1.6137999e-23,7.6068,-6.0408,0.0
-0.00034439383,0.06080094,0.00089869427,3.8389718000000003e-22,7.8727,-6.2585,0.0
-0.00031161253,0.06042201,0.0009984046,-5.978328700000001e-22,8.1386,-6.4762,0.0
-0.00031405294,0.060202323,0.0016597614,-1.1767224000000001e-21,8.4045,-6.6939,0.0
-0.00030078998,0.059817843,0.0012075461,-4.6710506e-22,8.6704,-6.9116,0.0
-0.000295364,0.059482355,0.0015471503,1.1285280000000002e-23,8.9363,-7.1293,0.0
-0.00028831788,0.059468884,0.0014043194,-1.010992e-21,9.2023,-7.3469,0.0
-0.00026366272,0.05899077,0.0011102362,-5.431303e-22,9.4682,-7.5646,0.0
-0.00026132015,0.05888849,0.0009033079,-3.0729780000000005e-23,9.7341,-7.7823,0.0
-0.00024822797,0.058123317,0.0008548526,4.9030545e-24,10.0,-8.0,0.0
-0.0007275367,0.0012790929,-0.010686699,-7.902997000000001e-22,2.3601,-1.5607,0.0
-0.0007743631,0.00019158679,-0.000388231,-1.8484387e-23,2.0967,-1.3616,0.0
-0.0007527142,0.018809415,-0.0016172016,-7.1305523e-22,2.6236,-1.7597,0.0
-0.0008221145,0.040034436,0.0059783626,6.736768e-21,2.887,-1.9588,0.0
-0.00081694964,0.053731367,0.012022923,-2.9816892000000002e-21,3.1505,-2.1578,0.0
-0.00080261147,0.05859033,0.013449774,1.637342e-21,3.4139,-2.3569,0.0
-0.0007686946,0.059518747,0.012553755,1.5326497000000001e-21,3.6773,-2.5559,0.0
-0.0007170138,0.059583664,0.011358743,1.4536038e-21,3.9408,-2.755,0.0
-0.00065734156,0.058986273,0.0098468615,1.8848498e-21,4.2042,-2.9541,0.0
-0.0006316499,0.058581937,0.007561485,7.299646000000001e-22,4.4677,-3.1531,0.0
-0.0006031667,0.05825594,0.005474652,1.0993599e-21,4.7311,-3.3522,0.0
-0.00056125096,0.058339782,0.0034041149,9.621693e-22,4.9946,-3.5512,0.0
-0.00053452497,0.058120117,0.0026083179,7.996117300000001e-22,5.257999999999999,-3.7503,0.0
-0.00050784234,0.058401212,0.0011169474,6.9795283e-22,5.5215,-3.9493,0.0
-0.00048295062,0.0591956,-0.00019266526,6.363545300000001e-22,5.7849,-4.1484,0.0
-0.0004655781,0.05975616,-0.0008235085,1.3493531e-21,6.0483,-4.3475,0.0
-0.0004301025,0.06041845,-0.0007022815,6.496996000000001e-22,6.3118,-4.5465,0.0
-0.0004365558,0.06079093,-0.00040391833,-3.9360366e-23,6.5752,-4.7456,0.0
-0.00041119716,0.061021104,-0.00047130696,-3.8363783e-23,6.8387,-4.9446,0.0
-0.00038170192,0.061407477,-2.7157366e-05,5.8539815e-23,7.1021,-5.1437,0.0
-0.00035969535,0.061676696,0.0003820468,-1.4732293e-22,7.3656,-5.3428,0.0
-0.00035802103,0.061482005,0.000211037,-1.9123957000000002e-22,7.629,-5.5418,0.0
-0.0003450803,0.061173353,0.0012952803,6.773954000000001e-22,7.8924,-5.7409,0.0
-0.00032258118,0.061003294,0.0011411963,4.2013242e-23,8.1559,-5.9399,0.0
-0.00029997993,0.060722176,0.0017320737,3.1024370000000003e-22,8.4193,-6.138999999999999,0.0
-0.00029516694,0.060111806,0.0015811558,3.59304e-22,8.6828,-6.337999999999999,0.0
-0.00029637734,0.059892148,0.0019784407,-6.186784e-22,8.9462,-6.5371,0.0
-0.00027239174,0.05965636,0.002663867,-3.4401222e-22,9.2097,-6.7362,0.0
-0.00026586474,0.05880428,0.0021622593,-1.7469369e-23,9.4731,-6.9352,0.0
-0.0002600134,0.05863096,0.0019755382,3.0509232000000003e-22,9.7366,-7.1343,0.0
-0.00023704115,0.05841294,0.0023629132,2.0678440000000001e-22,10.0,-7.3333,0.0
-0.0007531145,0.00076483935,-0.015800633,1.1301994e-20,2.4262,-1.4306,0.0
-0.00079053675,-0.00018792972,-0.0003357767,-1.4891170000000002e-23,2.1651,-1.25,0.0
-0.0007987393,0.014119545,-0.0058946246,-9.857132e-21,2.6874,-1.6111,0.0
-0.0008577468,0.028657552,0.005022481,-3.2389204e-21,2.9486,-1.7917,0.0
-0.00086430897,0.044389013,0.012051487,1.1806818e-20,3.2097,-1.9722,0.0
-0.000840336,0.05344708,0.014731527,-5.6018444e-22,3.4709,-2.1528,0.0
-0.00078902656,0.056264002,0.01389581,-3.487015e-21,3.7321,-2.3333,0.0
-0.00073623273,0.057085037,0.012890514,-3.0840058000000003e-21,3.9932,-2.5139,0.0
-0.00069341244,0.057246644,0.011315511,5.51172e-22,4.2544,-2.6944,0.0
-0.0006430865,0.05674072,0.008434812,1.942319e-21,4.5155,-2.875,0.0
-0.0006134246,0.056763295,0.006969354,1.4678221000000001e-21,4.7767,-3.0556,0.0
-0.00058102905,0.05706872,0.0043346533,9.982826000000001e-22,5.0379,-3.2361,0.0
-0.0005485288,0.057155833,0.0024284904,7.62287e-22,5.299,-3.4167,0.0
-0.0005197719,0.057167374,0.0007114669,1.131448e-21,5.5602,-3.5972,0.0
-0.00050014706,0.057938218,-0.00043791655,2.8125874e-21,5.8214,-3.7778,0.0
-0.00047771703,0.059124224,-0.0013747297,1.4101921e-21,6.0825,-3.9583,0.0
-0.00044002302,0.059687003,-0.0017123694,3.296072e-22,6.3437,-4.1389,0.0
-0.00042852972,0.060767088,-0.001993747,4.48364e-22,6.6049,-4.3194,0.0
-0.00041003025,0.061254527,-0.00091409823,-3.9492750000000004e-23,6.8660000000000005,-4.5,0.0
-0.0003769688,0.06183692,-0.0008912751,4.2185e-22,7.1272,-4.6806,0.0
-0.00036725198,0.062490888,-0.00013071112,1.2721654000000001e-21,7.3884,-4.8611,0.0
-0.00036192656,0.06227424,0.00040859287,1.2770429e-21,7.6495,-5.0417,0.0
-0.00033445406,0.062293578,0.001437864,2.5412042e-22,7.9107,-5.2222,0.0
-0.00031736554,0.061849892,0.0016562555,1.3591818e-22,8.1718,-5.4028,0.0
-0.00030945058,0.06148886,0.0021439209,-7.063689599999999e-23,8.433,-5.5833,0.0
-0.00030188484,0.060693774,0.002288422,-9.385819000000001e-23,8.6942,-5.7639,0.0
-0.0002925471,0.06031715,0.0029735416,-1.4295188e-23,8.9553,-5.9444,0.0
-0.00028113282,0.06001338,0.0030636783,-1.2433435000000002e-22,9.2165,-6.125,0.0
-0.0002638439,0.059342124,0.0030405647,-2.7229035000000003e-22,9.4777,-6.3056,0.0
-0.000254879,0.058588117,0.0027596494,-2.2401507000000004e-22,9.7388,-6.4861,0.0
-0.00023227076,0.058695227,0.0027821166,6.450484e-24,10.0,-6.6667,0.0
-0.00079439627,-0.00211437,-0.01803242,-9.882599999999999e-21,2.4866,-1.2971,0.0
-0.0008033954,6.3828425e-05,-0.00024989434,-4.5298185e-23,2.2275,-1.135,0.0
-0.00084425666,0.010262552,-0.007259965,-1.4146453e-20,2.7457,-1.4593,0.0
-0.0008773357,0.021102805,0.004217701,-1.0444582e-20,3.0048,-1.6215,0.0
-0.00089674845,0.03256633,0.011935301,3.6369088000000004e-21,3.2638,-1.7836,0.0
-0.0008819421,0.04325161,0.015662808,-2.0085668e-21,3.5229,-1.9458,0.0
-0.0008186169,0.049937706,0.016542649,-1.5650356e-21,3.782,-2.108,0.0
-0.00076439837,0.05304584,0.015330951,-1.3433797e-21,4.0411,-2.2701,0.0
-0.00072320877,0.05401679,0.012862307,-3.644963e-21,4.3002,-2.4323,0.0
-0.0006734644,0.05414705,0.0102572255,-1.4279219000000001e-21,4.5593,-2.5945,0.0
-0.00064451096,0.054404087,0.007832133,-1.7437345e-21,4.8183,-2.7567,0.0
-0.00061606406,0.0548547,0.0054435725,-1.845377e-21,5.0774,-2.9188,0.0
-0.0005678049,0.05532876,0.00267372,-7.750605600000001e-22,5.3365,-3.0810000000000004,0.0
-0.0005326935,0.055654526,0.0010638365,-1.3581365e-21,5.5956,-3.2432,0.0
-0.00050890166,0.056101672,-0.0011303171,3.1728324000000004e-22,5.8547,-3.4053,0.0
-0.00048320604,0.05733528,-0.0017799633,-2.5968551e-22,6.1138,-3.5675,0.0
-0.00045364446,0.058827586,-0.002808028,-9.012396e-22,6.3728,-3.7297,0.0
-0.00043714434,0.06032018,-0.0028869542,-2.4939142e-22,6.6319,-3.8918,0.0
-0.00041594464,0.06147357,-0.003022908,-3.5619253e-23,6.891,-4.053999999999999,0.0
-0.00039218643,0.06243552,-0.002260799,-1.7103616000000002e-22,7.1501,-4.2162,0.0
-0.00039005064,0.06315116,-0.0011781373,-5.4297167e-22,7.4092,-4.3783,0.0
-0.0003593095,0.063576266,0.00029055984,-3.6220191e-22,7.6683,-4.5405,0.0
-0.0003335896,0.06355139,0.00127372,-4.63832e-22,7.9273,-4.7027,0.0
-0.00031362684,0.06281838,0.0022287625,3.3763338000000003e-22,8.1864,-4.8648,0.0
-0.00030382272,0.062405944,0.0027437415,-1.5644957e-22,8.4455,-5.027,0.0
-0.00029081694,0.061704293,0.0032688382,-6.8355037000000005e-22,8.7046,-5.1892,0.0
-0.00029219073,0.060864583,0.003256409,-4.9972003e-23,8.9637,-5.3513,0.0
-0.00026712831,0.06020103,0.0039182957,-1.22448e-22,9.2228,-5.5135,0.0
-0.0002536436,0.059610926,0.0038482863,-1.9553497000000003e-22,9.4818,-5.6757,0.0
-0.00025555672,0.059233874,0.0033310386,-4.2867333e-22,9.7409,-5.8378,0.0
-0.00023907096,0.058061518,0.0037633006,-2.3884472e-22,10.0,-6.0,0.0
-0.00079718773,-0.0055306884,-0.019790754,9.33447e-21,2.5411,-1.1607,0.0
-0.0007992904,-0.00010841829,0.0005103429,-6.2317083e-23,2.2839,-1.0168,0.0
-0.00086873135,0.0073329224,-0.008805579,9.148692e-21,2.7983,-1.3046,0.0
-0.00094716414,0.017388776,0.0030127764,-5.984114e-21,3.0555,-1.4485,0.0
-0.0009653343,0.022869257,0.012253502,-1.5849452999999998e-20,3.3127,-1.5924,0.0
-0.0009429755,0.031180639,0.015376815,-7.979317e-21,3.5699,-1.7363,0.0
-0.0008998998,0.038855,0.017719831,2.5912715000000003e-21,3.8271,-1.8801,0.0
-0.0008032747,0.044321604,0.017061245,1.6999012e-21,4.0843,-2.024,0.0
-0.00075307733,0.047287665,0.015405778,-2.2006803e-22,4.3415,-2.1679,0.0
-0.00070509943,0.048842467,0.012333455,-1.7952766e-21,4.5987,-2.3118,0.0
-0.0006630878,0.049924485,0.009738691,-1.2737666000000001e-21,4.8559,-2.4557,0.0
-0.0006236543,0.05085371,0.0068422565,-1.8291329000000002e-22,5.1131,-2.5996,0.0
-0.00058442226,0.051433045,0.003275217,-9.713292e-22,5.3703,-2.7434,0.0
-0.0005476964,0.051935107,0.00092672603,-1.8186523e-21,5.6275,-2.8873,0.0
-0.00053763506,0.052977137,-0.0009238955,-2.3533018e-21,5.8847,-3.0312,0.0
-0.00050247804,0.054539144,-0.0033373684,-1.060633e-21,6.1419,-3.1751,0.0
-0.00047294918,0.056524582,-0.0042473823,-6.956722000000001e-22,6.3991,-3.319,0.0
-0.00044035946,0.05816969,-0.005252473,-1.0219295e-21,6.6563,-3.4629,0.0
-0.00043060255,0.06044469,-0.005130856,-5.694371e-22,6.9135,-3.6067,0.0
-0.00038434632,0.06271669,-0.0043179067,-1.2912661000000002e-22,7.1708,-3.7506,0.0
-0.0003823761,0.063945234,-0.0027720318,-3.706894e-22,7.428,-3.8945,0.0
-0.0003707185,0.065080985,-0.00059299276,-1.010827e-21,7.6852,-4.0384,0.0
-0.00033634625,0.06539861,0.0006535462,-4.4401686e-22,7.9424,-4.1823,0.0
-0.00031462993,0.065117516,0.0022490495,-2.8811650000000004e-23,8.1996,-4.3262,0.0
-0.00030329853,0.06426499,0.0038639812,4.165225e-22,8.4568,-4.47,0.0
-0.00028421718,0.063444965,0.004383446,3.85081e-22,8.714,-4.6139,0.0
-0.00027886665,0.062357027,0.0044883946,-1.7184294e-24,8.9712,-4.7578,0.0
-0.0002549403,0.060772657,0.0049646613,2.0812574e-23,9.2284,-4.9017,0.0
-0.0002461187,0.0602798,0.0052863588,2.4791775000000004e-22,9.4856,-5.0456,0.0
-0.00022997902,0.059204288,0.0049755406,1.8253671000000002e-22,9.7428,-5.1895,0.0
-0.0002386284,0.0586614,0.0056810416,-3.3633140000000005e-23,10.0,-5.3333,0.0
-0.0008392766,-0.008578589,-0.020960493,1.0781803e-20,2.5895,-1.0216,0.0
-0.0008520375,0.00013875146,0.00027694146,3.8603394e-23,2.334,-0.89592,0.0
-0.0009097287,0.0016655616,-0.011269259,8.499935e-21,2.845,-1.1473,0.0
-0.0009883977,0.012706043,0.0032238178,2.5925581e-21,3.1006,-1.273,0.0
-0.0010177413,0.016069505,0.012454202,-1.4133355e-21,3.3561,-1.3987,0.0
-0.0009972734,0.020871371,0.016222918,-5.1348052e-21,3.6116,-1.5244,0.0
-0.0009369792,0.026398014,0.019101083,-4.1178605e-22,3.8672,-1.6501,0.0
-0.00088906393,0.03189593,0.019582782,-3.0617552e-22,4.1227,-1.7758,0.0
-0.00082313444,0.035625793,0.01820171,3.430427e-21,4.3782,-1.9015,0.0
-0.0007597426,0.038613737,0.0147181805,8.929094e-22,4.6338,-2.0271,0.0
-0.00069485535,0.04071728,0.012073316,-9.105334000000001e-22,4.8893,-2.1528,0.0
-0.0006433158,0.042467855,0.00911504,6.415213e-22,5.1448,-2.2785,0.0
-0.000609226,0.04392221,0.005640192,-5.905082e-23,5.4004,-2.4042,0.0
-0.0005696822,0.044896506,0.0023282422,9.831722e-22,5.6559,-2.5299,0.0
-0.0005601834,0.045667984,-0.00074414874,1.6943586000000002e-22,5.9114,-2.6556,0.0
-0.0005116949,0.04759402,-0.0033275604,1.174549e-22,6.167000000000001,-2.7813,0.0
-0.00049165305,0.049716234,-0.005733613,8.2632637e-22,6.4225,-2.907,0.0
-0.00046168966,0.052532956,-0.006913293,-5.613276e-22,6.678,-3.0327,0.0
-0.0004555445,0.055950888,-0.007845617,-5.708684000000001e-22,6.9336,-3.1584,0.0
-0.00042216966,0.05973104,-0.0071158186,2.9462516e-22,7.1891,-3.2841,0.0
-0.00038788794,0.06333457,-0.0053046606,4.426606e-22,7.4447,-3.4098,0.0
-0.00037615857,0.066156924,-0.00282497,4.7858013e-22,7.7002,-3.5354,0.0
-0.00036462393,0.067456126,0.0009898744,3.8137984000000004e-22,7.9557,-3.6611,0.0
-0.00031214967,0.06797158,0.0030263397,3.6508038e-23,8.2113,-3.7868,0.0
-0.00032533996,0.06779518,0.0052369502,1.8529669e-22,8.4668,-3.9125,0.0
-0.00029568173,0.06636895,0.005576198,3.7870102000000003e-22,8.7223,-4.0382,0.0
-0.0002822818,0.064480804,0.006720525,1.3737615000000002e-22,8.9779,-4.1639,0.0
-0.00026660683,0.0628722,0.006233087,1.3888006e-22,9.2334,-4.2896,0.0
-0.0002528506,0.061226718,0.0063005737,4.0124338000000003e-22,9.4889,-4.4153,0.0
-0.00024016839,0.059524007,0.0069009042,2.5948243e-22,9.7445,-4.541,0.0
-0.00022748164,0.05880817,0.006625885,4.8059476e-23,10.0,-4.6667,0.0
-0.00085526356,-0.0124579985,-0.020767465,5.8987227e-21,2.6317,-0.8801200000000001,0.0
-0.00084701664,-9.967806e-05,0.00014106021,-6.2129928000000005e-24,2.3776,-0.77254,0.0
-0.00092623837,-0.00815626,-0.009897817,2.3629553000000003e-21,2.8858,-0.98771,0.0
-0.0010128707,0.0018547145,0.005060125,4.885398e-21,3.1399,-1.0953,0.0
-0.0010580217,0.007456504,0.013833554,1.6034397e-20,3.394,-1.2029,0.0
-0.0010487491,0.011215427,0.017750142,1.2473262e-20,3.648,-1.3105,0.0
-0.0010304217,0.0156207215,0.01985856,-8.854295e-22,3.9021,-1.418,0.0
-0.0009786676,0.019084187,0.021253645,2.5609378e-23,4.1562,-1.5256,0.0
-0.00090805336,0.022881433,0.020635575,-2.5669535e-21,4.4103,-1.6332,0.0
-0.00083506014,0.0252917,0.01775368,-5.840625e-23,4.6643,-1.7408,0.0
-0.0007838072,0.028090881,0.014949756,2.7912818e-21,4.9184,-1.8484,0.0
-0.00071526604,0.030074187,0.012567167,9.040081e-23,5.1725,-1.9559,0.0
-0.0006591988,0.032000244,0.008566321,4.7840024e-22,5.4266,-2.0635,0.0
-0.00062257523,0.032598086,0.006058957,1.3609942e-21,5.6807,-2.1711,0.0
-0.0005810995,0.033058107,0.002530636,9.719768e-22,5.9347,-2.2787,0.0
-0.0005617266,0.0336634,-0.0010610139,6.3445944e-22,6.1888,-2.3863,0.0
-0.0005470888,0.034519386,-0.003563908,6.286168000000001e-22,6.4429,-2.4939,0.0
-0.0005126834,0.037134062,-0.0074277166,8.194026e-22,6.697,-2.6014,0.0
-0.0004886084,0.04136891,-0.009891993,7.066196e-22,6.9511,-2.709,0.0
-0.00045800934,0.046758506,-0.012089612,7.211952700000001e-22,7.2051,-2.8166,0.0
-0.0004172275,0.053450197,-0.010736268,-3.3940355e-23,7.4592,-2.9242,0.0
-0.0004029025,0.06009511,-0.0070818765,7.14964e-22,7.7133,-3.0318,0.0
-0.00036501413,0.06504815,-0.0017769933,5.498034000000001e-22,7.9674,-3.1393,0.0
-0.00034108575,0.06828559,0.0034892801,-2.4172695000000004e-22,8.2214,-3.2469,0.0
-0.00033046922,0.070281506,0.007546376,-3.0949858000000004e-22,8.4755,-3.3545,0.0
-0.0003031225,0.06995005,0.009951073,-3.8679347e-22,8.7296,-3.4621,0.0
-0.00028542688,0.068577826,0.010750651,2.0886477e-22,8.9837,-3.5697,0.0
-0.00025656365,0.0665066,0.010668829,2.9474327000000004e-22,9.2378,-3.6773,0.0
-0.0002706437,0.06408558,0.009217483,2.1322408e-22,9.4918,-3.7848,0.0
-0.00024543374,0.061498508,0.00890438,2.641071e-23,9.7459,-3.8924,0.0
-0.00025171594,0.059470408,0.008398537,2.9495572e-24,10.0,-4.0,0.0
-0.0008790355,-0.014107475,-0.01780031,-8.781028000000001e-23,2.6677,-0.73659,0.0
-0.0008689922,-0.00012206525,-0.0002945247,-2.156184e-23,2.4148,-0.64705,0.0
-0.0009294178,-0.016813532,-0.0072552394,-4.9123154e-22,2.9205,-0.8261299999999999,0.0
-0.0010498194,-0.010051346,0.0063856393,8.848421000000001e-22,3.1733,-0.91568,0.0
-0.0010864763,-0.003566492,0.015249452,1.5398601e-21,3.4262,-1.0052,0.0
-0.0011088061,9.969575e-05,0.018448263,-4.8843263e-22,3.679,-1.0948,0.0
-0.0010947628,0.0041244505,0.02138964,-1.1489981000000001e-21,3.9319,-1.1843,0.0
-0.001035643,0.0068693277,0.022925757,-1.0916194e-21,4.1847,-1.2738,0.0
-0.0009927306,0.010134316,0.02301893,5.9390417e-21,4.4375,-1.3634,0.0
-0.0009396443,0.012442681,0.020391257,5.6364196000000006e-21,4.6904,-1.4529,0.0
-0.0008540324,0.013859553,0.017785117,4.0755329999999996e-21,4.9432,-1.5425,0.0
-0.0007995394,0.015667995,0.015426675,6.823087e-21,5.196000000000001,-1.632,0.0
-0.00074305455,0.016957622,0.011741533,2.4864712000000002e-21,5.4489,-1.7216,0.0
-0.00071261957,0.018835345,0.008244857,-5.659743e-22,5.7017,-1.8111,0.0
-0.0006637082,0.02003974,0.006508505,5.2070322999999996e-23,5.9546,-1.9006,0.0
-0.00062814215,0.019692507,0.0035649906,1.5853738000000001e-21,6.2074,-1.9902,0.0
-0.0006369359,0.019266002,0.00070715323,7.89978e-22,6.4602,-2.0797,0.0
-0.0006052468,0.019858256,-0.0042507374,6.595494600000001e-22,6.7131,-2.1693,0.0
-0.0005815224,0.022217538,-0.00968328,1.3929076e-21,6.9659,-2.2588,0.0
-0.0005317948,0.027471073,-0.01656559,1.0064159e-21,7.2188,-2.3484,0.0
-0.0005084687,0.034691606,-0.020494241,-1.1162483e-23,7.4716,-2.4379,0.0
-0.00043896423,0.04327836,-0.019971512,1.0491572e-23,7.7244,-2.5274,0.0
-0.00039689642,0.05181918,-0.013496531,1.6951962000000002e-22,7.9773,-2.617,0.0
-0.00037290205,0.0594792,-0.0042730775,3.7576088000000003e-22,8.2301,-2.7065,0.0
-0.0003406472,0.0649121,0.006036776,1.04555044e-22,8.482999999999999,-2.7961,0.0
-0.00032790416,0.06864447,0.013642127,4.4336356e-23,8.7358,-2.8856,0.0
-0.00030141103,0.06937374,0.017567381,-5.3961885e-23,8.9886,-2.9752,0.0
-0.00026781842,0.068929896,0.01829192,-3.7093363e-22,9.2415,-3.0647,0.0
-0.0002696315,0.06742835,0.01648223,-2.3453115e-22,9.4943,-3.1542,0.0
-0.00024806615,0.064569026,0.013385418,1.2918406000000002e-22,9.7472,-3.2438,0.0
-0.00024346772,0.06157824,0.011816325,6.468483e-23,10.0,-3.3333,0.0
-0.00089746097,-0.014622051,-0.012764505,-4.2050478e-21,2.6972,-0.59134,0.0
-0.00089357654,-0.00017680816,-0.00032344786,3.7062276e-23,2.4454,-0.51978,0.0
-0.0009686693,-0.02136463,-0.004947221,-5.8182446e-21,2.949,-0.66291,0.0
-0.0010523592,-0.019906424,0.006603675,-5.9363905e-21,3.2008,-0.73447,0.0
-0.0011139764,-0.015246947,0.014948397,-2.3949787e-21,3.4527,-0.80603,0.0
-0.00113836,-0.0128598325,0.019513238,-3.815944e-21,3.7045,-0.87759,0.0
-0.0011584895,-0.010289421,0.02267852,2.0276186e-21,3.9563,-0.94916,0.0
-0.0011238618,-0.0077839266,0.025016747,3.973678e-21,4.2081,-1.0207,0.0
-0.0010919904,-0.005242804,0.024534343,8.322e-21,4.4599,-1.0923,0.0
-0.001044187,-0.0033208327,0.023330593,1.3467181e-21,4.7118,-1.1638,0.0
-0.0009696968,-0.0017900681,0.020093257,-5.698014e-21,4.9636,-1.2354,0.0
-0.0009230182,-0.00013790652,0.01758413,-5.7834982e-21,5.2154,-1.307,0.0
-0.00084246957,0.0019758306,0.01472738,-7.767206999999999e-21,5.4672,-1.3785,0.0
-0.00080275437,0.004533071,0.011789192,-1.7628826000000003e-22,5.718999999999999,-1.4501,0.0
-0.00076116296,0.007359205,0.008433079,-3.2010563e-21,5.9709,-1.5217,0.0
-0.0007328108,0.009455718,0.0061481358,-3.1127008e-21,6.2227,-1.5932,0.0
-0.00074767065,0.010811636,0.0022213012,-1.870172e-21,6.4745,-1.6648,0.0
-0.0007108895,0.011488332,-0.0026645954,-2.9076075e-21,6.7263,-1.7363,0.0
-0.00069472945,0.012931147,-0.011613391,-2.0632784000000001e-22,6.9781,-1.8079,0.0
-0.0006439752,0.015875999,-0.02066653,-2.9582188000000004e-22,7.23,-1.8795,0.0
-0.00056761527,0.019747553,-0.02831484,3.987168e-24,7.4818,-1.951,0.0
-0.00051731704,0.02625816,-0.03298017,1.0170646e-22,7.7336,-2.0226,0.0
-0.00046792295,0.033899136,-0.029814962,-4.757308e-22,7.9854,-2.0942,0.0
-0.00042004872,0.042368513,-0.01969401,-2.0341504000000003e-22,8.2373,-2.1657,0.0
-0.00038586173,0.04989861,-0.006255027,9.811587e-23,8.4891,-2.2373,0.0
-0.0003544732,0.05700075,0.008232238,5.606943e-23,8.7409,-2.3089,0.0
-0.00033211763,0.06206079,0.019062895,-2.6170654e-22,8.9927,-2.3804,0.0
-0.00030695947,0.064459935,0.024930816,-2.2960472e-22,9.2445,-2.452,0.0
-0.00028524187,0.06572936,0.02507662,-2.3680044e-22,9.4964,-2.5235,0.0
-0.0002675917,0.06495121,0.022032931,4.0068984e-23,9.7482,-2.5951,0.0
-0.00025860252,0.06275952,0.01882675,-3.9256243e-23,10.0,-2.6667,0.0
-0.0009028264,-0.014883644,-0.005848173,2.3327147e-23,2.7202,-0.44472,0.0
-0.00088758126,-7.064972e-05,0.0002139284,2.4495228999999998e-23,2.4692,-0.39109,0.0
-0.0009611578,-0.023613924,0.00034813397,-1.9081368e-21,2.9713,-0.49835,0.0
-0.0010598731,-0.026656356,0.00935011,-1.3075767e-21,3.2223,-0.55198,0.0
-0.0011533526,-0.025851062,0.016564429,6.948232e-21,3.4733,-0.60561,0.0
-0.0011908769,-0.025007997,0.021246864,3.496533e-21,3.7244,-0.6592399999999999,0.0
-0.00121968,-0.023124127,0.024164457,-2.8160738e-21,3.9754,-0.71287,0.0
-0.0012227774,-0.021503491,0.025836311,2.42248e-22,4.2264,-0.7665,0.0
-0.0012036111,-0.020152854,0.026329283,-5.477531e-21,4.4774,-0.8201299999999999,0.0
-0.001171264,-0.018340196,0.024339406,-6.948587999999999e-21,4.7285,-0.87376,0.0
-0.0011154986,-0.01718102,0.022299368,-5.4215465000000004e-21,4.9795,-0.92739,0.0
-0.0010531759,-0.015093787,0.019137321,-1.1250377e-20,5.2305,-0.98102,0.0
-0.0009789794,-0.011880357,0.016045008,-9.4844755e-21,5.4815,-1.0347,0.0
-0.0009221653,-0.008579237,0.012005833,-1.518027e-21,5.7326,-1.0883,0.0
-0.0008628001,-0.003921237,0.00757586,-4.730024e-21,5.9836,-1.1419,0.0
-0.0008438689,0.0012496095,0.0016633216,-5.29767e-21,6.2346,-1.1955,0.0
-0.0008217693,0.006051991,-0.0032065269,-3.0502249e-21,6.4856,-1.2492,0.0
-0.0008168937,0.0093934685,-0.00979352,-1.5998422000000002e-21,6.7367,-1.3028,0.0
-0.00079160073,0.011878046,-0.018079827,-1.1846767e-21,6.9877,-1.3564,0.0
-0.0007111133,0.013033489,-0.026094995,-3.1305688000000003e-21,7.2387,-1.4101,0.0
-0.0006436337,0.014601745,-0.033204596,-1.7939556000000002e-21,7.4897,-1.4637,0.0
-0.0005732855,0.016141659,-0.037037287,-6.627744300000001e-22,7.7408,-1.5173,0.0
-0.0005135772,0.019151865,-0.03783111,2.8598346e-22,7.9918,-1.571,0.0
-0.0004434585,0.023766184,-0.032143116,-1.6973611e-22,8.2428,-1.6246,0.0
-0.000414089,0.030563343,-0.021044213,3.1426583000000003e-22,8.4938,-1.6782,0.0
-0.00037539925,0.03777279,-0.0069858395,4.285067e-22,8.7449,-1.7318,0.0
-0.00035087185,0.044760186,0.007582425,1.4436498e-22,8.9959,-1.7855,0.0
-0.0002987883,0.050568983,0.018866513,3.7407852000000004e-22,9.2469,-1.8391,0.0
-0.0002932711,0.05489858,0.026123486,1.3655712000000002e-22,9.4979,-1.8927,0.0
-0.0002713785,0.057826422,0.027829615,-5.2303523e-23,9.749,-1.9464,0.0
-0.0002456569,0.058931515,0.026654022,2.1319288e-23,10.0,-2.0,0.0
-0.00090654305,-0.01407608,-5.5884942e-05,-8.035052e-22,2.7368,-0.29705,0.0
-0.0008853124,0.00011516729,0.00028120202,1.1811204e-23,2.4863,-0.26132,0.0
-0.0009623924,-0.02314841,0.005748121,1.659114e-21,2.9872,-0.33279,0.0
-0.0010680242,-0.028322037,0.011784436,2.1776226e-21,3.2377,-0.3685199999999999,0.0
-0.0011532307,-0.029726163,0.018366737,6.098238e-22,3.4881,-0.40426,0.0
-0.0012491114,-0.0303571,0.022796758,-3.8507522000000005e-22,3.7386,-0.4399899999999999,0.0
-0.0012866729,-0.029944118,0.025113298,-3.6779907e-21,3.989,-0.47572,0.0
-0.0012816803,-0.029123982,0.026230138,-4.891111e-21,4.2395,-0.51146,0.0
-0.0012994456,-0.028987017,0.026491674,-2.5743242e-21,4.49,-0.54719,0.0
-0.0012632543,-0.028207539,0.025159013,1.8821505e-21,4.7404,-0.58292,0.0
-0.0012673072,-0.026947053,0.021327395,1.4555358e-21,4.9909,-0.61866,0.0
-0.0011763965,-0.024916604,0.017159214,1.8856224000000001e-22,5.2413,-0.6543899999999999,0.0
-0.0011083107,-0.020380097,0.012171139,3.0720337e-21,5.4918,-0.69013,0.0
-0.0010231701,-0.015374944,0.0074352166,9.302446e-22,5.7422,-0.7258600000000001,0.0
-0.0009370329,-0.009192557,0.0005045929,-2.1941498000000003e-22,5.9927,-0.76159,0.0
-0.00089648616,-0.0019368092,-0.006372975,6.077222000000001e-22,6.2432,-0.79733,0.0
-0.00087015366,0.005367374,-0.013160341,4.4987377e-22,6.4936,-0.83306,0.0
-0.000819543,0.011582564,-0.019665146,2.344403e-21,6.7441,-0.86879,0.0
-0.00076316507,0.015500492,-0.024942776,-4.4591794999999997e-23,6.9945,-0.90453,0.0
-0.0007299513,0.0164774,-0.029868674,-1.5877067e-21,7.245,-0.94026,0.0
-0.00063677516,0.015702002,-0.03258617,-1.1554245e-21,7.4954,-0.976,0.0
-0.0005864264,0.014171835,-0.03431234,-1.1449487e-21,7.7459,-1.0117,0.0
-0.0005142371,0.012939933,-0.03543067,7.361341e-22,7.9963,-1.0475,0.0
-0.00044614327,0.012998002,-0.03516751,6.127037e-22,8.2468,-1.0832,0.0
-0.0003948313,0.015047297,-0.030879175,5.668368000000001e-23,8.4973,-1.1189,0.0
-0.000357946,0.019080272,-0.022352317,9.737156e-23,8.7477,-1.1547,0.0
-0.00031769724,0.025273766,-0.011826631,-6.726467000000001e-23,8.9982,-1.1904,0.0
-0.00028539842,0.032273762,0.0014529296,-2.3337130999999998e-23,9.2486,-1.2261,0.0
-0.00027839874,0.03875549,0.013450418,-2.0893045000000001e-22,9.4991,-1.2619,0.0
-0.00024873097,0.04447621,0.023724217,-1.0908106e-22,9.7495,-1.2976,0.0
-0.00022409613,0.04895638,0.027723655,-1.6309352e-24,10.0,-1.3333,0.0
-0.0008964975,-0.012338847,0.006132855,-2.6043994e-22,2.7467,-0.1487,0.0
-0.00089899165,0.00030240824,-1.8750317e-05,-7.94754e-23,2.4966,-0.13084,0.0
-0.00096503174,-0.020403443,0.00937078,1.6310432e-21,2.9968,-0.1665599999999999,0.0
-0.0010902121,-0.025371758,0.015352055,1.6672815e-21,3.2469,-0.18442,0.0
-0.0011612256,-0.027650662,0.01975842,-1.4471950000000002e-23,3.497,-0.20228,0.0
-0.0012665502,-0.028584879,0.022784129,2.6681393e-21,3.7471,-0.22014,0.0
-0.0013217008,-0.029139407,0.02517525,2.4881556e-21,3.9973,-0.23801,0.0
-0.0013696719,-0.029971167,0.026221313,-1.469727e-22,4.2474,-0.25587,0.0
-0.0014055846,-0.030214597,0.026876368,2.2979362e-21,4.4975,-0.27373,0.0
-0.0013529627,-0.030380402,0.024131587,4.9116143e-21,4.7476,-0.29159,0.0
-0.0013404047,-0.029463025,0.019051667,2.3263714e-21,4.9977,-0.30945,0.0
-0.0012803616,-0.026952013,0.012138382,-3.111057e-22,5.2478,-0.32731,0.0
-0.0011808068,-0.021656293,0.0049893595,1.5879384000000001e-21,5.4979,-0.34517,0.0
-0.0010838776,-0.015246437,-0.003137847,1.9648975000000002e-21,5.7481,-0.36303,0.0
-0.0009896312,-0.0075629796,-0.01020025,8.032637600000001e-22,5.9982,-0.38089,0.0
-0.0008884336,0.0004944741,-0.018129634,7.202343500000001e-22,6.2483,-0.39875,0.0
-0.00083885953,0.008880497,-0.024777604,7.270726700000001e-22,6.4984,-0.41661,0.0
-0.00076946104,0.015659522,-0.027668294,8.526505e-22,6.7485,-0.43448,0.0
-0.0007146659,0.019959057,-0.029489188,2.2662962000000003e-22,6.9986,-0.4523399999999999,0.0
-0.0006466542,0.021375516,-0.030465696,6.343555e-22,7.2487,-0.4702,0.0
-0.00058993284,0.020404238,-0.030434877,6.3868673e-22,7.4989,-0.48806,0.0
-0.0005185787,0.017346455,-0.0305663,1.6283225e-24,7.749,-0.50592,0.0
-0.00046994246,0.0144967,-0.030984197,-1.4586015000000002e-22,7.9991,-0.52378,0.0
-0.00041126998,0.011795449,-0.032766365,-8.7611776e-24,8.2492,-0.54164,0.0
-0.00037126816,0.010740151,-0.032400783,-3.9228960000000003e-22,8.4993,-0.5595,0.0
-0.00033672169,0.0110644605,-0.03065459,-4.4656210000000005e-22,8.7494,-0.57736,0.0
-0.00029675258,0.014071668,-0.025091209,-4.3186956e-22,8.9995,-0.59522,0.0
-0.00026993128,0.018092243,-0.015749324,-4.3624296e-22,9.2497,-0.6130800000000001,0.0
-0.00025743456,0.023902494,-0.0043031285,-4.380438300000001e-22,9.4998,-0.63094,0.0
-0.00023765209,0.029682415,0.008331083,-2.948244e-22,9.7499,-0.64881,0.0
-0.00021863461,0.035540305,0.01745766,4.4247700000000003e-23,10.0,-0.66667,0.0
-0.00089867087,-0.010536843,0.011413117,-2.2555430000000003e-22,2.75,2.1464e-16,0.0
-0.0008921227,-0.0001895763,0.00025834865,6.613999000000001e-23,2.5,2.2204e-16,0.0
-0.00096597226,-0.016103072,0.0131694265,-1.297211e-22,3.0,1.7022999999999998e-16,0.0
-0.001073168,-0.020678367,0.017635252,-1.02978584e-22,3.25,2.3685e-16,0.0
-0.0011566507,-0.02279342,0.020930558,-1.2180526e-22,3.5,1.5543e-16,0.0
-0.0012726719,-0.023536798,0.02350114,2.678972e-22,3.75,1.8504e-16,0.0
-0.0013602921,-0.024811223,0.025816951,5.7381465e-22,4.0,1.7764e-16,0.0
-0.0013988329,-0.024926662,0.02655266,-8.800502000000001e-23,4.25,1.3323e-16,0.0
-0.0014038396,-0.024912048,0.02642687,-5.650804e-22,4.5,1.6283e-16,0.0
-0.0013819265,-0.02418484,0.023179773,-4.4812096e-23,4.75,2.2945e-16,0.0
-0.0013497203,-0.023117092,0.01627987,-9.039331000000001e-23,5.0,1.1102e-16,0.0
-0.0012950564,-0.020312717,0.0069599794,1.0497318000000001e-22,5.25,1.4063e-16,0.0
-0.0011987286,-0.0152590135,-0.004894262,2.0044347000000002e-22,5.5,5.9212e-17,0.0
-0.001088448,-0.0075694155,-0.015587167,-1.1362596e-22,5.75,1.9983999999999998e-16,0.0
-0.000984119,0.000568958,-0.024020737,2.96359e-22,6.0,6.2913e-17,0.0
-0.00088375446,0.0086182915,-0.029380364,-2.5722066e-23,6.25,5.5511e-17,0.0
-0.0007881127,0.0152633665,-0.03180491,-1.4497613000000002e-22,6.5,4.811e-17,0.0
-0.0007252099,0.019749796,-0.0323052,-1.6018938000000002e-22,6.75,5.9212e-17,0.0
-0.0006345678,0.022807017,-0.031559695,9.017652e-24,7.0,5.181e-17,0.0
-0.0005756183,0.024009496,-0.030059278,-3.8276632e-23,7.25,4.4409e-17,0.0
-0.00051243836,0.023352167,-0.029807594,6.955956e-23,7.5,5.5511e-17,0.0
-0.000479062,0.02167423,-0.029390538,9.540335e-23,7.75,4.811e-17,0.0
-0.0004119859,0.019964918,-0.029272621,-5.358280000000001e-23,8.0,4.0708e-17,0.0
-0.00037214576,0.017520055,-0.029884025,-8.071986000000001e-23,8.25,1.4803e-17,0.0
-0.0003498035,0.015851915,-0.028752469,-2.414972e-22,8.5,7.4015e-18,0.0
-0.00031371377,0.013934365,-0.027997922,-3.6816946000000004e-22,8.75,1.5728e-16,0.0
-0.00029492532,0.01371287,-0.025259666,-2.9764285e-22,9.0,6.4763e-18,0.0
-0.00025343866,0.014257426,-0.021774955,-2.7901324e-22,9.25,1.5173e-16,0.0
-0.00024925513,0.016251022,-0.015791187,-2.0469893000000002e-22,9.5,3.2382000000000002e-18,0.0
-0.0002096993,0.018993482,-0.00931478,-2.1276606e-22,9.75,1.4965e-16,0.0
-0.00021154032,0.0230755,-0.0005202461,1.2725980000000002e-23,10.0,0.0,0.0
-0.0008941212,-0.008564774,0.015417384,7.0115775e-23,2.7467,0.1487,0.0
-0.0008969272,0.00022463617,0.00017420552,3.070287e-23,2.4966,0.13084,0.0
-0.0009707994,-0.012911124,0.015888106,1.9113022e-21,2.9968,0.1665599999999999,0.0
-0.0010726771,-0.015295817,0.018482516,1.6926402e-21,3.2469,0.18442,0.0
-0.0011907343,-0.016350938,0.021506943,-1.2229843e-22,3.497,0.20228,0.0
-0.0012794662,-0.016592294,0.02450763,2.1131837e-21,3.7471,0.22014,0.0
-0.0013564539,-0.015708692,0.025658935,2.421027e-21,3.9973,0.23801,0.0
-0.0013695648,-0.014108177,0.026388751,2.0694207e-23,4.2474,0.25587,0.0
-0.0013961566,-0.012159575,0.02530948,2.1166817e-21,4.4975,0.27373,0.0
-0.0013602712,-0.009373724,0.021832693,4.4126616e-21,4.7476,0.29159,0.0
-0.0013086237,-0.006423622,0.015633455,1.9635733e-21,4.9977,0.30945,0.0
-0.0012474133,-0.0019416853,0.0028984621,3.3274350000000002e-22,5.2478,0.32731,0.0
-0.0011687331,0.003370397,-0.012341389,1.2501035000000001e-21,5.4979,0.34517,0.0
-0.0010704052,0.0104336925,-0.026701784,4.2700397e-22,5.7481,0.36303,0.0
-0.0009515653,0.016887844,-0.034892205,1.1275994e-21,5.9982,0.38089,0.0
-0.00087969674,0.0224995,-0.036774818,1.2341884000000001e-21,6.2483,0.39875,0.0
-0.0007816196,0.025439797,-0.0348963,7.652968e-22,6.4984,0.41661,0.0
-0.0006989489,0.026860557,-0.03340683,7.8795264e-22,6.7485,0.43448,0.0
-0.00062260526,0.026863707,-0.03186331,-2.2496627e-22,6.9986,0.4523399999999999,0.0
-0.0005458016,0.026488682,-0.031048093,5.321350700000001e-22,7.2487,0.4702,0.0
-0.000478834,0.026075052,-0.03015034,6.74206e-22,7.4989,0.48806,0.0
-0.0004299039,0.026271924,-0.029420357,9.3944625e-24,7.749,0.50592,0.0
-0.00040058707,0.026131652,-0.02793388,9.721914000000001e-23,7.9991,0.52378,0.0
-0.00034901648,0.025772462,-0.026376767,2.8798650000000004e-23,8.2492,0.54164,0.0
-0.00033422018,0.024698496,-0.02423715,-4.111477e-22,8.4993,0.5595,0.0
-0.00030590396,0.022836868,-0.021508334,-2.9543043000000004e-22,8.7494,0.57736,0.0
-0.0002875671,0.020728132,-0.01994238,-4.1056227000000005e-22,8.9995,0.59522,0.0
-0.00026073042,0.018778836,-0.019039901,-3.3444491000000004e-22,9.2497,0.6130800000000001,0.0
-0.00026994513,0.017433,-0.017491126,-4.517413000000001e-22,9.4998,0.63094,0.0
-0.00023916931,0.017313473,-0.015576148,-3.5977920000000002e-22,9.7499,0.64881,0.0
-0.00020194356,0.018182168,-0.0117036225,-2.3631496e-24,10.0,0.66667,0.0
-0.00090945914,-0.007278701,0.018439896,8.503995e-22,2.7368,0.29705,0.0
-0.0009139313,-2.1988992e-05,0.00064055505,6.7093567e-23,2.4863,0.26132,0.0
-0.0009843418,-0.008897656,0.017418899,2.0773118e-21,2.9872,0.33279,0.0
-0.0010603286,-0.009831623,0.020431615,1.1880578e-21,3.2377,0.3685199999999999,0.0
-0.0011977614,-0.009373435,0.022083122,-5.588459300000001e-22,3.4881,0.40426,0.0
-0.0012808405,-0.0075694337,0.024136782,-1.9514051e-22,3.7386,0.4399899999999999,0.0
-0.0013196041,-0.005315714,0.025106855,-1.560449e-21,3.989,0.47572,0.0
-0.0013344535,-0.0017945544,0.025058623,-3.1743072000000003e-21,4.2395,0.51146,0.0
-0.0013158304,0.002488001,0.022371233,-2.9661792000000003e-21,4.49,0.54719,0.0
-0.0013102049,0.008242424,0.01822462,-4.9930630000000007e-23,4.7404,0.58292,0.0
-0.0012466914,0.0148000615,0.011625515,2.444238e-21,4.9909,0.61866,0.0
-0.0011583999,0.020750286,-0.0008557085,2.1449036e-21,5.2413,0.6543899999999999,0.0
-0.0010872268,0.02669156,-0.017301371,1.7691372e-21,5.4918,0.69013,0.0
-0.0009939082,0.031942975,-0.03229606,-1.0160566e-21,5.7422,0.7258600000000001,0.0
-0.00091352774,0.035597987,-0.03836067,-3.1276636e-22,5.9927,0.76159,0.0
-0.00082391145,0.03666955,-0.03657399,1.1670873000000001e-21,6.2432,0.79733,0.0
-0.0007431188,0.036427632,-0.033828832,8.136117e-22,6.4936,0.83306,0.0
-0.0006558284,0.03440382,-0.03233477,2.3787533000000002e-21,6.7441,0.86879,0.0
-0.00059420423,0.03300235,-0.032320295,-5.2789365e-22,6.9945,0.90453,0.0
-0.00052289444,0.03193841,-0.031262897,-1.5697087e-21,7.245,0.94026,0.0
-0.0004782421,0.032183897,-0.030077867,-1.6746368e-23,7.4954,0.976,0.0
-0.00043269008,0.03256382,-0.02834321,-8.409974700000001e-22,7.7459,1.0117,0.0
-0.00038948664,0.033197388,-0.025108427,3.9005994e-22,7.9963,1.0475,0.0
-0.000334802,0.0328826,-0.020828914,4.1752376e-22,8.2468,1.0832,0.0
-0.00033798537,0.032186043,-0.019288726,-3.8284063e-23,8.4973,1.1189,0.0
-0.00031281973,0.030866157,-0.017875556,4.8652220000000004e-23,8.7477,1.1547,0.0
-0.00027354338,0.028275931,-0.017125523,-7.348246e-24,8.9982,1.1904,0.0
-0.00028592546,0.026206251,-0.015170322,4.8996719999999995e-24,9.2486,1.2261,0.0
-0.0002500922,0.023992443,-0.0145226605,-1.5377461e-22,9.4991,1.2619,0.0
-0.0002284466,0.022409808,-0.0125883445,-1.0294208000000001e-22,9.7495,1.2976,0.0
-0.00020948953,0.021268036,-0.010697303,4.2590537e-24,10.0,1.3333,0.0
-0.0009021653,-0.0057325372,0.021000782,-5.577888e-23,2.7202,0.44472,0.0
-0.00089810014,0.00012153853,-0.0003426317,3.1447075e-23,2.4692,0.39109,0.0
-0.0009816635,-0.005739823,0.018858705,-1.9448454e-21,2.9713,0.49835,0.0
-0.0010722291,-0.0051307837,0.020555671,-2.4094596e-21,3.2223,0.55198,0.0
-0.0011718058,-0.0031450999,0.022115547,5.7156666000000004e-21,3.4733,0.60561,0.0
-0.0012435078,-0.00061962707,0.023104705,4.070348e-21,3.7244,0.6592399999999999,0.0
-0.0012818731,0.003051091,0.022782087,-1.5492701e-21,3.9754,0.71287,0.0
-0.0012873879,0.008280244,0.02185698,8.120705300000001e-22,4.2264,0.7665,0.0
-0.0012713308,0.01438164,0.018097151,-5.066282e-21,4.4774,0.8201299999999999,0.0
-0.0011952176,0.02133477,0.012129356,-8.210016e-21,4.7285,0.87376,0.0
-0.0011321174,0.028678808,0.005447576,-5.5693113000000005e-21,4.9795,0.92739,0.0
-0.001033618,0.036540233,-0.0060274918,-8.610496e-21,5.2305,0.98102,0.0
-0.0009519238,0.042983763,-0.021012794,-1.1379603e-20,5.4815,1.0347,0.0
-0.00089425663,0.047094315,-0.03267549,-3.646788e-21,5.7326,1.0883,0.0
-0.0008007737,0.047585767,-0.035494942,-2.3125858e-21,5.9836,1.1419,0.0
-0.0007327535,0.046108287,-0.034050107,-4.629459e-21,6.2346,1.1955,0.0
-0.00065970543,0.043472856,-0.03186316,-1.794792e-21,6.4856,1.2492,0.0
-0.0006018833,0.04114599,-0.031304646,-6.619408e-22,6.7367,1.3028,0.0
-0.0005294629,0.03956846,-0.030762887,-1.6247528e-21,6.9877,1.3564,0.0
-0.0004688609,0.03914489,-0.029470751,-3.13149e-21,7.2387,1.4101,0.0
-0.00043179022,0.038969055,-0.027255738,-9.688462e-22,7.4897,1.4637,0.0
-0.00041104032,0.038575187,-0.023946185,-5.848485e-22,7.7408,1.5173,0.0
-0.0003774464,0.038357418,-0.019955304,-3.9980834000000003e-22,7.9918,1.571,0.0
-0.00036367858,0.03787548,-0.018143566,-1.4457339e-22,8.2428,1.6246,0.0
-0.00034171014,0.036669046,-0.016916633,2.763069e-22,8.4938,1.6782,0.0
-0.00031729855,0.035404406,-0.0151677495,2.0832869000000001e-22,8.7449,1.7318,0.0
-0.0002867772,0.033713862,-0.014326393,2.9622376e-22,8.9959,1.7855,0.0
-0.00026625564,0.03230616,-0.012928658,4.735389400000001e-22,9.2469,1.8391,0.0
-0.0002452481,0.030994175,-0.010439545,2.9188207000000003e-22,9.4979,1.8927,0.0
-0.00023588029,0.030741628,-0.00797927,-1.3867978e-22,9.749,1.9464,0.0
-0.0002393477,0.030459357,-0.005992043,1.3888849e-23,10.0,2.0,0.0
-0.00091222714,-0.0046617165,0.021059321,-4.491829e-21,2.6972,0.59134,0.0
-0.00090340583,6.5627974e-06,0.00013517449,2.5230877e-23,2.4454,0.51978,0.0
-0.000997123,-0.0031075138,0.019242784,-6.3588023000000005e-21,2.949,0.66291,0.0
-0.0010951533,-0.0017255206,0.01996,-7.515005e-21,3.2008,0.73447,0.0
-0.0011583699,0.001258062,0.02011482,-6.6999085e-21,3.4527,0.80603,0.0
-0.0011988002,0.0051228777,0.02121025,-5.963488e-21,3.7045,0.87759,0.0
-0.0012333954,0.010775246,0.020303374,3.3566803000000003e-21,3.9563,0.94916,0.0
-0.0012091622,0.017393762,0.018283322,4.9110585000000005e-21,4.2081,1.0207,0.0
-0.0011679864,0.024322607,0.013295344,8.075039999999999e-21,4.4599,1.0923,0.0
-0.0011127448,0.03136245,0.007615404,-5.841181e-22,4.7118,1.1638,0.0
-0.0010353967,0.039350536,-0.0005439911,-6.553299999999999e-21,4.9636,1.2354,0.0
-0.0009279429,0.048157196,-0.011131896,-4.6788054e-21,5.2154,1.307,0.0
-0.00084505987,0.054345958,-0.023343023,-9.846946e-21,5.4672,1.3785,0.0
-0.0007686067,0.05607168,-0.030104455,-1.8099047e-21,5.718999999999999,1.4501,0.0
-0.0006949207,0.0542847,-0.0313187,3.673459e-22,5.9709,1.5217,0.0
-0.00063353666,0.0514005,-0.030440096,-2.2683072e-21,6.2227,1.5932,0.0
-0.0005848777,0.048517056,-0.030715391,-8.2419824e-22,6.4745,1.6648,0.0
-0.00051145686,0.04679878,-0.02976543,-2.2069112000000003e-21,6.7263,1.7363,0.0
-0.0004634741,0.045917068,-0.02819739,-6.671632e-22,6.9781,1.8079,0.0
-0.00041668094,0.045739323,-0.02508441,-4.735743e-22,7.23,1.8795,0.0
-0.00038487514,0.04480648,-0.020453881,-1.5880843000000001e-22,7.4818,1.951,0.0
-0.0003564158,0.04389005,-0.017406516,-1.0937227e-22,7.7336,2.0226,0.0
-0.00034036158,0.04262851,-0.016234562,-3.8260175000000005e-22,7.9854,2.0942,0.0
-0.00032090512,0.0410147,-0.014996455,1.01582565e-22,8.2373,2.1657,0.0
-0.00029746423,0.03998155,-0.01492348,-6.523337e-24,8.4891,2.2373,0.0
-0.00027388585,0.03942045,-0.01377848,6.668053000000001e-23,8.7409,2.3089,0.0
-0.00026358385,0.0383682,-0.012353748,-2.1274597000000003e-22,8.9927,2.3804,0.0
-0.00024043783,0.038410097,-0.008970115,-4.309006e-22,9.2445,2.452,0.0
-0.00023586676,0.038515396,-0.0070455875,-3.6512835e-22,9.4964,2.5235,0.0
-0.00023465743,0.039269846,-0.0035170529,-1.3364099000000001e-22,9.7482,2.5951,0.0
-0.00024561989,0.039835393,-0.0024868064,-5.6081573e-23,10.0,2.6667,0.0
-0.00091822987,-0.0035860674,0.020516858,9.935429000000001e-22,2.6677,0.73659,0.0
-0.0009073526,-0.00027803937,-4.5377077e-05,2.8111177999999997e-23,2.4148,0.64705,0.0
-0.000989356,-0.00096018077,0.018539539,2.3113935e-21,2.9205,0.8261299999999999,0.0
-0.001089055,0.0016200268,0.018633343,-2.6539568000000004e-22,3.1733,0.91568,0.0
-0.0011325565,0.00639952,0.01843828,-4.8898049999999996e-21,3.4262,1.0052,0.0
-0.0011561769,0.01199021,0.018225875,-1.4860514000000001e-21,3.679,1.0948,0.0
-0.0011647174,0.019172072,0.016997533,1.1944955e-21,3.9319,1.1843,0.0
-0.0011329503,0.026355434,0.015016768,9.767133e-22,4.1847,1.2738,0.0
-0.0010863488,0.033042166,0.00980084,5.7716148e-21,4.4375,1.3634,0.0
-0.0010077995,0.04130703,0.0034500659,5.3421998000000004e-21,4.6904,1.4529,0.0
-0.0009175207,0.050798174,-0.0061499644,3.3894606000000004e-21,4.9432,1.5425,0.0
-0.00084941444,0.05911537,-0.015264258,5.1456297e-21,5.196000000000001,1.632,0.0
-0.00077535276,0.0622081,-0.023272153,2.427903e-21,5.4489,1.7216,0.0
-0.00068789965,0.06043487,-0.026112065,-5.8407655e-22,5.7017,1.8111,0.0
-0.000608893,0.057470426,-0.026755765,1.0270232e-21,5.9546,1.9006,0.0
-0.0005438126,0.0549133,-0.026837848,1.2765942e-21,6.2074,1.9902,0.0
-0.000490366,0.05256523,-0.027056644,7.816486e-22,6.4602,2.0797,0.0
-0.00045115314,0.051476575,-0.02511685,1.0249616e-21,6.7131,2.1693,0.0
-0.00039060152,0.050726056,-0.022999734,1.3001957e-21,6.9659,2.2588,0.0
-0.00037298168,0.049566068,-0.019530937,8.62936e-22,7.2188,2.3484,0.0
-0.00033866704,0.048654027,-0.01679662,-7.04295e-25,7.4716,2.4379,0.0
-0.00031448802,0.04697018,-0.015497129,-2.3942002e-22,7.7244,2.5274,0.0
-0.0003061982,0.045567334,-0.014745459,4.5000645e-22,7.9773,2.617,0.0
-0.00026896314,0.044662096,-0.013279571,4.0209040000000004e-22,8.2301,2.7065,0.0
-0.00027419813,0.04369131,-0.011605705,-1.9746514e-23,8.482999999999999,2.7961,0.0
-0.0002520808,0.043697488,-0.010110851,5.8217695e-23,8.7358,2.8856,0.0
-0.00023121902,0.043860536,-0.0091637205,-1.8989308e-23,8.9886,2.9752,0.0
-0.00023349961,0.044040248,-0.0070570535,-5.677145e-22,9.2415,3.0647,0.0
-0.00021565259,0.0448981,-0.004549296,-3.497733e-22,9.4943,3.1542,0.0
-0.00020433638,0.045442402,-0.0033509382,1.3941257000000002e-22,9.7472,3.2438,0.0
-0.00021619402,0.045870617,-0.0012967493,6.507307000000001e-23,10.0,3.3333,0.0
-0.00090818515,-0.0028984575,0.019700442,3.5346417e-21,2.6317,0.8801200000000001,0.0
-0.0009064587,0.00016660808,0.00012800377,-8.780110000000001e-24,2.3776,0.77254,0.0
-0.0009857672,0.0009408598,0.017313596,8.035046e-21,2.8858,0.98771,0.0
-0.0010562215,0.005110518,0.016441781,6.5296337e-21,3.1399,1.0953,0.0
-0.0011027652,0.011412928,0.014911364,1.3170808e-20,3.394,1.2029,0.0
-0.0011250373,0.018478556,0.014697464,1.4687482e-20,3.648,1.3105,0.0
-0.0010961375,0.026075002,0.01217171,4.9820163e-23,3.9021,1.418,0.0
-0.0010629117,0.03321311,0.01027262,-1.0480076e-22,4.1562,1.5256,0.0
-0.0010084094,0.042144768,0.005353204,-3.039159e-21,4.4103,1.6332,0.0
-0.00091827934,0.052954298,-0.0024868958,9.077615e-22,4.6643,1.7408,0.0
-0.00083039363,0.06136797,-0.011332316,2.6349172e-21,4.9184,1.8484,0.0
-0.00074573833,0.06536884,-0.017299261,-1.4338651e-22,5.1725,1.9559,0.0
-0.0006879576,0.06449397,-0.021435816,1.8926163e-21,5.4266,2.0635,0.0
-0.0006154669,0.061852634,-0.022890465,9.462034e-22,5.6807,2.1711,0.0
-0.0005353716,0.059103444,-0.023278669,3.7270888000000003e-22,5.9347,2.2787,0.0
-0.00049183745,0.056951225,-0.022438327,-2.6384772e-23,6.1888,2.3863,0.0
-0.0004322676,0.055765614,-0.021397758,5.249272e-22,6.4429,2.4939,0.0
-0.00040249585,0.054328218,-0.020385288,1.5081718e-21,6.697,2.6014,0.0
-0.00037034278,0.052948583,-0.018309964,5.753565700000001e-22,6.9511,2.709,0.0
-0.0003248785,0.051914416,-0.016746903,4.9424193000000005e-22,7.2051,2.8166,0.0
-0.0003200241,0.05045255,-0.014486708,1.3070605e-23,7.4592,2.9242,0.0
-0.00028760073,0.04898066,-0.013533341,6.996923e-22,7.7133,3.0318,0.0
-0.00026180097,0.047696903,-0.012156154,4.556772e-22,7.9674,3.1393,0.0
-0.00026209583,0.047454707,-0.011415431,-2.529008e-22,8.2214,3.2469,0.0
-0.00024614666,0.047058523,-0.009699029,-4.014739e-22,8.4755,3.3545,0.0
-0.0002444632,0.047241483,-0.00876174,-3.9844832000000005e-22,8.7296,3.4621,0.0
-0.00023983844,0.04717985,-0.0064595593,1.00322685e-22,8.9837,3.5697,0.0
-0.00020945809,0.04768057,-0.0055295024,3.0892230000000003e-22,9.2378,3.6773,0.0
-0.00021280171,0.048159737,-0.0039275438,2.4801025e-22,9.4918,3.7848,0.0
-0.000211103,0.048273228,-0.001962182,1.3816249e-23,9.7459,3.8924,0.0
-0.00020410673,0.048130818,-0.00054413266,6.780165e-24,10.0,4.0,0.0
-0.00088179973,-0.0020114598,0.016869323,9.1131045e-21,2.5895,1.0216,0.0
-0.000898495,0.00020133723,-0.00024350971,-5.442468000000001e-23,2.334,0.89592,0.0
-0.000935079,0.002877106,0.014794014,1.2000991999999999e-20,2.845,1.1473,0.0
-0.0010052872,0.008622186,0.014433862,-1.291963e-21,3.1006,1.273,0.0
-0.0010516524,0.015312353,0.012255179,-4.634456e-21,3.3561,1.3987,0.0
-0.0010470644,0.022683535,0.009735906,-3.5994756e-21,3.6116,1.5244,0.0
-0.0010271658,0.03023125,0.008465202,-5.699588500000001e-22,3.8672,1.6501,0.0
-0.0010011058,0.0403,0.0049378276,4.670527e-22,4.1227,1.7758,0.0
-0.0009475164,0.052846547,-0.0016624015,3.1196197e-22,4.3782,1.9015,0.0
-0.00084648526,0.062555395,-0.007952817,5.5286023e-22,4.6338,2.0271,0.0
-0.0007688544,0.06668371,-0.013664188,9.702809e-22,4.8893,2.1528,0.0
-0.0006917938,0.066933654,-0.017006753,2.1228516e-21,5.1448,2.2785,0.0
-0.0006297317,0.06485134,-0.018535847,6.559859300000001e-22,5.4004,2.4042,0.0
-0.0005544746,0.06270076,-0.019315466,3.8301328000000005e-22,5.6559,2.5299,0.0
-0.0005158516,0.060527906,-0.01872956,-2.7835006000000003e-22,5.9114,2.6556,0.0
-0.00046046072,0.058440212,-0.018618464,-2.0476232000000002e-22,6.167000000000001,2.7813,0.0
-0.0004285145,0.0572069,-0.017078448,6.941249000000001e-22,6.4225,2.907,0.0
-0.00040056056,0.055738445,-0.016708758,-2.5108496e-23,6.678,3.0327,0.0
-0.00036189615,0.05399764,-0.014934743,-5.3909856e-22,6.9336,3.1584,0.0
-0.00032654274,0.05293843,-0.013706127,-1.0394562000000001e-22,7.1891,3.2841,0.0
-0.00030644189,0.05152417,-0.012941231,5.1338599999999995e-22,7.4447,3.4098,0.0
-0.0003006272,0.05117723,-0.011626452,4.947244e-22,7.7002,3.5354,0.0
-0.00027182925,0.050523788,-0.009831562,3.555987e-22,7.9557,3.6611,0.0
-0.0002618241,0.049973957,-0.009669727,-2.9319574e-23,8.2113,3.7868,0.0
-0.00024464156,0.04975431,-0.007586406,2.9338920000000003e-22,8.4668,3.9125,0.0
-0.00023840838,0.050023124,-0.0066524167,3.815447e-22,8.7223,4.0382,0.0
-0.00021638686,0.049903035,-0.005297919,-4.555981e-23,8.9779,4.1639,0.0
-0.00021695698,0.04990626,-0.00398847,2.118958e-22,9.2334,4.2896,0.0
-0.00019616129,0.05016186,-0.0027134717,4.021513e-22,9.4889,4.4153,0.0
-0.00018789321,0.05042402,-0.0020099278,2.3887773000000003e-22,9.7445,4.541,0.0
-0.00019883428,0.050155062,-0.00052489527,-3.551207e-23,10.0,4.6667,0.0
-0.00086134806,-0.0014179642,0.014710739,1.00740315e-20,2.5411,1.1607,0.0
-0.00087890425,0.00018833787,5.7550147e-05,-2.4218055e-23,2.2839,1.0168,0.0
-0.00089674303,0.004783596,0.012598306,1.0041086e-20,2.7983,1.3046,0.0
-0.0009568065,0.011435252,0.012159802,-1.3721563e-20,3.0555,1.4485,0.0
-0.0009837451,0.01770987,0.008286661,-2.043952e-20,3.3127,1.5924,0.0
-0.0010017044,0.026074495,0.0065428247,-7.8442054e-21,3.5699,1.7363,0.0
-0.00097373227,0.038791586,0.003856765,1.916848e-21,3.8271,1.8801,0.0
-0.0009408244,0.05273883,-0.0011853334,3.221438e-21,4.0843,2.024,0.0
-0.00088501093,0.062873445,-0.006097393,-1.2655556e-21,4.3415,2.1679,0.0
-0.0007796328,0.067612454,-0.009103246,-2.4729514e-21,4.5987,2.3118,0.0
-0.00069580635,0.068262585,-0.0130619295,-5.7604620000000005e-22,4.8559,2.4557,0.0
-0.00065509725,0.06710328,-0.014628739,7.101926e-22,5.1131,2.5996,0.0
-0.00059927563,0.06501789,-0.015983948,-9.88065e-22,5.3703,2.7434,0.0
-0.00053799275,0.0625003,-0.016551726,-1.7384434e-21,5.6275,2.8873,0.0
-0.00047119247,0.0603375,-0.015332654,-2.2204456e-21,5.8847,3.0312,0.0
-0.00043610425,0.058644652,-0.0156080695,-1.4285773e-21,6.1419,3.1751,0.0
-0.00040247446,0.057300944,-0.015015699,-6.920893e-22,6.3991,3.319,0.0
-0.0003768334,0.056348935,-0.013744873,-1.9414632e-22,6.6563,3.4629,0.0
-0.00034012517,0.0548909,-0.012852343,-5.3366973e-22,6.9135,3.6067,0.0
-0.00031750958,0.05406777,-0.012016341,-8.249452500000001e-22,7.1708,3.7506,0.0
-0.00031043915,0.05332768,-0.010760059,-3.449451e-22,7.428,3.8945,0.0
-0.00029903156,0.052705444,-0.010239501,-7.135326400000001e-22,7.6852,4.0384,0.0
-0.0002831384,0.05249899,-0.008461936,-4.078436e-22,7.9424,4.1823,0.0
-0.00026918706,0.051793464,-0.0076320665,-1.8844385e-23,8.1996,4.3262,0.0
-0.00024814808,0.05184639,-0.0064480016,4.011252e-22,8.4568,4.47,0.0
-0.0002526344,0.05204417,-0.005330966,2.3568188e-22,8.714,4.6139,0.0
-0.00023601289,0.051881857,-0.004429335,-4.3989800000000003e-23,8.9712,4.7578,0.0
-0.00022335518,0.05159519,-0.0039220946,8.380665e-23,9.2284,4.9017,0.0
-0.00022296773,0.052136566,-0.003076368,3.5224338000000003e-22,9.4856,5.0456,0.0
-0.00019930831,0.051804774,-0.002005747,2.4694981000000003e-22,9.7428,5.1895,0.0
-0.00019857808,0.05215792,-0.0009909794,-3.6625865e-25,10.0,5.3333,0.0
-0.00082818914,-0.0012774098,0.011097932,-9.432796e-21,2.4866,1.2971,0.0
-0.0008428988,-7.936312e-05,-0.00012126751,8.01157e-24,2.2275,1.135,0.0
-0.0008545904,0.0048115244,0.008492444,-1.5165935e-20,2.7457,1.4593,0.0
-0.0008962418,0.011626152,0.007741263,-1.2336509500000001e-20,3.0048,1.6215,0.0
-0.00092740386,0.021244053,0.004476691,2.1322323e-21,3.2638,1.7836,0.0
-0.0009498595,0.03691958,0.0025734324,-2.5879309e-21,3.5229,1.9458,0.0
-0.00092141336,0.053095248,-0.0013050269,-9.53886e-22,3.782,2.108,0.0
-0.0008577831,0.06332423,-0.003831355,-3.9555884000000003e-22,4.0411,2.2701,0.0
-0.0008050753,0.0674731,-0.0073275194,-2.8895584e-21,4.3002,2.4323,0.0
-0.00074957113,0.06877309,-0.009571175,-2.1110328000000003e-21,4.5593,2.5945,0.0
-0.0006807803,0.067775674,-0.011929341,-2.3222908e-21,4.8183,2.7567,0.0
-0.0006107556,0.06615262,-0.013045264,-1.9656283e-21,5.0774,2.9188,0.0
-0.000561891,0.06381504,-0.013439155,-8.261886400000001e-22,5.3365,3.0810000000000004,0.0
-0.00051195663,0.06184036,-0.01412552,-6.997863e-22,5.5956,3.2432,0.0
-0.00047974696,0.06029471,-0.013336455,-1.0231715e-23,5.8547,3.4053,0.0
-0.0004213352,0.0587409,-0.012947856,-9.579691e-22,6.1138,3.5675,0.0
-0.00039299013,0.05785529,-0.012303656,-4.737764e-22,6.3728,3.7297,0.0
-0.0003818685,0.056479007,-0.011890815,2.7265615000000004e-22,6.6319,3.8918,0.0
-0.0003604015,0.05570305,-0.0113956,1.0492759e-23,6.891,4.053999999999999,0.0
-0.0003254049,0.055162013,-0.010172968,-7.552123e-22,7.1501,4.2162,0.0
-0.00032412325,0.054530464,-0.009518,-4.1329948000000006e-22,7.4092,4.3783,0.0
-0.00029922772,0.05392659,-0.008476198,-3.6088364e-22,7.6683,4.5405,0.0
-0.0002819547,0.0536459,-0.0073770573,-2.6486052000000005e-22,7.9273,4.7027,0.0
-0.000277539,0.053683214,-0.0061186776,2.6901432000000004e-22,8.1864,4.8648,0.0
-0.00024896572,0.053454172,-0.005084574,-4.097888e-22,8.4455,5.027,0.0
-0.0002463721,0.05293241,-0.005076592,-6.017735e-22,8.7046,5.1892,0.0
-0.00023855042,0.053117592,-0.003954776,4.3308177e-23,8.9637,5.3513,0.0
-0.00024170491,0.052877866,-0.0036199598,5.528478e-23,9.2228,5.5135,0.0
-0.00023057986,0.053292196,-0.0024184387,-2.1452564e-22,9.4818,5.6757,0.0
-0.00021276902,0.05323265,-0.0015754802,-4.1054640000000004e-22,9.7409,5.8378,0.0
-0.00020625175,0.053544864,-0.0010121956,-2.4759453e-22,10.0,6.0,0.0
-0.00078932673,-0.0027244594,0.008207116,5.298832e-21,2.4262,1.4306,0.0
-0.0008385922,-0.00015853904,-0.00027044863,1.0190492600000001e-23,2.1651,1.25,0.0
-0.00081867643,0.002949336,0.0036230776,-1.5033474e-20,2.6874,1.6111,0.0
-0.00087164185,0.014637072,0.0035401955,-1.5981630000000002e-22,2.9486,1.7917,0.0
-0.0008928559,0.033657163,0.0010538613,1.2428631e-20,3.2097,1.9722,0.0
-0.0009004423,0.052130774,-0.001170963,-9.155634e-22,3.4709,2.1528,0.0
-0.0008548813,0.06316176,-0.0032828525,-3.0234057000000003e-21,3.7321,2.3333,0.0
-0.0008261388,0.06721544,-0.005735739,-3.6360117e-21,3.9932,2.5139,0.0
-0.0007669001,0.06838172,-0.0071986318,1.6660138e-21,4.2544,2.6944,0.0
-0.0007086026,0.06766367,-0.00925254,2.5955393e-21,4.5155,2.875,0.0
-0.0006254207,0.06673856,-0.010466495,4.615791500000001e-22,4.7767,3.0556,0.0
-0.000590034,0.064708605,-0.011551662,6.3247550000000005e-22,5.0379,3.2361,0.0
-0.0005552096,0.06329179,-0.011905289,8.893135e-22,5.299,3.4167,0.0
-0.0005109075,0.061641365,-0.011820462,1.902551e-21,5.5602,3.5972,0.0
-0.00046495564,0.060212657,-0.011882953,2.4482846e-21,5.8214,3.7778,0.0
-0.00044878793,0.058987834,-0.010855067,1.3062139e-21,6.0825,3.9583,0.0
-0.00040636427,0.057852857,-0.01040693,6.410715400000001e-22,6.3437,4.1389,0.0
-0.00038895346,0.057100512,-0.009839594,5.125129e-22,6.6049,4.3194,0.0
-0.00035735915,0.056593493,-0.009156432,-5.2438626e-23,6.8660000000000005,4.5,0.0
-0.00034497122,0.055812642,-0.008607489,4.2244352000000003e-22,7.1272,4.6806,0.0
-0.0003235965,0.055148482,-0.007412931,1.2725317000000001e-21,7.3884,4.8611,0.0
-0.00030198594,0.054958574,-0.0069396645,1.1072589000000001e-21,7.6495,5.0417,0.0
-0.0002915402,0.05450206,-0.006399871,5.39504e-22,7.9107,5.2222,0.0
-0.0002721519,0.054102626,-0.005965775,4.8371790000000006e-23,8.1718,5.4028,0.0
-0.00026666175,0.054240413,-0.004438432,-1.1978357e-22,8.433,5.5833,0.0
-0.00027337865,0.053940628,-0.004472539,8.580956000000001e-23,8.6942,5.7639,0.0
-0.00024498848,0.054059,-0.0029335464,4.1228774e-24,8.9553,5.9444,0.0
-0.00022584955,0.054173775,-0.0031361168,1.3689154e-23,9.2165,6.125,0.0
-0.00023327951,0.05401878,-0.0026826828,-2.8069355000000004e-22,9.4777,6.3056,0.0
-0.00023744589,0.05417372,-0.0016235731,-2.5701505000000004e-22,9.7388,6.4861,0.0
-0.00023346551,0.054465532,-0.0010876083,-2.9025134e-23,10.0,6.6667,0.0
-0.0007953383,-0.0051496243,0.0044969376,-1.8355761e-20,2.3601,1.5607,0.0
-0.0008252032,1.297798e-06,-0.00032355823,4.9243095999999997e-23,2.0967,1.3616,0.0
-0.00080043846,0.0053388304,-0.0009451518,-1.2864358e-20,2.6236,1.7597,0.0
-0.0008457273,0.027205,0.0004961025,9.1501144e-21,2.887,1.9588,0.0
-0.00085687346,0.050140813,-0.001020629,-1.8297881000000002e-21,3.1505,2.1578,0.0
-0.0008559166,0.061880015,-0.0023574522,1.752281e-21,3.4139,2.3569,0.0
-0.000822531,0.06629353,-0.004192436,1.4792392000000001e-21,3.6773,2.5559,0.0
-0.0007837987,0.06789889,-0.0055967364,9.034126e-22,3.9408,2.755,0.0
-0.00073296734,0.06775218,-0.0073788567,2.2192412000000003e-21,4.2042,2.9541,0.0
-0.00067396817,0.0667663,-0.008829995,1.2440823e-21,4.4677,3.1531,0.0
-0.00061672565,0.06562838,-0.009241146,9.808007e-22,4.7311,3.3522,0.0
-0.0005784516,0.06395923,-0.009768196,9.938825e-22,4.9946,3.5512,0.0
-0.0005235808,0.06279287,-0.010431462,8.593351e-22,5.257999999999999,3.7503,0.0
-0.0005011328,0.061443895,-0.009702379,8.747171000000001e-22,5.5215,3.9493,0.0
-0.00045633095,0.06022569,-0.010089831,7.069107000000001e-22,5.7849,4.1484,0.0
-0.0004320469,0.059569158,-0.009726808,9.469085e-22,6.0483,4.3475,0.0
-0.00040903292,0.058495782,-0.009329761,6.214972e-22,6.3118,4.5465,0.0
-0.00038091157,0.057912998,-0.007787236,-1.6174241000000002e-22,6.5752,4.7456,0.0
-0.00035696052,0.056966342,-0.008065903,9.043032000000001e-23,6.8387,4.9446,0.0
-0.00034929736,0.05644851,-0.0074756695,1.1073373000000001e-22,7.1021,5.1437,0.0
-0.00031859954,0.056077097,-0.0067469226,-4.372192000000001e-22,7.3656,5.3428,0.0
-0.0003043941,0.05586093,-0.0057395026,5.8255447e-23,7.629,5.5418,0.0
-0.00030573836,0.055600017,-0.0052824756,5.798863e-22,7.8924,5.7409,0.0
-0.00029346062,0.05511748,-0.0046336153,8.2452954e-23,8.1559,5.9399,0.0
-0.00027474272,0.055082448,-0.004281371,3.3469394000000004e-22,8.4193,6.138999999999999,0.0
-0.0002580506,0.05500409,-0.0033667402,3.4749982000000003e-22,8.6828,6.337999999999999,0.0
-0.00025682614,0.05485139,-0.0027337957,-5.103744e-22,8.9462,6.5371,0.0
-0.00026211469,0.054740306,-0.0024789134,-3.3123772000000003e-22,9.2097,6.7362,0.0
-0.00023437079,0.054635853,-0.001659215,-5.608898e-23,9.4731,6.9352,0.0
-0.00024452695,0.05466185,-0.0014316605,2.8300664000000003e-22,9.7366,7.1343,0.0
-0.00023210137,0.054589253,-0.0017423127,2.6356960000000003e-22,10.0,7.3333,0.0
-0.00078579376,-0.0037936647,0.0033550663,-3.2067233e-20,2.2885,1.6871,0.0
-0.0008248013,-1.7954968e-05,-4.6282774e-05,-5.1561969999999996e-24,2.0225,1.4695,0.0
-0.0007845697,0.017949026,-0.0019258182,6.2418718000000006e-21,2.5544,1.9048,0.0
-0.00082393776,0.044011652,-0.0014073062,5.4213357e-21,2.8203,2.1225,0.0
-0.0008176319,0.060041886,-0.00278401,-1.7632142e-21,3.0862,2.3402,0.0
-0.0008505478,0.06512636,-0.0038953647,6.656118e-24,3.3521,2.5579,0.0
-0.00079473614,0.06704022,-0.004534453,1.0597406e-21,3.618,2.7756,0.0
-0.0007645939,0.06729957,-0.005824744,1.2491062e-21,3.8839,2.9933,0.0
-0.0007043111,0.066750646,-0.006946368,3.0089462e-22,4.1499,3.2109,0.0
-0.00064685865,0.06587955,-0.00839544,-3.972658e-23,4.4158,3.4286,0.0
-0.0006092813,0.064698055,-0.008906325,4.1326258e-23,4.6817,3.6463,0.0
-0.00056290964,0.06386641,-0.009016532,-1.0767276000000001e-21,4.9476,3.864,0.0
-0.0005187021,0.062803246,-0.0092039555,5.292527e-22,5.2135,4.0817,0.0
-0.00048405924,0.061368093,-0.0087586,1.0930346e-21,5.4794,4.2994,0.0
-0.00045901365,0.060147814,-0.008140772,-2.0741011000000002e-22,5.7454,4.517,0.0
-0.00042388588,0.05918206,-0.008262777,-8.726315e-23,6.0113,4.7347,0.0
-0.00040973438,0.05843942,-0.008111272,-8.563894e-22,6.2772,4.9524,0.0
-0.0003957304,0.058030814,-0.0073630996,4.5625635e-22,6.5431,5.1701,0.0
-0.00036558646,0.057352725,-0.0069101066,-6.2421905e-22,6.809,5.3878,0.0
-0.0003571275,0.05704462,-0.0061828056,-5.468942e-22,7.0749,5.6055,0.0
-0.00033692422,0.056444503,-0.0059041125,-3.8371204e-24,7.3408,5.8232,0.0
-0.00031666513,0.055815652,-0.0051346836,8.0929354e-23,7.6068,6.0408,0.0
-0.00029654338,0.055901513,-0.0039608288,3.8626974000000006e-22,7.8727,6.2585,0.0
-0.0002770049,0.05567304,-0.0036412992,-5.865583000000001e-22,8.1386,6.4762,0.0
-0.0002902561,0.055292275,-0.0032873752,-1.2749512e-21,8.4045,6.6939,0.0
-0.00026137554,0.05536148,-0.0031680139,-3.4094323e-22,8.6704,6.9116,0.0
-0.00025079335,0.055309422,-0.0025749132,9.584738e-23,8.9363,7.1293,0.0
-0.00025568696,0.05525069,-0.0020580404,-1.0005522e-21,9.2023,7.3469,0.0
-0.0002495534,0.055390984,-0.0021095118,-5.3052044e-22,9.4682,7.5646,0.0
-0.00024882384,0.05493562,-0.0014613027,-5.569166e-23,9.7341,7.7823,0.0
-0.000229253,0.05493705,-0.00016900164,3.3484432e-23,10.0,8.0,0.0
-0.00077900715,0.003524148,0.0031173644,1.1482281e-20,2.2114,1.8097,0.0
-0.0008367269,-4.8025977e-05,-7.222209e-05,1.8831498e-24,1.9429,1.5733,0.0
-0.0007804557,0.033779014,-0.0018950785,1.452371e-20,2.48,2.0462,0.0
-0.00081135874,0.054861926,-0.0019383868,3.0488542e-22,2.7486,2.2826,0.0
-0.0008277209,0.06350839,-0.0038394528,-2.6671980000000005e-23,3.0171,2.5191,0.0
-0.0008125646,0.066399306,-0.0043110056,2.3374957e-21,3.2857,2.7555,0.0
-0.0007741312,0.066835985,-0.004970704,2.5178106e-21,3.5543,2.992,0.0
-0.0007358458,0.066988595,-0.0060093654,-1.9488701e-23,3.8229,3.2284,0.0
-0.0006850755,0.066384695,-0.0068381485,-7.814497000000001e-22,4.0914,3.4649,0.0
-0.0006424483,0.065347046,-0.007685879,-1.2063809e-21,4.36,3.7013,0.0
-0.0005712405,0.06448834,-0.0077437125,-1.6689918e-21,4.6286,3.9378,0.0
-0.0005571077,0.06322107,-0.007857438,-3.0476113e-21,4.8971,4.1742,0.0
-0.0005131416,0.06186337,-0.008408801,-2.3909278000000002e-21,5.1657,4.4106,0.0
-0.0004773614,0.061283678,-0.008084687,-6.351048e-22,5.4343,4.6471,0.0
-0.00045628494,0.060158987,-0.0077144327,-4.948373e-22,5.7029,4.8835,0.0
-0.00041843893,0.059529502,-0.0073921015,-2.1135688000000002e-21,5.9714,5.12,0.0
-0.00040794944,0.058588862,-0.007303857,-1.6174186e-21,6.24,5.3564,0.0
-0.00039063892,0.058169182,-0.0062461384,-3.1373526e-22,6.5086,5.5929,0.0
-0.00036478046,0.057710245,-0.0057614245,-4.210311e-23,6.7771,5.8293,0.0
-0.000349214,0.057533227,-0.005460401,-1.2220741000000001e-21,7.0457,6.0658,0.0
-0.00032587838,0.056996234,-0.004913359,-1.0599902e-21,7.3143,6.3022,0.0
-0.00031287322,0.056774534,-0.004314081,-9.05605e-22,7.5829,6.5387,0.0
-0.00031184705,0.05628705,-0.0040497514,-6.991182700000001e-22,7.8514,6.7751,0.0
-0.00029761053,0.055744722,-0.0032905373,-9.651965e-22,8.12,7.0115,0.0
-0.00029065512,0.05616708,-0.002746669,-6.444447300000001e-22,8.3886,7.247999999999999,0.0
-0.00026932187,0.055824272,-0.0030949623,9.491534e-22,8.6571,7.4844,0.0
-0.00026714566,0.055873096,-0.001688615,1.0226605e-21,8.9257,7.7209,0.0
-0.00026447483,0.055491187,-0.0017574667,8.894549e-22,9.1943,7.9573,0.0
-0.00026277296,0.055496786,-0.0011115621,5.093667500000001e-22,9.4629,8.1938,0.0
-0.00024772546,0.05526589,-0.0005696649,5.2592385e-22,9.7314,8.4302,0.0
-0.00023609967,0.05494938,-0.0005343505,-1.6694872e-23,10.0,8.6667,0.0
-0.00074698986,0.0117494725,0.00090881204,1.0071571e-20,2.1293,1.9282,0.0
-0.00078687887,-0.00010462897,-0.0003547615,6.966714599999999e-23,1.8579,1.6728,0.0
-0.0007661982,0.045303706,-0.0023878354,-6.100344e-21,2.4007,2.1835,0.0
-0.0008086838,0.060142033,-0.0031225048,2.2747585000000002e-22,2.6721,2.4389,0.0
-0.00079701666,0.06531292,-0.00416568,-3.5328195e-22,2.9435,2.6942,0.0
-0.0007844568,0.06623936,-0.0040492276,-1.0651137e-22,3.2149,2.9496,0.0
-0.00074191886,0.06667793,-0.005240082,-3.4140572e-22,3.4863,3.2049,0.0
-0.00069964444,0.06653814,-0.0050234245,2.9746080000000003e-22,3.7577,3.4603,0.0
-0.00067179394,0.065872446,-0.006260412,6.794881300000001e-22,4.0291,3.7156,0.0
-0.0006330648,0.064982794,-0.006655558,-7.078078e-22,4.3005,3.971,0.0
-0.0005673019,0.06401069,-0.006443752,-7.508013600000001e-22,4.5719,4.2263,0.0
-0.0005522972,0.06277693,-0.007869764,3.6905655e-22,4.8433,4.4817,0.0
-0.00049361354,0.061960675,-0.006880881,-1.3411181e-21,5.1147,4.737,0.0
-0.00046242494,0.060915977,-0.0071138577,-5.676439e-22,5.3861,4.9924,0.0
-0.00044619397,0.060086586,-0.0064644613,-1.3007124000000001e-21,5.6575,5.2477,0.0
-0.0004231886,0.059640177,-0.0062474622,5.9307876e-23,5.9289,5.5031,0.0
-0.00040199154,0.05903657,-0.0056565255,-4.3389935e-22,6.2003,5.7584,0.0
-0.00038311663,0.058458734,-0.0053244275,-6.6684106e-22,6.4717,6.0138,0.0
-0.0003520845,0.058199868,-0.0048736664,9.02221e-22,6.7431,6.2691,0.0
-0.000338377,0.05753006,-0.0043511055,-2.6250517e-22,7.0145,6.5245,0.0
-0.0003397321,0.05714033,-0.0038476735,-6.0235394e-22,7.286,6.7798,0.0
-0.00031827908,0.056928247,-0.0035082009,-6.909339e-22,7.5574,7.0352,0.0
-0.0003174906,0.056403834,-0.0031013284,-6.0346163e-22,7.8288,7.2905,0.0
-0.00031402046,0.05647693,-0.002513221,5.153803000000001e-22,8.1002,7.5459,0.0
-0.00028767242,0.056230433,-0.0022269327,1.415742e-21,8.3716,7.8012,0.0
-0.00028385996,0.056049988,-0.0018198354,1.4336402000000002e-22,8.642999999999999,8.0566,0.0
-0.0002726149,0.056159828,-0.0017734398,5.611054300000001e-22,8.9144,8.3119,0.0
-0.00025786532,0.05569185,-0.00085049914,1.10293e-21,9.1858,8.5673,0.0
-0.0002497485,0.05544614,-0.0008480095,5.621274400000001e-22,9.4572,8.8226,0.0
-0.00025202925,0.054876447,-0.00023616268,-2.4237492999999998e-23,9.7286,9.078,0.0
-0.00024571994,0.05351541,0.00032595068,1.5335456e-24,10.0,9.3333,0.0
-0.00020944647,0.055810083,0.00054582115,-6.550262e-23,10.306,-9.3333,0.0
-0.00020205928,0.00019766483,-0.00043170666,-3.4660585e-23,10.306,-10.0,0.0
-0.00022648851,0.056065783,0.00066809217,-6.217925e-23,10.611,-9.3333,0.0
-0.00021446502,0.00013266772,0.00053610327,-5.3623356e-23,10.611,-10.0,0.0
-0.00021157804,0.055758093,0.0001910855,-4.9088845e-23,10.917,-9.3333,0.0
-0.00020446266,-0.00020163273,-0.00020352611,-1.7861073e-23,10.917,-10.0,0.0
-0.00020338483,0.055288326,0.00033939863,-3.59559e-24,11.222,-9.3333,0.0
-0.00019715511,-7.9982565e-06,-0.0002140511,4.6765290000000005e-23,11.222,-10.0,0.0
-0.00020750663,0.054805517,0.0003885855,1.5566258e-23,11.528,-9.3333,0.0
-0.00018968548,-0.00018189341,5.961914e-05,-1.2861639e-23,11.528,-10.0,0.0
-0.00017910913,0.05474492,0.000821176,6.2963469999999996e-24,11.833,-9.3333,0.0
-0.0001751987,-0.0002475311,-7.168343e-05,-1.0409922e-23,11.833,-10.0,0.0
-0.00016803385,0.054574065,0.0005412756,-3.4352330000000006e-23,12.139,-9.3333,0.0
-0.00017971107,-0.000111483634,-0.00014804854,5.5519715e-23,12.139,-10.0,0.0
-0.00017930086,0.05430544,0.00039700978,8.8931256e-24,12.444,-9.3333,0.0
-0.00015764078,-0.00014618179,0.0001830298,8.642141599999999e-23,12.444,-10.0,0.0
-0.00013938965,0.053922407,0.0008735785,3.5090142000000005e-24,12.75,-9.3333,0.0
-0.00014892656,0.00014729379,-8.0159654e-05,2.9688168e-23,12.75,-10.0,0.0
-0.00015047497,0.05382587,0.00094943517,2.3978342e-24,13.056,-9.3333,0.0
-0.00014784429,5.194079e-05,-0.00015402841,1.5365445e-23,13.056,-10.0,0.0
-0.00014442904,0.053248018,0.0007436418,8.5639245e-24,13.361,-9.3333,0.0
-0.00014072581,-0.00030098413,-9.6953474e-05,-5.1814252e-23,13.361,-10.0,0.0
-0.00013943124,0.053267464,0.0007858649,2.1367547e-23,13.667,-9.3333,0.0
-0.00012775009,-5.4360833e-05,9.870145e-05,3.0797837e-23,13.667,-10.0,0.0
-0.00013768581,0.052738726,0.0009169639,-1.6322075e-23,13.972,-9.3333,0.0
-0.00012721233,0.00024243863,0.00022437485,-5.0827103e-23,13.972,-10.0,0.0
-0.00010903551,0.05271308,0.00042896532,-1.0316395e-23,14.278,-9.3333,0.0
-0.0001176235,-7.2567185e-05,-0.00017091725,-6.5834166e-23,14.278,-10.0,0.0
-0.00011566596,0.052232876,0.00040207,-5.733981000000001e-23,14.583,-9.3333,0.0
-0.00010904393,-0.00016913726,0.000311726,3.8934893e-23,14.583,-10.0,0.0
-0.00010506235,0.05194553,0.0007565452,7.527364e-23,14.889,-9.3333,0.0
-0.00010231578,1.3902318e-05,0.00027304247,1.2913287e-23,14.889,-10.0,0.0
-9.447771e-05,0.051758934,0.00040673616,6.13031e-23,15.194,-9.3333,0.0
-8.56875e-05,-9.45474e-05,-0.00026883977,1.8646703e-23,15.194,-10.0,0.0
-9.637824e-05,0.051227167,0.0004508905,5.0153656e-23,15.5,-9.3333,0.0
-7.2005576e-05,-7.5691234e-05,4.841271e-05,-1.3901824e-23,15.5,-10.0,0.0
-9.654816e-05,0.051358018,0.00017488142,7.145818e-24,15.806,-9.3333,0.0
-8.872467e-05,8.3502615e-05,-0.00021068938,-3.1337493e-23,15.806,-10.0,0.0
-8.759178e-05,0.050848246,0.00041430257,8.784755e-25,16.111,-9.3333,0.0
-8.303421e-05,9.832485e-05,-0.00032915617,2.560024e-23,16.111,-10.0,0.0
-7.9074416e-05,0.05090417,0.0005249451,4.1763130000000004e-23,16.417,-9.3333,0.0
-8.6799e-05,-4.3205917e-05,-0.00024944823,2.6270027e-23,16.417,-10.0,0.0
-8.880632e-05,0.050781198,0.0004299709,1.2947416e-24,16.722,-9.3333,0.0
-6.522976e-05,5.8144564e-05,-2.3697037e-05,-3.4012956e-23,16.722,-10.0,0.0
-6.651421e-05,0.050453756,0.00031284802,-2.0724373e-23,17.028,-9.3333,0.0
-7.6634286e-05,-6.53195e-05,-0.00093744136,4.4563295e-23,17.028,-10.0,0.0
-7.615977e-05,0.05049552,-8.61953e-05,2.0165582e-23,17.333,-9.3333,0.0
-8.379404e-05,0.00015938026,0.00046562694,2.0489987e-23,17.333,-10.0,0.0
-6.677525e-05,0.0503767,-0.000105964835,-3.9533922e-23,17.639,-9.3333,0.0
-7.3517076e-05,-0.00013827463,1.0223128e-05,-1.4139417e-24,17.639,-10.0,0.0
-6.661906e-05,0.050480083,0.00011151703,1.9321311e-23,17.944000000000003,-9.3333,0.0
-5.4175405e-05,0.0002331622,7.444783e-05,-2.8540457e-23,17.944000000000003,-10.0,0.0
-6.2346866e-05,0.050579857,6.690202e-05,-1.16339565e-23,18.25,-9.3333,0.0
-7.01747e-05,0.00014284207,-0.00040739216,4.6096286e-23,18.25,-10.0,0.0
-6.877702e-05,0.05047196,-9.310758e-05,3.3982058e-23,18.556,-9.3333,0.0
-5.3078744e-05,-0.00018522423,-0.00035253516,-2.8563126e-23,18.556,-10.0,0.0
-5.3995926e-05,0.0503681,-6.919075e-05,5.2812004e-23,18.861,-9.3333,0.0
-5.501247e-05,-7.684383e-05,-8.140667e-05,9.782446000000001e-23,18.861,-10.0,0.0
-5.2806943e-05,0.050632883,-0.00046630204,4.6897995e-23,19.167,-9.3333,0.0
-2.7415997e-05,-2.204068e-05,0.00019819685,2.2088988999999998e-23,19.167,-10.0,0.0
-5.0134597e-05,0.051087484,-0.0008536424,-3.5734920000000005e-23,19.472,-9.3333,0.0
-5.2654435e-05,9.163562e-05,-0.0005528787,-9.0358476e-23,19.472,-10.0,0.0
-4.420447e-05,0.051362306,-0.00039087527,6.0461834e-23,19.778,-9.3333,0.0
-5.645561e-05,-0.00013167551,3.1008385e-05,7.564097e-23,19.778,-10.0,0.0
-3.564161e-05,0.05102739,-0.00063354196,-1.4555026e-23,20.083,-9.3333,0.0
-4.119082e-05,-0.00020771322,0.00023360399,-5.2035537e-23,20.083,-10.0,0.0
-4.591412e-05,0.051430307,-0.00025044708,-2.1388455e-23,20.389,-9.3333,0.0
-4.86667e-05,5.2642543e-05,-4.632864e-05,2.997602e-23,20.389,-10.0,0.0
-4.5272194e-05,0.051737294,-0.00064779655,-9.170921e-23,20.694000000000003,-9.3333,0.0
-4.243319e-05,0.00014167628,0.00022468204,1.7846558e-24,20.694000000000003,-10.0,0.0
-5.5577002e-05,0.05203421,-0.0005612103,-1.3196873e-23,21.0,-9.3333,0.0
-4.6773628e-05,-1.0731164e-06,0.0006055868,-8.432118000000001e-23,21.0,-10.0,0.0
-4.108824e-05,0.052312415,-0.00030227442,-3.3320778e-23,21.306,-9.3333,0.0
-2.0855736e-05,0.00015567799,0.00039010402,-8.108329e-24,21.306,-10.0,0.0
-3.6404974e-05,0.05249191,7.8007346e-05,1.3172942e-23,21.611,-9.3333,0.0
-3.3909582e-05,-0.00014118018,-0.00013726018,-4.881249e-23,21.611,-10.0,0.0
-3.6686026e-05,0.052263357,0.0002584448,6.5960276e-23,21.917,-9.3333,0.0
-2.3938966e-05,-6.693369e-05,-7.705571e-05,-3.9430826999999996e-23,21.917,-10.0,0.0
-3.146286e-05,0.052486673,-0.0003322002,3.670321e-23,22.222,-9.3333,0.0
-3.443138e-05,-0.00017425232,-0.0003401837,7.104383e-23,22.222,-10.0,0.0
-4.745864e-05,0.052807346,-0.00026026182,4.7165312e-23,22.528,-9.3333,0.0
-1.5763302e-05,8.795597e-05,0.00016055512,1.5813367e-23,22.528,-10.0,0.0
-3.1113734e-05,0.05236157,0.00012210105,-3.4575305999999997e-23,22.833,-9.3333,0.0
-1.9780924e-05,0.00014205487,8.70435e-05,-1.05734624e-23,22.833,-10.0,0.0
-2.733065e-05,0.05265732,0.00037720287,8.2856396e-24,23.139,-9.3333,0.0
-4.415364e-06,0.00025655556,0.00017589191,-2.42746e-23,23.139,-10.0,0.0
-1.5826052e-05,0.052461624,-0.00057217106,6.5171775e-24,23.444000000000003,-9.3333,0.0
-1.9916944e-05,-1.7940532e-05,4.5259483e-05,5.826687000000001e-23,23.444000000000003,-10.0,0.0
-1.2256666e-05,0.052095942,0.00036574854,-1.9881415e-23,23.75,-9.3333,0.0
-2.3427452e-05,-5.369286e-05,-0.0003426806,-5.1788453e-23,23.75,-10.0,0.0
-1.932574e-05,0.052158944,-0.0002471798,1.4912475e-23,24.056,-9.3333,0.0
-5.5441596e-06,9.82224e-05,-9.089033e-05,-6.5161678000000004e-24,24.056,-10.0,0.0
-1.4926171e-05,0.052274898,0.00028698536,-5.3891948000000005e-24,24.361,-9.3333,0.0
-9.653828e-06,-0.000105273444,-0.00045041612,-8.63809e-24,24.361,-10.0,0.0
-1.5196758e-05,0.052361753,0.00035699946,-2.763073e-23,24.667,-9.3333,0.0
-7.159697e-06,-8.77196e-05,-0.0004789849,5.0584538e-23,24.667,-10.0,0.0
-6.166403e-06,0.052401286,0.0003137358,-3.1197390000000005e-23,24.972,-9.3333,0.0
-1.4138528e-05,-0.000403767,-0.000571207,7.513439400000001e-24,24.972,-10.0,0.0
-2.5277022e-05,0.05247643,0.00073601375,-1.2006473e-22,25.278,-9.3333,0.0
-1.9804058e-05,0.0002280653,-0.00016523385,-3.6093061999999997e-23,25.278,-10.0,0.0
-1.1961635e-05,0.052535355,0.0005651078,2.1822543e-23,25.583,-9.3333,0.0
-1.6823607e-05,-5.81278e-05,-0.00010381484,7.231176000000001e-23,25.583,-10.0,0.0
4.810281e-07,0.052141145,0.0006558966,1.0375539000000001e-22,25.889,-9.3333,0.0
7.4433947e-06,3.416068e-05,0.00023245206,9.1893403e-23,25.889,-10.0,0.0
-1.4407524e-06,0.052464142,0.00037719682,2.705341e-23,26.194000000000003,-9.3333,0.0
-4.9123046e-06,0.0001442458,-0.00017460584,1.8925638e-23,26.194000000000003,-10.0,0.0
-1.1878616e-05,0.05221073,0.00015661994,9.491877e-24,26.5,-9.3333,0.0
-8.978128e-06,-1.2665521e-05,0.00025032833,-1.6806145e-24,26.5,-10.0,0.0
-2.218513e-05,0.052105904,0.0003746776,-4.3344638e-23,26.806,-9.3333,0.0
-3.3214874e-06,-1.0825694e-05,0.0004316913,-2.0897720000000003e-23,26.806,-10.0,0.0
-1.8612744e-05,0.05163459,0.00061645906,3.7136593e-23,27.111,-9.3333,0.0
-1.7939277e-05,-0.00014328305,-0.00029280377,3.764246e-23,27.111,-10.0,0.0
-1.2801902e-06,0.0516361,0.0008788594,-1.548575e-23,27.417,-9.3333,0.0
-1.2948149e-05,-9.116717e-05,-0.00020536594,-6.0727396000000005e-24,27.417,-10.0,0.0
-1.952416e-06,0.051422536,0.0008127274,5.1712672e-23,27.722,-9.3333,0.0
-1.4207446e-05,-0.00013468182,0.0001780605,2.3750998999999998e-23,27.722,-10.0,0.0
-1.4745248e-05,0.051397182,0.00044777093,3.1454723999999997e-23,28.028,-9.3333,0.0
-1.7607526e-06,0.00014479132,0.0003677433,7.523865e-24,28.028,-10.0,0.0
-1.6315658e-05,0.051146314,0.0005131373,3.8566514e-23,28.333,-9.3333,0.0
3.9409197e-06,-4.8140762e-05,-2.4944078e-05,6.4121947e-23,28.333,-10.0,0.0
-1.8528226e-08,0.050706096,0.0008830449,-1.1596416e-23,28.639,-9.3333,0.0
-7.084205e-06,-0.00023350073,-8.925935e-05,1.3604137e-23,28.639,-10.0,0.0
-1.0072581e-06,0.05046704,0.00087999296,-6.2277804e-23,28.944000000000003,-9.3333,0.0
-1.38115665e-05,-1.567637e-05,0.000114971306,5.9010784e-23,28.944000000000003,-10.0,0.0
-1.0537597e-05,0.050056957,0.0005442286,3.232487e-24,29.25,-9.3333,0.0
-8.023153e-07,5.9647544e-05,-0.00031388598,-1.4982651999999998e-23,29.25,-10.0,0.0
-2.2242934e-06,0.049812295,0.0006488338,4.993881e-24,29.556,-9.3333,0.0
-7.5650605e-06,-3.90457e-06,0.00043516094,3.871906e-23,29.556,-10.0,0.0
7.5997887e-06,0.04978606,0.0012391983,-3.2495970000000004e-23,29.861,-9.3333,0.0
-3.4520563e-06,-0.00023285951,-0.00014514942,-7.298753e-23,29.861,-10.0,0.0
-1.28884985e-05,0.049268868,0.0008804528,3.6693460000000004e-23,30.167,-9.3333,0.0
3.859721e-06,-0.00024246401,-0.00012376742,-1.8400553e-23,30.167,-10.0,0.0
-8.065763e-08,0.048843294,0.0008629553,4.6582388e-23,30.472,-9.3333,0.0
8.817553e-06,-0.00010758126,0.0002810109,1.4033798e-23,30.472,-10.0,0.0
-2.4483725e-06,0.048977323,0.00049096905,3.9493130000000005e-23,30.778,-9.3333,0.0
-5.6508807e-06,-0.00018981006,8.0484315e-06,-2.238854e-23,30.778,-10.0,0.0
2.0144227e-05,0.0485727,0.0004628729,-3.6811342e-23,31.083,-9.3333,0.0
-4.7099056e-06,7.610163e-05,-0.00034025495,-1.2890315e-23,31.083,-10.0,0.0
1.5643309e-09,0.047732353,6.5877684e-06,-3.1858772e-23,31.389,-9.3333,0.0
-1.8060988e-05,-7.614726e-05,-0.00023443648,5.498045e-23,31.389,-10.0,0.0
8.691394e-06,0.047775388,-0.00010351616,-7.305231e-24,31.694000000000003,-9.3333,0.0
9.277057e-06,0.0002631708,-0.00015163887,-9.978169e-24,31.694000000000003,-10.0,0.0
7.1337035e-06,0.047946643,0.000683432,-3.9140476e-23,32.0,-9.3333,0.0
1.2741108e-05,-0.00012407615,0.00044102455,1.7572337e-23,32.0,-10.0,0.0
-2.003584e-06,0.047411904,-0.00018587359,-3.7707350000000003e-23,32.306,-9.3333,0.0
3.1734453e-07,-6.985711e-05,0.00041899807,-2.2682905999999998e-23,32.306,-10.0,0.0
1.7163693e-06,0.04760254,-1.7539249e-05,2.9723800000000004e-23,32.611,-9.3333,0.0
2.325105e-07,-0.00025653397,-0.00030357577,-4.2639863e-23,32.611,-10.0,0.0
8.543978e-06,0.047263317,-8.4469095e-05,4.9185894e-23,32.917,-9.3333,0.0
5.7429534e-06,0.00020440202,-0.0003104885,5.2750788e-23,32.917,-10.0,0.0
9.487136e-06,0.04794038,-0.00080682803,1.400603e-23,33.222,-9.3333,0.0
-2.0705666e-06,2.840563e-05,-9.599817e-05,-4.9455546e-23,33.222,-10.0,0.0
2.8584072e-06,0.048305172,-0.0008088513,1.4976404e-23,33.528,-9.3333,0.0
8.312711e-06,-7.054303e-05,-0.0004922445,7.817776e-24,33.528,-10.0,0.0
1.1255117e-06,0.048322782,-0.00053097354,5.8953027e-24,33.833,-9.3333,0.0
3.7309946e-06,2.9341318e-05,-0.0001160698,-6.3871732e-24,33.833,-10.0,0.0
1.061775e-06,0.0489348,-0.00071893865,2.5938251e-23,34.139,-9.3333,0.0
1.5772839e-06,-1.9416446e-05,-1.1946424e-05,-5.6613556e-23,34.139,-10.0,0.0
1.3475583e-06,0.049613856,-0.0018260002,-4.4563952e-23,34.444,-9.3333,0.0
2.2702348e-05,3.5631703e-05,-0.0002557314,-1.6269997e-23,34.444,-10.0,0.0
-5.857317e-06,0.050143205,-0.00077040633,-2.0295769e-23,34.75,-9.3333,0.0
6.3774996e-06,0.00021526637,-0.00017354847,-5.4942534e-23,34.75,-10.0,0.0
2.1759733e-06,0.050516814,-0.00056560733,4.0128490000000006e-23,35.056,-9.3333,0.0
-1.0905043e-05,0.00014603371,-0.00024425937,3.5583912e-23,35.056,-10.0,0.0
-7.072049e-07,0.051283896,-0.0006259554,4.612173e-23,35.361,-9.3333,0.0
-2.243869e-07,-2.4460023e-06,-0.0004957968,3.2865232999999997e-23,35.361,-10.0,0.0
-1.1955941e-05,0.05188082,-0.0002009985,1.6511906e-23,35.667,-9.3333,0.0
-3.923895e-06,-0.00013487274,0.00031365186,9.762690000000001e-24,35.667,-10.0,0.0
4.296722e-06,0.05213263,-0.00069369096,6.826103000000001e-23,35.972,-9.3333,0.0
-8.009859e-06,-2.7761795e-05,4.0841755e-05,1.7236295e-25,35.972,-10.0,0.0
4.722944e-06,0.05251343,-0.000107329804,6.2672664000000005e-24,36.278,-9.3333,0.0
9.012892e-06,9.994116e-05,2.652593e-05,-1.01194724e-22,36.278,-10.0,0.0
-4.0421583e-07,0.052651852,-9.39717e-05,-6.2400185e-23,36.583,-9.3333,0.0
2.0718203e-06,-6.447127e-05,9.640679e-05,-2.0441721e-24,36.583,-10.0,0.0
-4.6394625e-06,0.052907646,0.00043769414,-7.0844506e-24,36.889,-9.3333,0.0
4.253283e-06,-6.115879e-06,0.00032507675,6.407358000000001e-23,36.889,-10.0,0.0
-4.4493318e-06,0.05299484,9.939618e-05,-4.9873882e-23,37.194,-9.3333,0.0
-8.383411e-06,-8.368527e-05,0.0002115859,-5.508892000000001e-23,37.194,-10.0,0.0
-1.054574e-05,0.0532725,0.00016724737,1.0255646e-23,37.5,-9.3333,0.0
-9.0792264e-07,8.031062e-05,0.00010833889,-7.6596905e-23,37.5,-10.0,0.0
2.400919e-05,0.05314271,-0.00015780475,-4.3607624999999997e-23,37.806,-9.3333,0.0
-2.1965336e-06,-0.00026800204,-0.00016728602,7.43887e-23,37.806,-10.0,0.0
-4.8198663e-06,0.0527798,-0.00033128285,4.0456927e-23,38.111,-9.3333,0.0
-1.0858683e-05,0.00019002846,0.0002768808,3.3625467e-23,38.111,-10.0,0.0
-4.9402297e-07,0.053088978,-3.4091994e-05,5.7293365e-23,38.417,-9.3333,0.0
2.7879523e-06,0.00033245853,0.00022080517,6.5423832e-24,38.417,-10.0,0.0
9.4927236e-07,0.052640207,2.0888547e-05,-4.16357e-23,38.722,-9.3333,0.0
-2.8742556e-07,-4.52972e-05,-0.00020707399,-5.7176184e-23,38.722,-10.0,0.0
1.6900603e-05,0.052503616,-0.0004154048,5.6836406e-23,39.028,-9.3333,0.0
7.57501e-06,-3.8817554e-05,0.00017972873,8.065708e-23,39.028,-10.0,0.0
5.6158024e-06,0.05230873,-0.00035116554,-1.5665793e-23,39.333,-9.3333,0.0
-2.7723e-06,-0.0002107569,0.00018114853,-1.5249224e-23,39.333,-10.0,0.0
-1.9002619e-06,0.052327503,0.0002786494,-2.9791932000000002e-24,39.639,-9.3333,0.0
2.5567877e-05,0.00024627335,3.9166305e-05,1.2287121e-23,39.639,-10.0,0.0
8.853298e-06,0.052013904,1.13826245e-05,1.397498e-23,39.944,-9.3333,0.0
-3.1338313e-06,0.00019348064,0.00022690298,6.490808e-23,39.944,-10.0,0.0
-1.6900813e-06,0.052161355,0.0001591742,2.3797043e-23,40.25,-9.3333,0.0
2.3232496e-06,-2.1124724e-06,7.230864e-05,5.685024000000001e-23,40.25,-10.0,0.0
1.00803245e-05,0.05199933,0.00018392457,1.5441125e-23,40.556,-9.3333,0.0
-7.5586104e-07,-2.8040027e-05,-0.00044503686,6.264722e-23,40.556,-10.0,0.0
1.1060383e-06,0.052026667,0.0003373173,4.2453793e-23,40.861,-9.3333,0.0
6.7477667e-06,0.00010750443,0.00033057388,-9.795507e-24,40.861,-10.0,0.0
1.2761269e-05,0.05164219,0.0005136146,-1.4171476e-23,41.167,-9.3333,0.0
-2.672743e-06,-8.879183e-05,-1.8862542e-05,1.2715515e-23,41.167,-10.0,0.0
7.4974646e-06,0.051309593,0.0004404292,6.804753e-23,41.472,-9.3333,0.0
9.202526e-06,-2.0741718e-05,-9.6583215e-05,-1.1102224e-23,41.472,-10.0,0.0
-1.168376e-06,0.051287517,0.0004638991,-2.0788795e-23,41.778,-9.3333,0.0
9.0644535e-06,-0.00018414529,-6.6044275e-05,-7.590715e-23,41.778,-10.0,0.0
4.9177615e-06,0.051056884,0.0008784487,4.4143028e-23,42.083,-9.3333,0.0
5.191825e-06,2.5409274e-05,0.00012665632,-1.8595760999999998e-23,42.083,-10.0,0.0
1.5545811e-07,0.05090312,0.0010328365,-4.4127642e-23,42.389,-9.3333,0.0
1.3045965e-05,0.00028386945,-0.000121178105,2.6189299e-23,42.389,-10.0,0.0
-3.9177685e-06,0.05077173,0.0013452566,6.7489436e-23,42.694,-9.3333,0.0
3.916777e-06,-0.00019830232,0.00022292824,-2.4584490000000002e-23,42.694,-10.0,0.0
3.7032505e-06,0.050576486,0.00092073414,1.3050303e-23,43.0,-9.3333,0.0
4.939342e-06,9.730132e-05,-0.00032412773,2.6468921e-23,43.0,-10.0,0.0
8.338427e-06,0.05042789,0.0005408955,-1.04873314e-23,43.306,-9.3333,0.0
2.2461322e-06,-5.238835e-06,0.00013785227,-3.246388e-23,43.306,-10.0,0.0
-8.657473e-06,0.050165184,0.00059809256,1.6807110000000003e-23,43.611,-9.3333,0.0
2.0494263e-06,9.455695e-05,0.00020661345,-5.540304e-23,43.611,-10.0,0.0
2.295291e-05,0.049723387,0.0008974646,2.9037074e-23,43.917,-9.3333,0.0
4.4208973e-06,-4.5071123e-05,-0.000100013334,6.689389e-24,43.917,-10.0,0.0
4.9862497e-06,0.049032018,7.054824e-05,-1.6450918e-23,44.222,-9.3333,0.0
7.67249e-06,4.1150488e-05,0.00031606748,2.7946792e-23,44.222,-10.0,0.0
3.2664393e-06,0.049229555,0.0005016079,-7.5951654e-23,44.528,-9.3333,0.0
1.2419307e-05,3.0004885e-05,-0.0004538272,-1.3033118e-23,44.528,-10.0,0.0
-4.3726823e-07,0.048979566,-3.848644e-05,-4.0236350000000005e-23,44.833,-9.3333,0.0
-3.849971e-06,-5.2049058e-05,-0.00026938482,9.4950075e-24,44.833,-10.0,0.0
-2.151969e-06,0.047864135,-0.00019691559,-3.4367250000000005e-23,45.139,-9.3333,0.0
-1.9337585e-07,-0.00036839116,-0.00038947864,-1.3687262e-23,45.139,-10.0,0.0
-1.5518126e-06,0.047771838,0.000121572055,4.798944e-24,45.444,-9.3333,0.0
7.944099e-06,5.6797173e-05,-0.00032261544,4.2535443e-23,45.444,-10.0,0.0
1.3108351e-05,0.0472167,0.00044152897,2.2837334e-24,45.75,-9.3333,0.0
1.7510532e-05,-8.890778e-05,-0.00082785566,2.7999804e-23,45.75,-10.0,0.0
2.239285e-06,0.047115475,0.000799431,-2.4498107e-23,46.056,-9.3333,0.0
1.757641e-05,0.0003000832,3.918726e-05,-3.0402940000000003e-23,46.056,-10.0,0.0
2.0316129e-05,0.04655852,0.0012211639,-2.2392593e-23,46.361,-9.3333,0.0
1.5930174e-05,0.00023224019,-0.00033929897,-1.6839164e-23,46.361,-10.0,0.0
9.602509e-06,0.045894496,0.0011211783,3.2807020000000004e-23,46.667,-9.3333,0.0
9.181065e-06,7.197389e-05,7.9138175e-05,-3.0422363999999997e-23,46.667,-10.0,0.0
-1.703982e-06,0.045710057,0.0008202576,7.349705000000001e-23,46.972,-9.3333,0.0
3.395413e-06,-9.5964875e-05,-8.628145e-05,-4.777897e-24,46.972,-10.0,0.0
3.827081e-06,0.045731097,0.0008260687,-3.3489708e-23,47.278,-9.3333,0.0
6.0249768e-06,-0.00015631318,-0.00032029557,-1.0330385999999999e-23,47.278,-10.0,0.0
6.2410945e-06,0.045657367,0.0009031849,-2.767632e-23,47.583,-9.3333,0.0
5.2804453e-06,0.00029795512,0.00041313237,1.0319361e-23,47.583,-10.0,0.0
1.15595685e-05,0.046072803,0.0007694564,1.8297269e-23,47.889,-9.3333,0.0
9.1231705e-06,0.0001733047,-0.0002881065,-2.3923816e-23,47.889,-10.0,0.0
1.1144065e-05,0.046231568,0.00049262634,-2.297216e-23,48.194,-9.3333,0.0
3.4674576e-06,-0.00016336748,-1.6239821e-05,1.13495e-24,48.194,-10.0,0.0
1.6668362e-05,0.046684936,0.00030686473,-3.2161897e-23,48.5,-9.3333,0.0
1.4315657e-05,-0.000120946206,-0.00022032391,-1.02432516e-23,48.5,-10.0,0.0
1.0855073e-05,0.04708119,-0.0002640094,-1.2628690999999999e-23,48.806,-9.3333,0.0
-6.2379713e-06,0.00012825232,5.4912685e-05,3.6067150000000003e-25,48.806,-10.0,0.0
1.6389913e-05,0.048231892,-0.000493936,-7.244003699999999e-23,49.111,-9.3333,0.0
-1.4201469e-06,0.00031057745,-0.000437306,5.192073e-23,49.111,-10.0,0.0
-7.121813e-06,0.048484378,-0.0010321513,2.742747e-23,49.417,-9.3333,0.0
6.7614565e-06,0.00026152772,3.6724028e-05,5.195122399999999e-25,49.417,-10.0,0.0
6.8500212e-06,0.04944043,-0.0018652354,-4.129928e-23,49.722,-9.3333,0.0
-2.1047163e-06,-7.161731e-05,-0.0001032101,-1.3854972e-23,49.722,-10.0,0.0
1.0083932e-05,0.05032023,-0.0018899844,6.1849977e-23,50.028,-9.3333,0.0
7.270366e-06,-0.00011477573,0.00012171548,3.254893e-23,50.028,-10.0,0.0
8.316598e-06,0.050987653,-0.0016017309,1.1311685e-22,50.333,-9.3333,0.0
1.5326721e-05,-5.4577074e-05,1.5433878e-05,1.9069960999999998e-23,50.333,-10.0,0.0
-3.0917781e-06,0.05172345,-0.0025204304,6.823836e-24,50.639,-9.3333,0.0
-3.4834593e-06,4.9786642e-05,0.00010692747,-4.256214e-24,50.639,-10.0,0.0
1.4108393e-05,0.05246751,-0.002719957,1.1494953e-23,50.944,-9.3333,0.0
1.7416896e-05,-0.00012004236,0.00028330577,1.9978527e-23,50.944,-10.0,0.0
-4.7872154e-06,0.05328399,-0.0020276248,5.529978e-23,51.25,-9.3333,0.0
-2.6457383e-06,4.45107e-05,9.655347e-05,2.1874444e-23,51.25,-10.0,0.0
1.6586157e-05,0.053591847,-0.0017615992,-4.4674178e-23,51.556,-9.3333,0.0
1.3174951e-05,-0.000110355904,-0.00021204632,-3.0928093e-23,51.556,-10.0,0.0
1.4279127e-05,0.05403781,-0.0023290957,-3.6168553e-23,51.861,-9.3333,0.0
-1.6912545e-06,0.00016150717,0.0002691734,-7.897747e-24,51.861,-10.0,0.0
-4.50317e-06,0.05429685,-0.0015090029,1.8987213e-23,52.167,-9.3333,0.0
6.7866276e-06,0.000254503,-0.0004368979,-1.3122001e-23,52.167,-10.0,0.0
-3.9735214e-06,0.054421134,-0.00069683325,3.748402e-23,52.472,-9.3333,0.0
-3.7766658e-06,0.0001312918,-0.00034565385,-1.0989452000000002e-22,52.472,-10.0,0.0
3.198069e-06,0.05410018,-0.0007447228,-5.9876385e-23,52.778,-9.3333,0.0
-3.6811225e-06,-6.048457e-05,-0.00012773002,2.6124713e-23,52.778,-10.0,0.0
1.6866012e-05,0.05439187,-9.189264e-05,6.189278000000001e-23,53.083,-9.3333,0.0
1.0254577e-06,0.00025638856,-4.854286e-05,-1.2552102e-23,53.083,-10.0,0.0
7.299771e-06,0.05391404,0.00015241955,-6.580438000000001e-23,53.389,-9.3333,0.0
4.8695947e-06,-0.00017792045,-0.00016080728,2.2002605e-23,53.389,-10.0,0.0
1.8886227e-05,0.053558134,0.00045542698,-6.63406e-23,53.694,-9.3333,0.0
3.0397605e-06,-0.00015997863,8.2567334e-05,4.5949886e-23,53.694,-10.0,0.0
1.2464651e-05,0.05365399,0.0007996978,-5.143373e-24,54.0,-9.3333,0.0
9.171072e-08,4.6032947e-05,0.00031629042,-7.146186e-23,54.0,-10.0,0.0
7.4461614e-06,0.053312786,0.00071722735,5.2884830000000006e-23,54.306,-9.3333,0.0
6.717218e-06,-0.00013312645,5.0930306e-05,-6.5914037e-23,54.306,-10.0,0.0
-9.862817e-06,0.053255334,0.0010399625,9.930610000000001e-24,54.611,-9.3333,0.0
5.9449003e-06,-0.00036439992,-6.486499e-05,9.470698e-24,54.611,-10.0,0.0
-8.913898e-06,0.052490804,0.00042737025,1.2867243e-23,54.917,-9.3333,0.0
4.064522e-06,0.00030014128,-0.00013686344,2.8541164e-23,54.917,-10.0,0.0
1.6857299e-05,0.052366752,0.0002528535,5.425251e-23,55.222,-9.3333,0.0
4.7065023e-06,-8.091936e-05,-0.00049810775,2.3249612e-23,55.222,-10.0,0.0
4.7711856e-06,0.05168824,0.001427908,9.5596815e-24,55.528,-9.3333,0.0
4.302856e-06,-0.00025492857,8.2068145e-05,-3.4974937e-23,55.528,-10.0,0.0
7.3304655e-06,0.051505163,0.00079661596,6.898241499999999e-25,55.833,-9.3333,0.0
7.566814e-07,-1.2320932e-05,-9.574881e-05,-7.810594e-24,55.833,-10.0,0.0
7.258956e-06,0.050861575,0.00069191074,-6.01732e-23,56.139,-9.3333,0.0
4.8349148e-06,0.00015560853,0.00036778417,-3.9459132e-23,56.139,-10.0,0.0
1.0494068e-05,0.0504203,0.001362032,-7.6473274e-23,56.444,-9.3333,0.0
-8.11075e-06,-0.00014352938,8.506281e-05,-6.693145e-23,56.444,-10.0,0.0
-1.6502141e-05,0.050310127,0.00077796937,-1.0423243000000001e-22,56.75,-9.3333,0.0
5.786791e-06,3.6085956e-05,0.00013258029,8.0352337e-23,56.75,-10.0,0.0
1.38336545e-05,0.049778238,0.0009960611,-4.0177633e-23,57.056,-9.3333,0.0
-9.919165e-06,0.00018416066,-0.00017690752,3.9581632e-23,57.056,-10.0,0.0
-4.7230205e-06,0.04952271,0.0009247735,-7.2968397e-23,57.361,-9.3333,0.0
1.460017e-05,0.00017153472,-7.359404e-05,-1.0140283e-23,57.361,-10.0,0.0
1.94928e-06,0.04938039,0.0007892153,1.2566567e-23,57.667,-9.3333,0.0
5.7885336e-06,-8.0068596e-05,0.00047061406,-6.2970664e-23,57.667,-10.0,0.0
-5.4961783e-06,0.048431788,0.00034324353,-4.5765254e-23,57.972,-9.3333,0.0
2.2833403e-05,0.00010463409,-0.00014017872,1.8448541e-23,57.972,-10.0,0.0
1.9805702e-05,0.048609808,0.0003499681,8.3802537e-23,58.278,-9.3333,0.0
5.3314197e-06,3.6170793e-05,0.00017172343,-1.4853506e-23,58.278,-10.0,0.0
8.974439e-06,0.047961175,-8.7900204e-05,-6.654745e-23,58.583,-9.3333,0.0
1.6122467e-06,-8.086965e-05,0.00040937494,7.8438977e-23,58.583,-10.0,0.0
9.485899e-06,0.04785518,0.00054788776,-5.710121000000001e-23,58.889,-9.3333,0.0
1.1235508e-05,-1.5110709e-06,-7.107388e-05,4.9643610000000006e-23,58.889,-10.0,0.0
-6.194714e-07,0.04743868,0.00045329053,6.085351000000001e-23,59.194,-9.3333,0.0
-4.0507566e-06,-5.385105e-05,1.4801975e-05,-4.0157437999999996e-23,59.194,-10.0,0.0
1.3296656e-05,0.047110748,0.00029240095,5.5176743e-23,59.5,-9.3333,0.0
-7.045983e-06,-2.160552e-05,5.566515e-06,5.689615000000001e-23,59.5,-10.0,0.0
1.7912607e-06,0.046828844,-0.0003176838,3.85782e-23,59.806,-9.3333,0.0
-1.2773016e-06,-1.558871e-05,-0.00039026552,7.580779000000001e-23,59.806,-10.0,0.0
1.8130952e-05,0.04608011,0.00071668846,-4.7715962e-23,60.111,-9.3333,0.0
3.7380064e-06,6.304728e-05,0.0001567239,-4.7561710000000006e-23,60.111,-10.0,0.0
-6.062788e-06,0.046083774,0.00030456402,-1.5109779e-23,60.417,-9.3333,0.0
5.643158e-06,-7.713912e-05,0.00021311152,-8.8810844e-24,60.417,-10.0,0.0
1.8345545e-06,0.04559444,-0.00024092454,-1.8573446e-23,60.722,-9.3333,0.0
1.9803301e-05,0.00037181703,-3.6826823e-05,5.2845603e-24,60.722,-10.0,0.0
1.3846482e-05,0.045417793,0.0006864466,-5.2476794e-24,61.028,-9.3333,0.0
8.499718e-06,-4.9155147e-05,-0.0005362525,2.6635667999999997e-23,61.028,-10.0,0.0
1.0000953e-05,0.045697212,0.0007484541,2.5332406000000002e-24,61.333,-9.3333,0.0
1.8694845e-07,-0.00013371167,-0.0002069643,2.6516430000000005e-23,61.333,-10.0,0.0
-1.9272775e-06,0.045129616,0.001089277,-4.4130772e-23,61.639,-9.3333,0.0
1.1266642e-05,4.9129652e-05,0.00040192297,5.649223499999999e-23,61.639,-10.0,0.0
-4.9325354e-06,0.045052465,0.0009289037,6.5056564e-23,61.944,-9.3333,0.0
1.918279e-05,-4.6262227e-05,-0.0001432614,-4.3116890000000005e-23,61.944,-10.0,0.0
4.9442733e-06,0.04483591,0.001308037,3.6168862e-24,62.25,-9.3333,0.0
2.15986e-05,0.00017230358,-0.00019044918,1.9169522e-23,62.25,-10.0,0.0
6.3049956e-06,0.04520756,0.0019155229,-5.2017488e-23,62.556,-9.3333,0.0
1.2145312e-05,-0.00018841436,3.1259842e-05,1.702011e-23,62.556,-10.0,0.0
5.763024e-06,0.045390688,0.0008738672,3.4586363e-23,62.861,-9.3333,0.0
3.049634e-06,-0.0001869495,-0.00022810732,-3.4211067e-24,62.861,-10.0,0.0
1.0231748e-05,0.045368433,0.0010585291,-3.786613e-23,63.167,-9.3333,0.0
1.5008922e-05,3.1883828e-06,-0.00036609732,7.003823e-24,63.167,-10.0,0.0
3.380499e-06,0.046057284,0.00047303317,3.3316133e-23,63.472,-9.3333,0.0
-1.9872668e-06,-1.8937455e-05,0.00035719783,-5.956251e-23,63.472,-10.0,0.0
1.3598343e-05,0.046432205,0.00017925049,1.0358640000000001e-23,63.778,-9.3333,0.0
-6.655464e-07,5.4042728e-05,0.00014422089,3.094175e-23,63.778,-10.0,0.0
-1.0465487e-05,0.046693906,-0.00038940785,-1.3675188e-23,64.083,-9.3333,0.0
7.414099e-06,5.914294e-05,1.6512116e-05,-8.330573e-24,64.083,-10.0,0.0
-1.1949391e-05,0.047654476,-0.00080243265,1.5237915e-23,64.389,-9.3333,0.0
8.701452e-06,-0.00019582105,-0.0001954427,8.206551599999999e-25,64.389,-10.0,0.0
1.859528e-05,0.04840275,-0.0012301733,-1.2708928e-23,64.694,-9.3333,0.0
-8.0090103e-07,0.00035715307,0.00018754858,-1.8025635999999998e-23,64.694,-10.0,0.0
-3.3609995e-06,0.04877971,-0.0015870186,-4.926064e-24,65.0,-9.3333,0.0
6.108148e-07,0.022380073,-0.0007360161,-2.782258e-23,65.0,-10.0,0.0
-0.00023237968,0.057487633,0.0010155666,7.870262000000001e-23,10.306,-8.6667,0.0
-0.00022432709,0.056988098,0.0009539188,-8.556518000000001e-23,10.611,-8.6667,0.0
-0.00020060058,0.056854345,0.0010987185,-8.809708e-24,10.917,-8.6667,0.0
-0.00020846543,0.0566517,0.0012190907,-2.8326544e-23,11.222,-8.6667,0.0
-0.00020219259,0.05616832,0.0008809143,5.313777e-23,11.528,-8.6667,0.0
-0.00018756042,0.056027055,0.00132671,-3.8146840000000005e-23,11.833,-8.6667,0.0
-0.00015653035,0.05594126,0.0008564121,-2.8709993e-24,12.139,-8.6667,0.0
-0.00017160056,0.055743337,0.0019038611,7.203807000000001e-23,12.444,-8.6667,0.0
-0.00015331121,0.054871492,0.0012031817,1.9429404e-23,12.75,-8.6667,0.0
-0.00015556664,0.0548419,0.0012418593,8.009778e-24,13.056,-8.6667,0.0
-0.00014287,0.05478806,0.00086009427,-3.7600467999999996e-23,13.361,-8.6667,0.0
-0.00013556455,0.054247625,0.0011386672,-5.425412000000001e-23,13.667,-8.6667,0.0
-0.00012447628,0.053925857,0.0012488919,6.251676000000001e-23,13.972,-8.6667,0.0
-0.000118611126,0.053752635,0.0012393611,8.4866237e-23,14.278,-8.6667,0.0
-0.0001155339,0.053257573,0.0013852647,3.387432e-24,14.583,-8.6667,0.0
-0.00011284498,0.052849546,0.0006569619,4.4774735e-24,14.889,-8.6667,0.0
-8.989197e-05,0.052847087,0.0008424772,2.2972235e-23,15.194,-8.6667,0.0
-8.447592e-05,0.052615233,0.0004859162,-5.769888000000001e-23,15.5,-8.6667,0.0
-8.738374e-05,0.052545927,0.00065749604,2.3931212999999998e-23,15.806,-8.6667,0.0
-8.9065776e-05,0.052055538,0.00026307593,-1.8579896e-23,16.111,-8.6667,0.0
-8.1084516e-05,0.05176679,0.00058004074,2.1938058e-23,16.417,-8.6667,0.0
-8.831192e-05,0.051978305,0.00086061517,-6.989695000000001e-23,16.722,-8.6667,0.0
-6.440427e-05,0.05163562,0.00010876835,-3.5709726e-23,17.028,-8.6667,0.0
-7.398426e-05,0.051542364,-0.00015274034,-4.4126935e-23,17.333,-8.6667,0.0
-7.409128e-05,0.05165475,-0.00016838638,-2.4350520000000002e-23,17.639,-8.6667,0.0
-5.6203135e-05,0.051283754,-0.00028987648,2.3333218e-23,17.944000000000003,-8.6667,0.0
-6.290039e-05,0.05153133,-0.00048572046,1.3681145e-23,18.25,-8.6667,0.0
-5.3966083e-05,0.051891167,-0.00045528123,4.6123397e-23,18.556,-8.6667,0.0
-4.9347072e-05,0.051887058,-0.00093195867,-9.375833e-24,18.861,-8.6667,0.0
-5.3747604e-05,0.05218388,-0.00080728997,3.0050223999999997e-23,19.167,-8.6667,0.0
-5.3730775e-05,0.05258313,-0.00087927456,8.265707e-23,19.472,-8.6667,0.0
-3.2687512e-05,0.05290696,-0.00091097876,-5.6646524e-23,19.778,-8.6667,0.0
-3.833588e-05,0.053283475,-0.0015707947,-2.5462915e-23,20.083,-8.6667,0.0
-2.2239707e-05,0.053345617,-0.0010357574,1.9024056e-23,20.389,-8.6667,0.0
-2.2906795e-05,0.053774424,-0.0010245098,5.6577546e-24,20.694000000000003,-8.6667,0.0
-3.4181972e-05,0.05444196,-0.00095478795,5.516988000000001e-23,21.0,-8.6667,0.0
-3.5952937e-05,0.054551296,-0.0007928327,3.5154097e-23,21.306,-8.6667,0.0
-3.8675164e-05,0.054947384,-0.0006252433,1.0134601e-22,21.611,-8.6667,0.0
-2.141658e-05,0.055029362,-0.0009165446,5.2644513e-23,21.917,-8.6667,0.0
-2.2942804e-05,0.05478041,-0.00019276422,3.7158908e-23,22.222,-8.6667,0.0
-3.0153104e-05,0.054857425,-0.00031117583,7.814499e-23,22.528,-8.6667,0.0
-2.7670223e-05,0.054790173,2.9283285e-05,-7.46737e-24,22.833,-8.6667,0.0
-1.9201758e-05,0.05513046,0.00020541903,-2.4964229e-23,23.139,-8.6667,0.0
-1.1396922e-05,0.05497203,0.00031529553,2.0387675e-23,23.444000000000003,-8.6667,0.0
-1.4407255e-05,0.05465631,-5.545304e-05,-4.1118914e-23,23.75,-8.6667,0.0
-2.3099492e-05,0.054880388,0.00038545224,-3.447057e-23,24.056,-8.6667,0.0
-2.9810533e-05,0.05473321,0.00022113879,7.2836146e-23,24.361,-8.6667,0.0
-9.8229175e-06,0.05475148,0.0002277618,6.2567146e-24,24.667,-8.6667,0.0
-7.5655335e-06,0.054738164,0.0002072216,1.5092714e-23,24.972,-8.6667,0.0
-1.2868622e-05,0.054717652,0.00013889227,-3.9339925e-23,25.278,-8.6667,0.0
-3.393493e-06,0.054599386,0.00017347117,-3.1776125e-23,25.583,-8.6667,0.0
-1.5627767e-05,0.05465793,8.412264e-05,4.9038925999999997e-23,25.889,-8.6667,0.0
-1.0392765e-05,0.054662153,0.00033831876,3.5482585e-24,26.194000000000003,-8.6667,0.0
-7.0568385e-06,0.054816645,0.0008556654,2.3555462e-23,26.5,-8.6667,0.0
-1.4266321e-05,0.05435013,0.00033955136,2.0921399e-23,26.806,-8.6667,0.0
5.2204996e-10,0.05380748,0.0008555162,-4.0307080000000005e-23,27.111,-8.6667,0.0
-8.373754e-07,0.05360563,0.0009533018,-2.9885838e-23,27.417,-8.6667,0.0
-1.303687e-05,0.053526662,0.0009749406,-2.6004541e-23,27.722,-8.6667,0.0
-1.2763412e-05,0.052978393,0.0011353423,-2.4255616999999998e-23,28.028,-8.6667,0.0
7.9485653e-07,0.052827556,0.0010332505,-1.385366e-24,28.333,-8.6667,0.0
-6.7178753e-06,0.052898213,0.0013528166,-7.762087000000001e-23,28.639,-8.6667,0.0
-1.2243139e-05,0.052169755,0.0016064036,-3.3201527e-23,28.944000000000003,-8.6667,0.0
-6.4233627e-06,0.05195131,0.0018683489,-2.3806276e-23,29.25,-8.6667,0.0
-2.8605573e-06,0.051676303,0.0012702411,7.212269e-23,29.556,-8.6667,0.0
-4.55563e-06,0.051400315,0.0015346175,5.0844547e-23,29.861,-8.6667,0.0
-1.01344995e-08,0.050885618,0.0011398732,6.666878e-24,30.167,-8.6667,0.0
1.425522e-05,0.050791822,0.00061468,2.48343e-23,30.472,-8.6667,0.0
1.2150373e-05,0.050492626,0.0011130604,-1.3670085e-23,30.778,-8.6667,0.0
1.9539798e-06,0.05029176,0.00066128426,2.7885337e-23,31.083,-8.6667,0.0
-3.0689716e-06,0.049824018,0.00045302603,-2.7366254e-23,31.389,-8.6667,0.0
1.0988151e-06,0.04964757,0.00040716137,-3.3924837e-23,31.694000000000003,-8.6667,0.0
2.5894005e-06,0.049568243,1.7960556e-06,2.4978315e-23,32.0,-8.6667,0.0
6.8885493e-06,0.049113456,-0.00013671641,5.1218757e-23,32.306,-8.6667,0.0
-6.5404292e-06,0.049271442,-0.00039482955,4.5117492e-23,32.611,-8.6667,0.0
-1.4462246e-05,0.0490091,-0.00017613161,-2.1899990000000003e-23,32.917,-8.6667,0.0
1.6711276e-05,0.049225017,-0.0016306015,2.4367598e-25,33.222,-8.6667,0.0
1.7652328e-05,0.049712706,-0.0012019838,-1.4176096e-23,33.528,-8.6667,0.0
-8.853647e-06,0.049827967,-0.0011510495,-1.5575220000000002e-23,33.833,-8.6667,0.0
1.5169436e-05,0.050810836,-0.0020812035,1.10250695e-23,34.139,-8.6667,0.0
4.0038058e-06,0.05119286,-0.0016818834,-4.317071e-23,34.444,-8.6667,0.0
1.3122917e-07,0.052138098,-0.0021917433,-6.985167699999999e-23,34.75,-8.6667,0.0
-9.296069e-06,0.05299239,-0.0022340035,5.344665e-24,35.056,-8.6667,0.0
2.8956092e-06,0.05361691,-0.0021871398,-3.0312908e-23,35.361,-8.6667,0.0
-2.796396e-06,0.05476789,-0.0017248802,8.33233e-23,35.667,-8.6667,0.0
-1.0086205e-05,0.05529386,-0.0011007534,-3.8593953e-23,35.972,-8.6667,0.0
-9.603809e-09,0.05593633,-0.0010767509,1.4212244e-24,36.278,-8.6667,0.0
-1.9066592e-06,0.055948596,-0.000371648,-1.9493646e-23,36.583,-8.6667,0.0
-2.2083117e-05,0.056373447,-0.00045961305,-1.6425674e-23,36.889,-8.6667,0.0
-1.36190465e-05,0.056760173,-0.00030456306,-1.2157293e-24,37.194,-8.6667,0.0
-1.2567517e-05,0.056494653,5.481625e-05,-1.1699930600000001e-23,37.5,-8.6667,0.0
-1.0681917e-05,0.0561993,0.00011655514,8.344002999999999e-24,37.806,-8.6667,0.0
3.906065e-06,0.056047298,-1.1771452e-05,-7.046648e-24,38.111,-8.6667,0.0
-9.258656e-06,0.056227602,-3.463542e-05,-2.6797037e-23,38.417,-8.6667,0.0
-2.3830944e-07,0.055952437,-9.970134e-05,-1.4881210999999998e-23,38.722,-8.6667,0.0
1.7592465e-05,0.05548025,-0.0002577015,3.6900427e-23,39.028,-8.6667,0.0
-2.5437475e-07,0.055387832,0.00040594337,2.3051197e-23,39.333,-8.6667,0.0
-3.90453e-06,0.055387877,0.0005320397,9.834624000000001e-23,39.639,-8.6667,0.0
5.0813237e-06,0.055286895,0.00081421155,-3.0370514e-25,39.944,-8.6667,0.0
-5.742895e-07,0.054808483,0.00023654953,9.268346e-24,40.25,-8.6667,0.0
-4.9371847e-06,0.054700974,0.00088561187,3.6739436e-23,40.556,-8.6667,0.0
-7.0752903e-06,0.054479737,0.0010266546,1.8751918000000002e-24,40.861,-8.6667,0.0
1.2191595e-07,0.05384487,0.00076748524,-3.5232623e-23,41.167,-8.6667,0.0
5.41014e-06,0.054005448,0.0012717908,3.505963e-23,41.472,-8.6667,0.0
1.4785801e-05,0.054203145,0.0010774247,-9.263554499999999e-23,41.778,-8.6667,0.0
-1.2661565e-05,0.053544294,0.0014850429,8.1122164e-24,42.083,-8.6667,0.0
6.255177e-06,0.053293083,0.0014139931,1.3057074e-23,42.389,-8.6667,0.0
-4.7907743e-06,0.053034604,0.0014178054,-1.1529486e-24,42.694,-8.6667,0.0
-1.0599615e-07,0.052699443,0.0016134791,2.6899652e-23,43.0,-8.6667,0.0
1.1257773e-05,0.052159533,0.0011738113,-3.5392213e-24,43.306,-8.6667,0.0
1.380243e-05,0.051836442,0.00095718214,4.3428497e-24,43.611,-8.6667,0.0
1.3239311e-05,0.051370043,0.0010669644,-6.208580000000001e-23,43.917,-8.6667,0.0
2.0231182e-06,0.05127111,0.0011123498,1.3469781e-23,44.222,-8.6667,0.0
-2.9670896e-06,0.050948374,0.00055743475,6.71438e-24,44.528,-8.6667,0.0
-1.1523516e-06,0.05098001,0.0002251023,2.5736404e-23,44.833,-8.6667,0.0
6.8834634e-06,0.05041445,0.00020956993,-2.3832536e-23,45.139,-8.6667,0.0
-2.6295547e-06,0.05026428,0.00031312928,-4.2286024e-23,45.444,-8.6667,0.0
-1.5559426e-06,0.04959493,0.0005623237,6.223879e-23,45.75,-8.6667,0.0
4.9296705e-06,0.04951146,0.0009605185,-4.9952944e-23,46.056,-8.6667,0.0
1.3333611e-06,0.049323715,0.0014006048,4.1671218e-23,46.361,-8.6667,0.0
-4.0993036e-06,0.049171396,0.0017702958,2.880304e-23,46.667,-8.6667,0.0
3.074047e-06,0.048491653,0.0015913307,-9.995476000000001e-23,46.972,-8.6667,0.0
2.212255e-06,0.04866369,0.0018608355,-4.8897562e-23,47.278,-8.6667,0.0
8.235715e-06,0.047906205,0.0024063364,8.5674586e-24,47.583,-8.6667,0.0
2.9529074e-06,0.048146322,0.0020220426,-2.5030519e-23,47.889,-8.6667,0.0
-1.9136314e-07,0.047618873,0.001219481,1.3544628e-23,48.194,-8.6667,0.0
2.1595126e-05,0.048320204,0.000926613,3.7785604e-23,48.5,-8.6667,0.0
1.3957873e-05,0.048628315,9.723939e-06,1.9453487e-23,48.806,-8.6667,0.0
6.6402245e-06,0.04944784,-0.00085164607,-7.323254500000001e-24,49.111,-8.6667,0.0
-5.374586e-07,0.050021008,-0.0023903772,6.7257044e-23,49.417,-8.6667,0.0
-9.6902e-06,0.05124096,-0.0033515403,-4.5960425e-24,49.722,-8.6667,0.0
6.7804176e-06,0.051812604,-0.0044546397,-9.417761999999999e-24,50.028,-8.6667,0.0
5.134631e-06,0.05301813,-0.0046664514,-1.1228129e-23,50.333,-8.6667,0.0
-6.127215e-06,0.054428875,-0.005459031,3.7196974999999997e-23,50.639,-8.6667,0.0
2.398443e-06,0.055257037,-0.0049929563,-7.676058e-24,50.944,-8.6667,0.0
6.911134e-06,0.056064174,-0.0046164338,-3.3752114e-23,51.25,-8.6667,0.0
3.4987206e-06,0.05639009,-0.0038467445,5.2774088e-23,51.556,-8.6667,0.0
4.7649373e-06,0.057174295,-0.0030415847,-1.2301584999999999e-23,51.861,-8.6667,0.0
7.2408584e-06,0.057600364,-0.0026185485,4.5227504e-23,52.167,-8.6667,0.0
-3.594998e-06,0.057474233,-0.0014432557,1.1169980000000001e-23,52.472,-8.6667,0.0
4.1785315e-06,0.057792995,-0.0008390406,-3.5494197e-24,52.778,-8.6667,0.0
6.5654785e-06,0.057360247,3.340654e-05,-7.7475885e-23,53.083,-8.6667,0.0
2.3337283e-05,0.056975555,0.0004548564,9.7050843e-23,53.389,-8.6667,0.0
4.174035e-07,0.05672093,0.0007965766,1.2276948e-24,53.694,-8.6667,0.0
-6.8524605e-07,0.05652766,0.0014448743,-6.0805903e-23,54.0,-8.6667,0.0
1.3870262e-05,0.055962898,0.0015489097,6.387597299999999e-23,54.306,-8.6667,0.0
-6.1294595e-06,0.05588571,0.001494016,1.8409073e-23,54.611,-8.6667,0.0
1.48643085e-05,0.055409342,0.001360355,-5.7352384e-23,54.917,-8.6667,0.0
1.8229228e-05,0.054937713,0.0018629513,-2.4707124e-23,55.222,-8.6667,0.0
5.36691e-06,0.0546655,0.0019717005,4.0693414999999997e-23,55.528,-8.6667,0.0
1.2943594e-05,0.054292463,0.0014221836,-7.1344025e-23,55.833,-8.6667,0.0
7.5962635e-06,0.05392645,0.0019422513,-5.485701e-24,56.139,-8.6667,0.0
-5.709808e-07,0.05355487,0.0013984044,-2.2745952e-24,56.444,-8.6667,0.0
1.2817754e-05,0.053237163,0.0012468889,-7.386828000000001e-23,56.75,-8.6667,0.0
-4.367007e-07,0.053069152,0.0014933017,-4.5408096e-24,57.056,-8.6667,0.0
9.49445e-06,0.05279628,0.0013513315,5.0904020000000006e-23,57.361,-8.6667,0.0
-1.9055979e-06,0.052365713,0.0018608455,7.231398000000001e-23,57.667,-8.6667,0.0
1.6955511e-05,0.052211273,0.0013417911,-2.6332656999999998e-23,57.972,-8.6667,0.0
1.3698476e-05,0.051427,0.00086448365,1.3935398e-23,58.278,-8.6667,0.0
1.3581224e-05,0.05119171,0.0009169879,-7.769385e-23,58.583,-8.6667,0.0
3.593801e-06,0.051127657,0.0004445389,1.2602337e-23,58.889,-8.6667,0.0
1.3433284e-05,0.050287887,0.00062060216,-9.2801395e-23,59.194,-8.6667,0.0
1.326319e-05,0.05015902,0.0007954291,1.806282e-23,59.5,-8.6667,0.0
-1.927925e-06,0.050174173,0.0010822986,4.3077914e-23,59.806,-8.6667,0.0
5.3185613e-07,0.049747348,0.0011347649,1.4179428e-24,60.111,-8.6667,0.0
3.1526142e-06,0.049490582,0.000705827,-3.015973e-24,60.417,-8.6667,0.0
1.0974913e-05,0.049556915,0.0013497814,2.2982535e-23,60.722,-8.6667,0.0
7.059425e-06,0.049313363,0.0010308386,-1.4629646e-23,61.028,-8.6667,0.0
2.5049521e-06,0.048788495,0.0013785316,5.06818e-23,61.333,-8.6667,0.0
3.600704e-06,0.04870583,0.0010892907,1.5116392e-23,61.639,-8.6667,0.0
2.438992e-06,0.048644148,0.0020281724,3.8857452e-23,61.944,-8.6667,0.0
4.556914e-06,0.048303112,0.0019670364,-9.1210496e-24,62.25,-8.6667,0.0
-1.6512004e-06,0.048428252,0.0019100119,4.0263158e-23,62.556,-8.6667,0.0
-6.5394033e-06,0.048584327,0.0017080549,-8.068747e-24,62.861,-8.6667,0.0
7.2605435e-06,0.04857088,0.0014787725,8.998361000000001e-23,63.167,-8.6667,0.0
3.0342435e-06,0.048130147,0.0010738599,-1.8296777e-23,63.472,-8.6667,0.0
1.1694494e-05,0.048474625,0.0007284358,9.1629034e-24,63.778,-8.6667,0.0
-2.056986e-06,0.04844507,-0.00014489936,-3.451904e-23,64.083,-8.6667,0.0
-4.206133e-06,0.04866507,-0.00095653255,7.202918500000001e-24,64.389,-8.6667,0.0
1.04326755e-05,0.049769893,-0.0021457511,-9.524391000000001e-25,64.694,-8.6667,0.0
1.3798777e-05,0.049952414,-0.0022349297,7.726318e-24,65.0,-8.6667,0.0
-0.00022812659,0.05816044,0.0009909517,2.0493975e-24,10.306,-8.0,0.0
-0.00022566308,0.057596035,0.0012195795,-1.5866959e-24,10.611,-8.0,0.0
-0.00020974026,0.05722136,0.0016110186,7.46376e-25,10.917,-8.0,0.0
-0.00021063305,0.056590132,0.0012854179,-4.7175308e-23,11.222,-8.0,0.0
-0.00018773366,0.056583226,0.0016807627,5.2522738e-24,11.528,-8.0,0.0
-0.00019556508,0.05608145,0.0018134367,1.2541449500000001e-23,11.833,-8.0,0.0
-0.0001716516,0.055587098,0.0018461002,-4.5219830000000004e-23,12.139,-8.0,0.0
-0.00015266349,0.055619463,0.0013875631,6.175304e-24,12.444,-8.0,0.0
-0.00015078398,0.05540261,0.0017198112,2.56376e-23,12.75,-8.0,0.0
-0.0001316901,0.054829128,0.0016404446,-7.1853137e-23,13.056,-8.0,0.0
-0.00013803877,0.054598674,0.0014825102,4.9682030000000005e-23,13.361,-8.0,0.0
-0.000119589255,0.053959426,0.001394629,2.8914617e-23,13.667,-8.0,0.0
-0.00013302336,0.053758673,0.001768316,-2.0245124e-23,13.972,-8.0,0.0
-0.00010577219,0.053414427,0.002054845,-8.875273399999999e-23,14.278,-8.0,0.0
-0.00011460735,0.05279342,0.0019115394,1.01096375e-23,14.583,-8.0,0.0
-0.00011259897,0.052556198,0.0016924362,-5.0432673e-23,14.889,-8.0,0.0
-0.0001044581,0.052509412,0.0016493455,-2.3276408e-23,15.194,-8.0,0.0
-0.000109911474,0.052384015,0.0014302498,1.5422294000000001e-24,15.5,-8.0,0.0
-8.458893e-05,0.05194629,0.0011536364,3.120567e-23,15.806,-8.0,0.0
-8.658692e-05,0.05213265,0.0009153015,-3.2893064e-23,16.111,-8.0,0.0
-6.1179155e-05,0.051556807,0.0007636485,-2.8263864e-23,16.417,-8.0,0.0
-8.487656e-05,0.051872063,0.0009280341,3.3336025e-23,16.722,-8.0,0.0
-7.519014e-05,0.051310778,0.00029891043,-3.732511e-23,17.028,-8.0,0.0
-5.7412577e-05,0.05151692,0.00024142535,-1.0641191e-22,17.333,-8.0,0.0
-6.165209e-05,0.051717196,0.0004336342,2.7958644e-23,17.639,-8.0,0.0
-6.805765e-05,0.051818218,-0.0004208926,1.3871292e-23,17.944000000000003,-8.0,0.0
-5.614821e-05,0.051527515,-0.00063754385,8.213827000000001e-23,18.25,-8.0,0.0
-6.327623e-05,0.051507924,-0.0012546326,-1.7429232e-23,18.556,-8.0,0.0
-6.030735e-05,0.052363746,-0.0017581284,9.136145e-25,18.861,-8.0,0.0
-5.3110212e-05,0.05251571,-0.0013523651,-8.404950000000001e-24,19.167,-8.0,0.0
-4.8966904e-05,0.053256556,-0.001957656,4.5558345e-23,19.472,-8.0,0.0
-5.2027535e-05,0.0537228,-0.0020523556,-5.692607e-23,19.778,-8.0,0.0
-5.6507823e-05,0.054032892,-0.0017089604,1.8789682e-23,20.083,-8.0,0.0
-4.2319054e-05,0.054382775,-0.002336645,-4.0201210000000004e-23,20.389,-8.0,0.0
-2.7284153e-05,0.055120878,-0.0016131506,-6.6122296e-23,20.694000000000003,-8.0,0.0
-3.3989316e-05,0.055368833,-0.0013725613,5.5015627e-23,21.0,-8.0,0.0
-3.1659896e-05,0.055790827,-0.001075609,-2.9371272999999997e-23,21.306,-8.0,0.0
-2.1300371e-05,0.056196146,-0.00059872423,-1.570285e-23,21.611,-8.0,0.0
-2.6539414e-05,0.056477983,-0.00032236078,-9.6723056e-24,21.917,-8.0,0.0
-1.8823692e-05,0.0566585,0.00032992102,2.996456e-23,22.222,-8.0,0.0
-3.4233293e-05,0.056560386,0.00030014804,-1.4884101000000001e-24,22.528,-8.0,0.0
-7.613595e-06,0.05632459,0.0006197237,-3.194571e-23,22.833,-8.0,0.0
-2.8741199e-05,0.056004923,0.00037289783,-1.7102151e-23,23.139,-8.0,0.0
-2.6367039e-05,0.055969827,0.00066435244,-6.0165475e-24,23.444000000000003,-8.0,0.0
-1.6558184e-05,0.055825517,5.9835613e-05,4.532989e-23,23.75,-8.0,0.0
-1.552214e-05,0.05581994,0.0005206377,-3.7061733e-23,24.056,-8.0,0.0
-9.497948e-06,0.05563963,0.00082725426,-5.567914000000001e-23,24.361,-8.0,0.0
-2.5236477e-05,0.0558946,0.0008655837,1.5637874e-23,24.667,-8.0,0.0
-2.6867288e-05,0.0551657,0.0010285545,4.014431e-23,24.972,-8.0,0.0
-3.0402647e-05,0.05547209,0.0013241218,-3.4182163e-23,25.278,-8.0,0.0
-6.812672e-06,0.055242952,0.0013775866,-3.9056377e-23,25.583,-8.0,0.0
-1.3265735e-05,0.05514007,0.00062384596,-1.9636452e-24,25.889,-8.0,0.0
-6.156104e-06,0.05498086,0.00072764605,1.0586892e-23,26.194000000000003,-8.0,0.0
-1.5769485e-05,0.054925255,0.0009814906,-4.3584098e-23,26.5,-8.0,0.0
-8.187817e-06,0.054702245,0.001152443,1.9979158e-23,26.806,-8.0,0.0
-1.0248528e-05,0.05411868,0.0017762212,2.9067442e-24,27.111,-8.0,0.0
2.3494067e-07,0.054204367,0.0017393101,5.1088797e-23,27.417,-8.0,0.0
-1.0883633e-06,0.053922284,0.0016054856,-3.768458e-23,27.722,-8.0,0.0
-1.371609e-05,0.053366367,0.0010260846,-1.5407097e-23,28.028,-8.0,0.0
-9.6093445e-06,0.053281687,0.0016486235,-5.2622146999999996e-23,28.333,-8.0,0.0
1.8112452e-05,0.052814502,0.0021316414,-2.37149e-23,28.639,-8.0,0.0
-9.961004e-06,0.05222531,0.0024247179,1.0472357000000001e-22,28.944000000000003,-8.0,0.0
2.5879272e-06,0.052285425,0.001933798,-2.1471254e-23,29.25,-8.0,0.0
-2.4883047e-07,0.051876724,0.0016121212,-5.464536699999999e-23,29.556,-8.0,0.0
-6.3106127e-06,0.051775075,0.0017783316,-6.5830789999999995e-24,29.861,-8.0,0.0
5.278216e-06,0.051300444,0.0012535211,7.757979000000001e-23,30.167,-8.0,0.0
-6.171513e-08,0.05122491,0.0014936761,1.1894129e-25,30.472,-8.0,0.0
-6.5055324e-06,0.050913066,0.0015357224,3.1970853999999997e-23,30.778,-8.0,0.0
1.3880439e-05,0.05057875,0.000884983,3.5771220000000005e-23,31.083,-8.0,0.0
-2.1156255e-05,0.050059725,0.00026249094,3.41939e-24,31.389,-8.0,0.0
-2.4500132e-06,0.049848355,0.00059319055,5.745814e-23,31.694000000000003,-8.0,0.0
-4.7940302e-06,0.049294923,0.0007977623,3.018553e-23,32.0,-8.0,0.0
4.56384e-06,0.049278058,3.4573022e-05,-1.8920190999999998e-23,32.306,-8.0,0.0
8.683519e-06,0.04891001,-0.00026957341,-1.2262507999999999e-23,32.611,-8.0,0.0
6.5126733e-06,0.049073536,-0.00031423476,9.661615e-24,32.917,-8.0,0.0
3.7233076e-06,0.049130894,-0.00039493758,-3.7347326e-24,33.222,-8.0,0.0
2.3350622e-06,0.049636427,-0.0014587846,3.8518355e-23,33.528,-8.0,0.0
-1.1110395e-05,0.050523996,-0.0025259033,8.525251e-25,33.833,-8.0,0.0
2.9140137e-06,0.05068482,-0.002845961,1.1464105000000001e-24,34.139,-8.0,0.0
7.145354e-06,0.051306706,-0.0041294224,4.4650360000000006e-23,34.444,-8.0,0.0
-1.5562995e-05,0.05279854,-0.004444916,5.6939254000000006e-24,34.75,-8.0,0.0
-7.316893e-06,0.053992167,-0.0048383316,-5.1485330000000004e-23,35.056,-8.0,0.0
-2.0168209e-06,0.054969743,-0.0038847947,-1.9757823e-23,35.361,-8.0,0.0
8.722396e-06,0.05604539,-0.0035249852,3.9783832999999997e-25,35.667,-8.0,0.0
3.0349547e-06,0.05698727,-0.002653834,-1.2803730000000002e-23,35.972,-8.0,0.0
1.4545817e-05,0.057474572,-0.0020748116,-7.545728499999999e-23,36.278,-8.0,0.0
-6.5331114e-06,0.057916965,-0.0009527346,4.784208e-24,36.583,-8.0,0.0
2.1763158e-06,0.058601543,-0.0001844787,1.2376507999999999e-23,36.889,-8.0,0.0
2.049308e-06,0.058251143,0.0002773949,3.2123224e-23,37.194,-8.0,0.0
2.6571797e-06,0.05817076,0.0007032998,2.785666e-23,37.5,-8.0,0.0
-1.49442585e-05,0.057851296,0.0008960997,3.7739106e-24,37.806,-8.0,0.0
-4.886002e-06,0.05779156,0.0002285773,2.1508261e-23,38.111,-8.0,0.0
3.913312e-06,0.057816286,0.00072338106,-1.3260132999999999e-23,38.417,-8.0,0.0
1.5318351e-06,0.057086065,0.0010500344,5.284626000000001e-23,38.722,-8.0,0.0
-1.6506046e-05,0.0567884,0.00028367247,5.4151855e-23,39.028,-8.0,0.0
-5.4224183e-06,0.05663265,0.00031241355,-1.2274019e-23,39.333,-8.0,0.0
-5.97928e-06,0.056222484,0.0007751216,-2.3231689e-23,39.639,-8.0,0.0
5.397591e-06,0.05580748,0.000938406,1.6284512e-23,39.944,-8.0,0.0
3.3915494e-06,0.05566501,0.0009413874,-2.0251839e-23,40.25,-8.0,0.0
5.941729e-07,0.055571117,0.00074706227,4.9667995e-23,40.556,-8.0,0.0
6.9230737e-07,0.055237696,0.0012047272,-3.3495830000000005e-23,40.861,-8.0,0.0
-8.9213427e-07,0.054968216,0.0017134601,6.9711916e-23,41.167,-8.0,0.0
-1.4566016e-05,0.05452259,0.0009643901,3.4663104e-23,41.472,-8.0,0.0
-3.5497724e-06,0.05424854,0.0012065498,5.0024383999999996e-23,41.778,-8.0,0.0
-9.633777e-06,0.05400402,0.0016627572,-1.9257193e-23,42.083,-8.0,0.0
2.6017547e-06,0.053512525,0.0019154212,-5.863212e-23,42.389,-8.0,0.0
-6.6320413e-06,0.053138256,0.0021915545,8.979876000000001e-23,42.694,-8.0,0.0
1.2061322e-05,0.05281827,0.0024634665,4.0654483e-24,43.0,-8.0,0.0
3.668094e-06,0.05229407,0.0021320358,5.400885e-23,43.306,-8.0,0.0
-4.444146e-06,0.052142918,0.0016137438,3.4075484e-23,43.611,-8.0,0.0
3.7983991e-06,0.051790215,0.0013133492,6.5338686e-23,43.917,-8.0,0.0
-3.4987534e-07,0.051431745,0.0016645687,5.512575e-23,44.222,-8.0,0.0
5.6338235e-06,0.051192775,0.0011403258,5.518227e-24,44.528,-8.0,0.0
7.7387995e-06,0.051121432,0.0006236639,3.4136195e-23,44.833,-8.0,0.0
-1.12449925e-08,0.05096569,0.0011256443,5.2607556e-24,45.139,-8.0,0.0
-1.21122e-05,0.05067247,0.0004683733,1.7768328e-23,45.444,-8.0,0.0
7.960829e-06,0.05036052,0.0014150209,-1.5998844e-23,45.75,-8.0,0.0
-4.7967314e-06,0.050166145,0.00073048926,7.488745000000001e-23,46.056,-8.0,0.0
-1.2360859e-05,0.05008948,0.001753547,3.1641375e-23,46.361,-8.0,0.0
2.0231351e-05,0.05000472,0.0021771556,-4.494619e-23,46.667,-8.0,0.0
-8.5079155e-06,0.049416326,0.0023856468,4.2087913e-23,46.972,-8.0,0.0
-1.2101919e-05,0.049108114,0.0023841513,4.0687653e-23,47.278,-8.0,0.0
1.3206813e-05,0.048902065,0.0030763927,-2.2240980000000003e-23,47.583,-8.0,0.0
-4.5142915e-06,0.048434936,0.003216026,1.9205520000000003e-23,47.889,-8.0,0.0
-1.2385062e-06,0.048688386,0.0024370186,-3.325681e-23,48.194,-8.0,0.0
4.0308005e-06,0.04818225,0.0018941488,-2.1551327e-23,48.5,-8.0,0.0
-1.3863586e-05,0.04865893,-9.621354e-05,4.5711776e-24,48.806,-8.0,0.0
1.6003169e-05,0.048976842,-0.001376363,-4.6630690000000006e-23,49.111,-8.0,0.0
8.726616e-06,0.049621627,-0.0036441907,5.3698077e-24,49.417,-8.0,0.0
1.8057228e-05,0.050447464,-0.005054077,-5.6748224000000004e-24,49.722,-8.0,0.0
-7.18694e-06,0.05141168,-0.006482348,5.2646784999999996e-23,50.028,-8.0,0.0
4.1988314e-06,0.05236782,-0.007158284,9.8512344e-23,50.333,-8.0,0.0
6.70605e-07,0.05328812,-0.007992586,2.3046805e-23,50.639,-8.0,0.0
-7.0265014e-06,0.05435925,-0.0075233355,3.1040074e-23,50.944,-8.0,0.0
9.816111e-06,0.05537144,-0.0075573185,4.2447028e-23,51.25,-8.0,0.0
-4.0715677e-06,0.056335837,-0.006328626,-1.8900249e-23,51.556,-8.0,0.0
6.695316e-06,0.057217438,-0.004997884,1.2353183e-23,51.861,-8.0,0.0
-1.4987545e-05,0.057924286,-0.004179898,-2.5186246e-23,52.167,-8.0,0.0
2.1426946e-05,0.058030795,-0.0022711903,-2.1514345e-23,52.472,-8.0,0.0
1.2661654e-05,0.058260463,-0.0014342424,4.5526236e-24,52.778,-8.0,0.0
1.2793122e-05,0.058229785,5.4656528e-05,3.9784035e-23,53.083,-8.0,0.0
7.057308e-06,0.057758052,0.0006383667,3.5731688e-23,53.389,-8.0,0.0
-3.4758227e-07,0.057752572,0.0011193696,2.2560311e-23,53.694,-8.0,0.0
-2.466968e-06,0.05761944,0.0012865649,-6.4604717e-23,54.0,-8.0,0.0
-1.7168884e-06,0.05704342,0.0013367686,-6.18111e-23,54.306,-8.0,0.0
-5.1100033e-06,0.056925498,0.0017822846,-5.0180136e-23,54.611,-8.0,0.0
2.064091e-06,0.056351807,0.002208,-8.409787e-24,54.917,-8.0,0.0
-1.0087406e-06,0.055868864,0.0028335424,4.1621564e-25,55.222,-8.0,0.0
-1.0946263e-05,0.055785958,0.003306486,2.6981567e-24,55.528,-8.0,0.0
1.7468428e-05,0.05558894,0.002321777,1.6394473e-23,55.833,-8.0,0.0
3.5897792e-06,0.05515475,0.0024337203,2.5645780000000002e-23,56.139,-8.0,0.0
1.8157218e-05,0.05476957,0.0026930058,-8.079147e-24,56.444,-8.0,0.0
7.514448e-06,0.054235518,0.002284633,-4.9773715e-23,56.75,-8.0,0.0
1.1290502e-05,0.053819694,0.0022782013,4.984379e-23,57.056,-8.0,0.0
-1.2903452e-05,0.053646103,0.0018687616,-4.1913682e-23,57.361,-8.0,0.0
-1.0634409e-05,0.053428926,0.0015730383,-2.3456457e-23,57.667,-8.0,0.0
6.2548934e-06,0.052952852,0.0019664457,-3.6440224e-23,57.972,-8.0,0.0
1.1196604e-05,0.052558795,0.0017150443,-1.8234678e-23,58.278,-8.0,0.0
-3.2840835e-06,0.052129757,0.0016214162,-3.3693934e-23,58.583,-8.0,0.0
-1.3925124e-05,0.051653884,0.0013482303,1.4028093000000001e-24,58.889,-8.0,0.0
-4.539528e-06,0.05161345,0.0015788367,-2.6029380000000002e-23,59.194,-8.0,0.0
-9.02648e-07,0.05109223,0.0015854583,3.7331675e-23,59.5,-8.0,0.0
1.6558442e-06,0.051098928,0.0012850929,6.190002e-24,59.806,-8.0,0.0
-6.8919326e-06,0.050716788,0.0012765413,-1.4826911999999998e-23,60.111,-8.0,0.0
-1.9806144e-05,0.05086551,0.0015419119,-3.1733564e-23,60.417,-8.0,0.0
-2.676381e-06,0.050642986,0.0019433709,-4.5684008e-23,60.722,-8.0,0.0
-1.5385827e-05,0.050351292,0.0015381441,-7.721219e-23,61.028,-8.0,0.0
1.6111939e-05,0.050198223,0.0017863535,4.1687298e-23,61.333,-8.0,0.0
2.3333505e-06,0.050069038,0.0021181414,-9.193453000000001e-23,61.639,-8.0,0.0
-1.6197791e-06,0.04960432,0.0023393708,-8.209394e-23,61.944,-8.0,0.0
4.390331e-06,0.04966591,0.0024242005,2.1055998e-23,62.25,-8.0,0.0
4.747675e-06,0.049517274,0.0027354213,-8.082146e-23,62.556,-8.0,0.0
-9.7507345e-06,0.049244896,0.003023196,-4.6682138e-24,62.861,-8.0,0.0
-7.6174183e-06,0.049385775,0.0028164282,-2.8401265e-24,63.167,-8.0,0.0
-5.8103196e-06,0.049080774,0.002236167,-6.195288e-23,63.472,-8.0,0.0
4.686517e-06,0.04905898,0.0019637188,3.1326070000000004e-23,63.778,-8.0,0.0
-1.6571626e-06,0.048948694,0.00035508093,-2.153199e-23,64.083,-8.0,0.0
5.674483e-06,0.049287245,-0.00048193615,-2.3492454e-23,64.389,-8.0,0.0
-5.552909e-06,0.049245138,-0.0016871216,-1.7836205e-23,64.694,-8.0,0.0
-7.2603325e-07,0.049354542,-0.0026912969,2.7198466e-23,65.0,-8.0,0.0
-0.00023055865,0.058207534,0.0021763253,2.2301565e-23,10.306,-7.3333,0.0
-0.0002221221,0.05774363,0.0025626714,7.354223000000001e-23,10.611,-7.3333,0.0
-0.00021125129,0.057361938,0.0020730705,-8.206047e-24,10.917,-7.3333,0.0
-0.00019308887,0.05697044,0.0025919946,-1.1946257000000001e-24,11.222,-7.3333,0.0
-0.00018867187,0.056257673,0.0026005437,1.3364156e-23,11.528,-7.3333,0.0
-0.00017443282,0.055903487,0.0023755035,7.8866205e-23,11.833,-7.3333,0.0
-0.00017073713,0.05564689,0.0029288188,-4.7128222999999996e-23,12.139,-7.3333,0.0
-0.00015840962,0.05541739,0.002997419,-2.0951994e-23,12.444,-7.3333,0.0
-0.0001487357,0.054864086,0.0027330029,-6.277616000000001e-23,12.75,-7.3333,0.0
-0.00013770587,0.05455876,0.002683073,3.526568e-23,13.056,-7.3333,0.0
-0.00013260354,0.053856187,0.0028081504,-5.1393846e-24,13.361,-7.3333,0.0
-0.00011785635,0.05370841,0.002190353,-6.577916e-23,13.667,-7.3333,0.0
-0.0001210167,0.05332181,0.0023321917,3.3537266e-23,13.972,-7.3333,0.0
-0.00010184561,0.052821115,0.0024447688,1.0378835e-23,14.278,-7.3333,0.0
-0.00010676871,0.052630737,0.0024357794,-2.9322906000000002e-24,14.583,-7.3333,0.0
-0.00010117993,0.052217927,0.0015194896,-2.0259601e-23,14.889,-7.3333,0.0
-9.503009e-05,0.051938996,0.002247258,-2.8944708e-23,15.194,-7.3333,0.0
-9.632528e-05,0.051700264,0.0013937829,-7.2177264e-23,15.5,-7.3333,0.0
-9.7165255e-05,0.051743783,0.001591512,-1.6046882e-23,15.806,-7.3333,0.0
-8.9099485e-05,0.051183704,0.0009386975,2.6087087e-23,16.111,-7.3333,0.0
-6.3890315e-05,0.051229134,0.001051381,-2.3771926e-23,16.417,-7.3333,0.0
-7.973368e-05,0.051052984,0.00067578536,-4.6667648e-23,16.722,-7.3333,0.0
-8.1144666e-05,0.05116543,5.1339855e-05,9.178302e-24,17.028,-7.3333,0.0
-6.7154535e-05,0.050905474,-0.00010662654,2.3513962e-23,17.333,-7.3333,0.0
-5.2231066e-05,0.050694704,-0.000213861,3.6771671999999997e-23,17.639,-7.3333,0.0
-5.6023262e-05,0.050860256,-0.0007829913,9.480321e-23,17.944000000000003,-7.3333,0.0
-5.5288478e-05,0.05104794,-0.00061889086,1.3581736e-23,18.25,-7.3333,0.0
-5.625796e-05,0.051291198,-0.0011503417,-8.209586e-23,18.556,-7.3333,0.0
-5.961207e-05,0.051703207,-0.0019371724,-3.1942493e-23,18.861,-7.3333,0.0
-6.2296895e-05,0.05226721,-0.002536118,3.0765474e-23,19.167,-7.3333,0.0
-4.1255793e-05,0.052809373,-0.0032648835,-1.2836679e-23,19.472,-7.3333,0.0
-2.6637481e-05,0.053860806,-0.0032532047,-1.0607087e-23,19.778,-7.3333,0.0
-5.018236e-05,0.05457291,-0.0037553385,-5.398694000000001e-23,20.083,-7.3333,0.0
-3.8812585e-05,0.055306114,-0.003786044,3.9695582e-23,20.389,-7.3333,0.0
-5.5413257e-05,0.05689001,-0.0035519297,5.9605573e-24,20.694000000000003,-7.3333,0.0
-2.9515093e-05,0.056960598,-0.0026508416,4.080655e-23,21.0,-7.3333,0.0
-3.772354e-05,0.057150044,-0.0017864793,2.5013934e-23,21.306,-7.3333,0.0
-3.0318817e-05,0.05768055,-0.0013650917,-3.2203713e-23,21.611,-7.3333,0.0
-3.7981878e-05,0.057747938,-0.00023037102,-2.8097938e-23,21.917,-7.3333,0.0
-2.3584507e-05,0.058341272,0.0008398567,8.278929000000001e-23,22.222,-7.3333,0.0
-4.093139e-05,0.05805945,0.0010107087,-3.6184103e-25,22.528,-7.3333,0.0
-2.9843362e-05,0.057937488,0.0004631267,5.9504094e-25,22.833,-7.3333,0.0
-3.259943e-05,0.057636797,0.0008261774,-1.177479e-24,23.139,-7.3333,0.0
-2.2361812e-05,0.05690161,0.00047721574,-1.7707560000000003e-23,23.444000000000003,-7.3333,0.0
-2.3383756e-05,0.057034716,0.00085231196,-4.0476264e-23,23.75,-7.3333,0.0
-2.2777725e-05,0.05655434,0.00070601143,1.8497873e-23,24.056,-7.3333,0.0
-1.9929705e-05,0.056195773,0.0005393466,-1.7937088e-23,24.361,-7.3333,0.0
-9.12034e-06,0.055679426,0.0015781241,-2.4408896e-23,24.667,-7.3333,0.0
-1.9711195e-05,0.05585736,0.0015800633,6.5066964e-23,24.972,-7.3333,0.0
-1.6302492e-05,0.05558031,0.0018509584,4.8476904e-23,25.278,-7.3333,0.0
-1.3386512e-05,0.055669267,0.0017530327,-3.9787872e-23,25.583,-7.3333,0.0
-5.766502e-06,0.05552659,0.0016670697,1.9328391999999998e-23,25.889,-7.3333,0.0
-1.2225308e-05,0.055043206,0.0017260152,2.5670670000000002e-23,26.194000000000003,-7.3333,0.0
-5.8694714e-06,0.05525958,0.0018693907,1.8548657e-23,26.5,-7.3333,0.0
-9.285575e-06,0.054875866,0.001976667,-7.497044000000001e-23,26.806,-7.3333,0.0
-2.4754012e-05,0.054502778,0.0016557858,-1.2880873999999999e-23,27.111,-7.3333,0.0
-1.6789763e-06,0.054252706,0.002025348,-4.1691387e-23,27.417,-7.3333,0.0
-1.1793665e-05,0.053685687,0.0020675627,-3.8133246e-23,27.722,-7.3333,0.0
-1.19131255e-05,0.05342765,0.0028946274,2.11133e-23,28.028,-7.3333,0.0
-3.7177697e-06,0.05280184,0.0025738867,-1.3312776e-23,28.333,-7.3333,0.0
4.52898e-06,0.052465465,0.002269514,2.2881763e-23,28.639,-7.3333,0.0
-1.8323597e-05,0.052089818,0.0018890756,-1.4102719e-23,28.944000000000003,-7.3333,0.0
-9.4861934e-07,0.05183496,0.0027040346,-1.7750051999999998e-23,29.25,-7.3333,0.0
-3.7467557e-06,0.05133025,0.0023397896,4.9033624999999996e-23,29.556,-7.3333,0.0
-9.305062e-06,0.051192373,0.0020004269,-5.5844536e-23,29.861,-7.3333,0.0
-1.4874068e-05,0.05095534,0.001957193,2.2861214e-23,30.167,-7.3333,0.0
-3.8082908e-06,0.05089624,0.0016904002,4.5590695e-23,30.472,-7.3333,0.0
1.9259096e-07,0.050561663,0.001082459,-2.9920305e-23,30.778,-7.3333,0.0
-4.052001e-06,0.050108686,0.0012236731,-8.675299e-24,31.083,-7.3333,0.0
-3.5518533e-06,0.049897477,0.001333797,-9.733306999999999e-24,31.389,-7.3333,0.0
4.647194e-06,0.04951802,0.0013126936,7.097759000000001e-23,31.694000000000003,-7.3333,0.0
-2.26665e-06,0.048667025,0.0010064034,-4.6036681999999997e-23,32.0,-7.3333,0.0
1.3071258e-07,0.04837411,0.00069164904,-1.9656394e-24,32.306,-7.3333,0.0
-2.2283562e-05,0.048333112,0.0006432908,-2.981561e-23,32.611,-7.3333,0.0
-3.236968e-06,0.048418038,0.00011792593,-4.2877342e-23,32.917,-7.3333,0.0
-8.964453e-06,0.04855588,-0.00043331785,1.5692166e-23,33.222,-7.3333,0.0
-2.3336838e-06,0.049138963,-0.0019628876,5.8343269999999996e-24,33.528,-7.3333,0.0
-7.7318873e-07,0.04960254,-0.003722936,-2.0399009e-23,33.833,-7.3333,0.0
-1.29452455e-05,0.050353035,-0.004878645,2.1826178e-23,34.139,-7.3333,0.0
-1.2753324e-05,0.05125981,-0.006670895,-1.8159553e-23,34.444,-7.3333,0.0
-1.1430162e-05,0.052558497,-0.007327785,-2.2978240000000003e-23,34.75,-7.3333,0.0
-7.0676797e-06,0.053701513,-0.008167,1.6425977e-24,35.056,-7.3333,0.0
-8.632065e-06,0.05510068,-0.008082912,2.1935130000000003e-23,35.361,-7.3333,0.0
-1.0644708e-05,0.056452908,-0.007394717,5.2137925e-23,35.667,-7.3333,0.0
-7.6687265e-06,0.05741864,-0.0058794236,-5.0030140000000005e-23,35.972,-7.3333,0.0
7.571052e-07,0.058427833,-0.0044033728,2.7035134e-23,36.278,-7.3333,0.0
-6.7389956e-06,0.05904389,-0.001987027,-8.421642000000001e-23,36.583,-7.3333,0.0
-1.4557438e-05,0.059423897,-0.0007746285,-3.2854227e-24,36.889,-7.3333,0.0
-8.027768e-06,0.059934787,0.00088654505,3.921979e-23,37.194,-7.3333,0.0
1.3706791e-05,0.05994561,0.0015252198,-2.9093796e-23,37.5,-7.3333,0.0
-1.030742e-05,0.059691682,0.001967268,-1.4830080000000003e-23,37.806,-7.3333,0.0
-4.910807e-06,0.059362803,0.0022724506,-3.2782383e-23,38.111,-7.3333,0.0
5.911733e-06,0.058869116,0.0017467719,-1.7794064e-23,38.417,-7.3333,0.0
-1.7703831e-05,0.05847223,0.0017325571,5.2021174e-23,38.722,-7.3333,0.0
-7.91443e-06,0.057764076,0.0019042622,-8.8856535e-24,39.028,-7.3333,0.0
-1.4350653e-05,0.05763035,0.0014860858,6.197352e-23,39.333,-7.3333,0.0
-6.779166e-06,0.056963496,0.0011383947,5.8806766e-23,39.639,-7.3333,0.0
6.6334287e-06,0.05662738,0.0020137457,-5.850086e-24,39.944,-7.3333,0.0
-3.089427e-06,0.056373406,0.0017056656,1.3797288e-23,40.25,-7.3333,0.0
-9.7271095e-06,0.0559873,0.0019813264,-6.15881e-23,40.556,-7.3333,0.0
9.816868e-07,0.05564498,0.0015828824,-3.195076e-24,40.861,-7.3333,0.0
8.961315e-07,0.055188093,0.0021411441,-7.890825399999999e-23,41.167,-7.3333,0.0
-8.379957e-06,0.054945223,0.0016361591,4.6991422e-23,41.472,-7.3333,0.0
5.830163e-06,0.054600336,0.001993664,7.5530554e-23,41.778,-7.3333,0.0
-5.6885406e-06,0.05413595,0.0015872603,3.939155e-24,42.083,-7.3333,0.0
1.9624393e-05,0.053481195,0.0022909506,1.0216316999999999e-23,42.389,-7.3333,0.0
6.386259e-06,0.05344583,0.0024999017,6.0329103e-23,42.694,-7.3333,0.0
-9.613299e-06,0.05291784,0.0026139012,-8.1378336e-23,43.0,-7.3333,0.0
-7.6554425e-06,0.052426822,0.002514936,-8.1506825e-23,43.306,-7.3333,0.0
-6.5201166e-06,0.052135836,0.0021339227,-4.6858704e-23,43.611,-7.3333,0.0
8.410167e-06,0.051927567,0.0018342491,9.0628885e-24,43.917,-7.3333,0.0
9.4336303e-07,0.051516473,0.0024012132,-1.0593556e-23,44.222,-7.3333,0.0
7.132174e-06,0.05141189,0.0017067129,5.887058000000001e-23,44.528,-7.3333,0.0
7.674706e-06,0.051189274,0.0019247811,-1.7669222e-23,44.833,-7.3333,0.0
7.039119e-06,0.05132326,0.0014573475,3.2785210000000003e-23,45.139,-7.3333,0.0
1.8652929e-05,0.050698273,0.0012635011,-7.4457047e-23,45.444,-7.3333,0.0
4.89213e-06,0.050794613,0.0020615282,-2.3468625e-23,45.75,-7.3333,0.0
-8.468963e-06,0.050393976,0.0015488919,3.5734112e-23,46.056,-7.3333,0.0
1.764723e-05,0.05016756,0.0014294947,7.076231000000001e-23,46.361,-7.3333,0.0
7.6842844e-07,0.050331715,0.0021721153,-3.4278594e-23,46.667,-7.3333,0.0
3.4168097e-06,0.049785517,0.0033148415,-3.1041336e-23,46.972,-7.3333,0.0
1.0624317e-05,0.049635626,0.0032873747,3.1556202999999997e-23,47.278,-7.3333,0.0
6.562641e-06,0.049348496,0.0038686772,1.8879751e-23,47.583,-7.3333,0.0
-4.415051e-07,0.04915044,0.0034307397,-6.938583e-23,47.889,-7.3333,0.0
-1.5041824e-06,0.048585374,0.0032718002,2.8579836999999997e-23,48.194,-7.3333,0.0
-3.1918426e-06,0.048504513,0.002321089,-1.5353430000000002e-23,48.5,-7.3333,0.0
-3.1573363e-06,0.048409797,0.0012065545,-3.9859387e-23,48.806,-7.3333,0.0
-3.8513954e-06,0.04850094,-0.0008647661,3.1240608e-23,49.111,-7.3333,0.0
3.386362e-06,0.048599463,-0.0033774981,-2.990352e-23,49.417,-7.3333,0.0
4.368705e-06,0.048941333,-0.0051828,-4.4696783e-23,49.722,-7.3333,0.0
7.393085e-06,0.049511723,-0.0075753694,4.999693e-24,50.028,-7.3333,0.0
2.4246456e-06,0.05023616,-0.008937877,-6.155770699999999e-23,50.333,-7.3333,0.0
-9.664982e-06,0.051379636,-0.010051322,-7.090226e-23,50.639,-7.3333,0.0
-5.672686e-06,0.05226524,-0.010477209,-1.4440496e-23,50.944,-7.3333,0.0
3.1432446e-06,0.053474575,-0.010080528,9.3150936e-24,51.25,-7.3333,0.0
7.559811e-06,0.054056372,-0.009455527,1.5430542e-23,51.556,-7.3333,0.0
-3.4619607e-06,0.05539467,-0.0076005217,7.682884000000001e-23,51.861,-7.3333,0.0
1.6796184e-06,0.056174964,-0.006323803,-1.5239732e-23,52.167,-7.3333,0.0
-1.4141643e-05,0.056764953,-0.0037672687,4.3691535e-25,52.472,-7.3333,0.0
-5.992457e-06,0.057475775,-0.0031445185,-7.205746e-24,52.778,-7.3333,0.0
-3.8735755e-07,0.057747465,-0.0012119198,-1.5467246e-23,53.083,-7.3333,0.0
-1.0813328e-05,0.057587728,0.00052901125,1.3852978e-23,53.389,-7.3333,0.0
-2.632245e-06,0.058097247,0.0017251,1.8733503e-23,53.694,-7.3333,0.0
-2.227172e-05,0.057574034,0.0016632606,-6.135952e-23,54.0,-7.3333,0.0
-7.835053e-06,0.05721173,0.0020523795,2.4023579e-23,54.306,-7.3333,0.0
-5.0729973e-06,0.057205327,0.003118664,-2.6989803e-23,54.611,-7.3333,0.0
-2.2025938e-06,0.056618493,0.0029179372,-4.2478986e-23,54.917,-7.3333,0.0
-1.6910581e-06,0.05632715,0.003520941,7.155924000000001e-23,55.222,-7.3333,0.0
-1.244888e-05,0.056098066,0.0032174354,4.3746515e-23,55.528,-7.3333,0.0
-1.2313467e-07,0.055505626,0.0032137944,4.5272286e-23,55.833,-7.3333,0.0
1.10039655e-05,0.05526015,0.0033915162,9.860827000000001e-23,56.139,-7.3333,0.0
-6.280974e-06,0.055136282,0.0030399887,3.095071e-23,56.444,-7.3333,0.0
-2.7427055e-05,0.05467251,0.00320492,9.798334e-24,56.75,-7.3333,0.0
-1.2212768e-06,0.05441778,0.0032473006,-5.946148e-23,57.056,-7.3333,0.0
-2.282429e-06,0.054049194,0.0023933135,-8.666989e-23,57.361,-7.3333,0.0
-5.680887e-06,0.053836614,0.0017861952,-1.5924035e-23,57.667,-7.3333,0.0
-3.5250468e-06,0.053205043,0.0018086055,5.325884000000001e-25,57.972,-7.3333,0.0
-1.0458934e-06,0.052964106,0.0019493336,-1.2705457e-23,58.278,-7.3333,0.0
-8.087933e-06,0.052354805,0.001778848,1.5893036e-23,58.583,-7.3333,0.0
5.5845057e-06,0.052181818,0.0017320885,-6.997512e-26,58.889,-7.3333,0.0
-4.1355593e-06,0.05183909,0.0015224924,5.1425906e-23,59.194,-7.3333,0.0
2.1634249e-05,0.051706206,0.0016947463,-7.7744527e-23,59.5,-7.3333,0.0
-1.1266144e-05,0.05148293,0.0019804195,-1.4290120000000002e-23,59.806,-7.3333,0.0
-1.1818833e-05,0.050972804,0.0019618233,-5.343822e-23,60.111,-7.3333,0.0
1.19841025e-05,0.05096527,0.00147989,2.1577510000000003e-23,60.417,-7.3333,0.0
-1.093833e-05,0.050526746,0.0022718469,-1.487148e-23,60.722,-7.3333,0.0
1.061331e-05,0.050660916,0.0022157114,-2.1657955e-24,61.028,-7.3333,0.0
-2.3166649e-08,0.050558243,0.002128087,2.7535928e-23,61.333,-7.3333,0.0
-6.1836727e-06,0.050477803,0.0027299155,-2.7995853e-23,61.639,-7.3333,0.0
1.32074565e-05,0.050263636,0.0031092167,2.6750892e-23,61.944,-7.3333,0.0
-4.6037894e-06,0.049963802,0.0034331067,6.6266336e-24,62.25,-7.3333,0.0
-1.5217665e-07,0.04966914,0.0032273051,6.0269074e-23,62.556,-7.3333,0.0
1.3588633e-05,0.049331628,0.00332584,-1.02615445e-23,62.861,-7.3333,0.0
4.1505973e-07,0.04940162,0.0030145282,4.7864192e-23,63.167,-7.3333,0.0
-2.7079768e-06,0.049246673,0.0030274028,-7.790538000000001e-23,63.472,-7.3333,0.0
3.0744523e-06,0.049058653,0.0022727763,1.8280873e-24,63.778,-7.3333,0.0
-2.3736854e-06,0.049051385,0.0011857096,3.4525300000000004e-23,64.083,-7.3333,0.0
3.0122665e-06,0.049041394,-0.00024221791,5.298535e-23,64.389,-7.3333,0.0
-5.052768e-06,0.04913134,-0.0017116428,-3.1082685e-23,64.694,-7.3333,0.0
-1.2701807e-05,0.049035028,-0.0022866083,-2.4557808000000002e-24,65.0,-7.3333,0.0
-0.00023071104,0.057914987,0.0033788404,-7.3509846e-24,10.306,-6.6667,0.0
-0.00021418958,0.057400268,0.003326307,-4.856783e-24,10.611,-6.6667,0.0
-0.00019779173,0.057345383,0.0036415095,-1.1813605e-22,10.917,-6.6667,0.0
-0.0001936869,0.05619657,0.003068889,-2.1800026e-23,11.222,-6.6667,0.0
-0.0001831345,0.056083307,0.0035046008,4.1066810000000003e-23,11.528,-6.6667,0.0
-0.00017534464,0.055902623,0.0037072524,2.1716015e-23,11.833,-6.6667,0.0
-0.00015759534,0.05534511,0.0034628918,3.3850740000000004e-23,12.139,-6.6667,0.0
-0.00014630122,0.054585,0.0036319094,-2.8616087e-24,12.444,-6.6667,0.0
-0.00015166006,0.054127496,0.003594966,3.2426297999999997e-23,12.75,-6.6667,0.0
-0.00014415145,0.05328595,0.0040336223,-1.8663578e-23,13.056,-6.6667,0.0
-0.00012150916,0.053229816,0.0033204858,-2.7410354e-23,13.361,-6.6667,0.0
-0.00012252912,0.052592132,0.003174475,-6.433298e-23,13.667,-6.6667,0.0
-0.000116567666,0.052219816,0.0034628876,-1.2778183500000001e-23,13.972,-6.6667,0.0
-0.00011433493,0.051733922,0.0035191583,-1.2748073e-22,14.278,-6.6667,0.0
-0.00010776427,0.05159035,0.002452855,-2.1300355e-23,14.583,-6.6667,0.0
-8.533198e-05,0.05147805,0.00231559,2.8570576e-23,14.889,-6.6667,0.0
-8.821809e-05,0.05102151,0.0022017816,1.4872631e-23,15.194,-6.6667,0.0
-8.435344e-05,0.050592232,0.002145227,1.416668e-23,15.5,-6.6667,0.0
-9.191552e-05,0.050583653,0.0016127673,-1.0468227000000001e-22,15.806,-6.6667,0.0
-8.850132e-05,0.050411418,0.00090722786,-4.6259206999999997e-23,16.111,-6.6667,0.0
-9.5108866e-05,0.05052285,0.0011282364,1.8679796999999998e-23,16.417,-6.6667,0.0
-6.487466e-05,0.050012738,0.0005028165,1.60966e-23,16.722,-6.6667,0.0
-6.234617e-05,0.050153565,0.00013455877,-6.1797722000000004e-24,17.028,-6.6667,0.0
-8.090615e-05,0.05001142,0.00023954781,7.753041000000001e-23,17.333,-6.6667,0.0
-5.280831e-05,0.05029874,-0.00019181543,6.4808823e-23,17.639,-6.6667,0.0
-6.5013235e-05,0.050285637,-0.0009555309,-7.443868e-24,17.944000000000003,-6.6667,0.0
-5.5106768e-05,0.0502811,-0.0018988121,1.016487e-23,18.25,-6.6667,0.0
-5.7019995e-05,0.05069772,-0.0024674712,5.7260144e-23,18.556,-6.6667,0.0
-4.7822155e-05,0.050942637,-0.00343101,-2.9880877e-23,18.861,-6.6667,0.0
-4.9205984e-05,0.051643647,-0.004070213,-4.5147380000000004e-23,19.167,-6.6667,0.0
-5.142321e-05,0.05262181,-0.0053302106,-7.553683000000001e-23,19.472,-6.6667,0.0
-4.7861296e-05,0.053961366,-0.0057212785,-1.0850119000000001e-24,19.778,-6.6667,0.0
-5.3854226e-05,0.05504983,-0.006473845,-1.3299594e-22,20.083,-6.6667,0.0
-2.719264e-05,0.056296755,-0.005896966,-9.018056e-24,20.389,-6.6667,0.0
-4.2319058e-05,0.057951182,-0.0054044435,-3.4104792e-23,20.694000000000003,-6.6667,0.0
-2.8511928e-05,0.05914754,-0.0035956209,1.1151318e-22,21.0,-6.6667,0.0
-5.0269544e-05,0.059988514,-0.0027810351,1.9860615e-23,21.306,-6.6667,0.0
-4.0738363e-05,0.059994064,-0.0015298885,-2.5979209e-23,21.611,-6.6667,0.0
-4.31008e-05,0.060456667,0.00023234263,-4.7763520000000004e-23,21.917,-6.6667,0.0
-3.748304e-05,0.06037776,0.0009030406,9.431545e-24,22.222,-6.6667,0.0
-4.2603366e-05,0.060186066,0.00148644,7.747346000000001e-23,22.528,-6.6667,0.0
-2.9275301e-05,0.0599762,0.0017997555,-5.1191595e-23,22.833,-6.6667,0.0
-2.7391183e-05,0.059262246,0.0017912935,-4.4764613e-23,23.139,-6.6667,0.0
-1.8919707e-05,0.0588825,0.0018804278,3.9789816e-23,23.444000000000003,-6.6667,0.0
-3.5334724e-05,0.05850614,0.0015597122,-3.6071466e-23,23.75,-6.6667,0.0
-2.562414e-05,0.057507414,0.0014420337,1.3460668e-23,24.056,-6.6667,0.0
-1.2071865e-05,0.057045385,0.0020298336,8.138823e-24,24.361,-6.6667,0.0
-2.7816182e-05,0.05658764,0.0015541436,-2.0620870000000002e-23,24.667,-6.6667,0.0
-3.5848803e-05,0.056344084,0.0026341288,6.402481e-23,24.972,-6.6667,0.0
-8.657566e-06,0.055954568,0.0018194029,-9.6203165e-24,25.278,-6.6667,0.0
-1.5506375e-05,0.056065664,0.003051936,2.6430778e-23,25.583,-6.6667,0.0
-6.0438533e-06,0.05563381,0.0021258758,4.0521967e-23,25.889,-6.6667,0.0
-8.760874e-06,0.05528765,0.002604693,7.356707000000001e-23,26.194000000000003,-6.6667,0.0
-1.3308809e-05,0.054841913,0.0026233317,-7.4232796e-23,26.5,-6.6667,0.0
-2.5791276e-05,0.054608885,0.002444815,-4.5583033999999996e-23,26.806,-6.6667,0.0
-1.3971906e-05,0.054055043,0.0023535783,-1.5659990000000003e-23,27.111,-6.6667,0.0
-1.8430488e-05,0.05371011,0.0028476482,-1.359307e-23,27.417,-6.6667,0.0
-2.4808483e-05,0.05337693,0.0029919199,-3.9590972000000005e-24,27.722,-6.6667,0.0
-1.1869193e-05,0.05294659,0.0030071705,1.7927968e-24,28.028,-6.6667,0.0
-1.4330454e-05,0.052519113,0.0033823708,7.557984000000001e-23,28.333,-6.6667,0.0
-1.4275851e-05,0.052062627,0.0035954982,-2.3093152e-23,28.639,-6.6667,0.0
-2.2006552e-05,0.051529966,0.0033051851,-2.8572567e-23,28.944000000000003,-6.6667,0.0
-6.5186323e-06,0.051400524,0.003161923,1.576346e-23,29.25,-6.6667,0.0
-1.2671858e-05,0.05095219,0.0027800864,3.1718772000000003e-24,29.556,-6.6667,0.0
6.491682e-07,0.050691523,0.0024122791,-6.733624000000001e-23,29.861,-6.6667,0.0
-1.4907014e-05,0.050530713,0.0024867307,-5.014328e-23,30.167,-6.6667,0.0
-3.6382562e-06,0.050303742,0.0018528212,1.23279396e-23,30.472,-6.6667,0.0
-4.5201814e-06,0.049822062,0.0018536947,-7.64615e-23,30.778,-6.6667,0.0
2.4406618e-06,0.049932223,0.0017968076,4.7976576999999997e-23,31.083,-6.6667,0.0
-4.866297e-07,0.04935223,0.0018070242,2.6392332e-23,31.389,-6.6667,0.0
-3.7741247e-06,0.049167305,0.0018037796,1.8480600000000002e-23,31.694000000000003,-6.6667,0.0
-6.836395e-06,0.04856545,0.0029060217,-1.5159256e-23,32.0,-6.6667,0.0
-2.196509e-05,0.048159935,0.0017389259,-4.1134060000000006e-23,32.306,-6.6667,0.0
-1.4164349e-05,0.048164837,0.0017373962,-6.388991e-23,32.611,-6.6667,0.0
7.4944383e-06,0.047774397,0.0008528475,-3.3144578e-23,32.917,-6.6667,0.0
-6.1680494e-06,0.04800989,-0.00042401627,-3.33851e-24,33.222,-6.6667,0.0
-2.643537e-05,0.04831165,-0.0012826473,-1.6259685e-24,33.528,-6.6667,0.0
-4.0723025e-06,0.048658498,-0.0040874016,6.896492e-23,33.833,-6.6667,0.0
-2.6076594e-05,0.049037047,-0.006332327,4.8252475999999997e-23,34.139,-6.6667,0.0
-1.4341931e-06,0.04959192,-0.008309489,-2.5168677e-23,34.444,-6.6667,0.0
-1.4455447e-05,0.050665226,-0.010327411,-1.3930652e-23,34.75,-6.6667,0.0
-1.4864883e-05,0.052077785,-0.010922354,-4.1942157e-23,35.056,-6.6667,0.0
-2.2022523e-05,0.05309233,-0.011880981,-3.725847e-24,35.361,-6.6667,0.0
-1.5270534e-05,0.05439519,-0.011160921,-2.1576166e-24,35.667,-6.6667,0.0
-8.921375e-06,0.05566731,-0.009033266,-4.2520335e-23,35.972,-6.6667,0.0
-7.747003e-06,0.056878705,-0.0069882264,6.852538e-23,36.278,-6.6667,0.0
-9.533773e-06,0.058237318,-0.0045503993,1.79235e-23,36.583,-6.6667,0.0
3.487221e-07,0.059174545,-0.0026502637,-5.8530702e-24,36.889,-6.6667,0.0
-1.9871055e-05,0.059705023,-0.00028978894,3.2933895e-23,37.194,-6.6667,0.0
-3.3501055e-07,0.05989691,0.0012401822,6.4408297e-23,37.5,-6.6667,0.0
-8.73267e-06,0.060196422,0.0021858052,1.2249022e-23,37.806,-6.6667,0.0
-4.8409347e-06,0.059917916,0.0027538915,-2.4381813e-23,38.111,-6.6667,0.0
-1.8025325e-05,0.059644364,0.0031232694,-2.851962e-23,38.417,-6.6667,0.0
-3.78594e-06,0.05946313,0.0028229193,-5.256767e-23,38.722,-6.6667,0.0
-6.991395e-07,0.058683503,0.003008395,4.0721883e-24,39.028,-6.6667,0.0
4.0448713e-06,0.0581047,0.0025123777,6.7414286e-24,39.333,-6.6667,0.0
-1.1326123e-05,0.057494983,0.0024180717,-2.2842004e-23,39.639,-6.6667,0.0
2.1050482e-06,0.056882292,0.0029253503,-3.3692766999999997e-23,39.944,-6.6667,0.0
-4.429519e-06,0.056263924,0.0024038348,-2.4843126e-23,40.25,-6.6667,0.0
-7.034578e-07,0.05617106,0.0024035731,6.003431000000001e-23,40.556,-6.6667,0.0
-7.492614e-06,0.055462085,0.0031584767,-4.92481e-23,40.861,-6.6667,0.0
2.9261919e-06,0.0555555,0.0024063252,-7.731147399999999e-23,41.167,-6.6667,0.0
4.716013e-06,0.054965414,0.0023583877,-2.3292096000000002e-24,41.472,-6.6667,0.0
-1.0393915e-06,0.05466122,0.0027152393,-1.1844223e-23,41.778,-6.6667,0.0
-4.7480607e-06,0.054223966,0.0031709853,5.704396000000001e-23,42.083,-6.6667,0.0
-7.918276e-06,0.05394747,0.0023354383,-2.1670798e-23,42.389,-6.6667,0.0
1.9114777e-06,0.053349424,0.0026085959,-7.8882935e-24,42.694,-6.6667,0.0
-2.2349846e-05,0.05270043,0.0028949832,-1.8853926999999998e-23,43.0,-6.6667,0.0
3.920635e-06,0.052803732,0.002427197,-2.2096183e-24,43.306,-6.6667,0.0
1.3080725e-05,0.05241568,0.002584842,-8.2056074e-23,43.611,-6.6667,0.0
-1.2148586e-05,0.051662236,0.0024812464,-1.0051463999999999e-23,43.917,-6.6667,0.0
-5.5867895e-06,0.051673956,0.0026502851,4.1228572e-23,44.222,-6.6667,0.0
2.8913564e-07,0.05137883,0.0025768988,-4.2691082e-23,44.528,-6.6667,0.0
-6.133683e-06,0.051198665,0.0026088338,6.1381923e-23,44.833,-6.6667,0.0
2.2421482e-06,0.050720222,0.0017526848,4.8714117000000004e-24,45.139,-6.6667,0.0
-6.6802572e-06,0.050732248,0.0020457506,-9.417732000000001e-23,45.444,-6.6667,0.0
1.14750055e-05,0.050174907,0.0021737628,6.798390999999999e-24,45.75,-6.6667,0.0
9.316227e-06,0.050173827,0.0022685202,-1.24843486e-23,46.056,-6.6667,0.0
1.1706506e-06,0.05017811,0.0025478362,-5.0823746e-23,46.361,-6.6667,0.0
1.7725997e-05,0.050054677,0.0028900409,-4.5686785e-24,46.667,-6.6667,0.0
-1.2160617e-05,0.0499797,0.0030743156,2.2559377e-23,46.972,-6.6667,0.0
-3.4475197e-06,0.049317095,0.0032247491,5.6297355e-23,47.278,-6.6667,0.0
7.1012096e-07,0.049120486,0.0043146126,7.794935e-23,47.583,-6.6667,0.0
7.739127e-06,0.049035423,0.0044911476,-2.2935480999999998e-23,47.889,-6.6667,0.0
-5.526652e-06,0.048586696,0.0034117098,-2.4965163e-23,48.194,-6.6667,0.0
-4.109972e-06,0.048341464,0.0028570695,5.492393e-23,48.5,-6.6667,0.0
6.8021836e-07,0.048254892,0.0012933151,-1.6046781e-23,48.806,-6.6667,0.0
1.008553e-05,0.04789841,-0.00087760575,2.051109e-23,49.111,-6.6667,0.0
-2.0563592e-05,0.04770279,-0.0028352542,1.11465415e-23,49.417,-6.6667,0.0
8.656592e-06,0.047844846,-0.0049980683,-3.1335562e-23,49.722,-6.6667,0.0
7.600229e-06,0.04830487,-0.0068339854,1.7197042e-23,50.028,-6.6667,0.0
-1.5241645e-05,0.04863316,-0.009344265,5.929624e-23,50.333,-6.6667,0.0
2.4740439e-06,0.049336106,-0.011195333,-4.5736262e-24,50.639,-6.6667,0.0
-6.7933797e-06,0.04999081,-0.011984767,7.497253e-23,50.944,-6.6667,0.0
3.369758e-06,0.05053232,-0.011935769,3.0847415e-23,51.25,-6.6667,0.0
8.066073e-06,0.051456675,-0.011849515,6.512599000000001e-23,51.556,-6.6667,0.0
5.1790266e-06,0.052887082,-0.010140259,5.1695658e-23,51.861,-6.6667,0.0
1.217908e-05,0.053771198,-0.008964737,-8.9557296e-24,52.167,-6.6667,0.0
2.6339112e-06,0.054681882,-0.0068787634,3.8582745e-24,52.472,-6.6667,0.0
4.5308216e-06,0.055556335,-0.0050650584,-2.6283583000000002e-24,52.778,-6.6667,0.0
-6.5004424e-06,0.056271426,-0.0026704557,-6.590327000000001e-23,53.083,-6.6667,0.0
-1.0629413e-05,0.056647263,-0.0015228894,-4.6825925e-23,53.389,-6.6667,0.0
-1.1599299e-05,0.056923725,0.00017558015,1.7656802e-23,53.694,-6.6667,0.0
1.6915583e-06,0.057055175,0.0016182186,-7.480825e-24,54.0,-6.6667,0.0
1.2623036e-06,0.057195604,0.002395171,1.2782142e-22,54.306,-6.6667,0.0
1.1651185e-05,0.056820646,0.0040191803,-2.393341e-25,54.611,-6.6667,0.0
-2.5272473e-05,0.056984883,0.004224332,1.4842121e-23,54.917,-6.6667,0.0
-9.470183e-06,0.05651929,0.0039879438,-6.705949e-24,55.222,-6.6667,0.0
2.1924352e-05,0.05621121,0.004798021,-1.3448072e-23,55.528,-6.6667,0.0
3.109668e-06,0.055781193,0.0043993536,6.042985000000001e-23,55.833,-6.6667,0.0
-4.772546e-06,0.05544068,0.0050183283,-7.714257000000001e-23,56.139,-6.6667,0.0
1.0987507e-05,0.055130534,0.0040272493,1.0182682000000001e-22,56.444,-6.6667,0.0
1.21374e-05,0.054922275,0.0036874716,2.5001665e-23,56.75,-6.6667,0.0
-1.1712127e-05,0.054909237,0.003436315,1.7290612999999998e-23,57.056,-6.6667,0.0
6.389192e-06,0.054326557,0.003213867,7.190292000000001e-23,57.361,-6.6667,0.0
1.7055208e-06,0.053800337,0.0025752136,-4.8379363e-23,57.667,-6.6667,0.0
-6.752489e-06,0.053778708,0.0030069547,1.0312091e-23,57.972,-6.6667,0.0
-6.1162077e-06,0.053263575,0.0018679597,-6.140847e-23,58.278,-6.6667,0.0
3.092964e-06,0.052889142,0.0024630665,2.0809898e-24,58.583,-6.6667,0.0
-6.1611336e-06,0.0526208,0.0022909362,7.384586000000001e-23,58.889,-6.6667,0.0
-7.8562425e-07,0.05240448,0.0024004253,6.868063e-24,59.194,-6.6667,0.0
-4.1625353e-06,0.05179012,0.0026537345,2.8410983e-24,59.5,-6.6667,0.0
-6.5021923e-06,0.05147923,0.0023936625,-3.4676306e-24,59.806,-6.6667,0.0
-8.725277e-06,0.05126705,0.0018146746,-2.1948862e-23,60.111,-6.6667,0.0
9.012238e-06,0.050790276,0.0025301268,4.9389912e-23,60.417,-6.6667,0.0
8.584075e-07,0.050725512,0.0021936959,8.1132766e-25,60.722,-6.6667,0.0
2.394676e-06,0.050416313,0.002056737,-4.5216750000000005e-23,61.028,-6.6667,0.0
-5.9700105e-06,0.050331548,0.0025376743,5.3740487000000004e-24,61.333,-6.6667,0.0
-3.1268428e-07,0.050168052,0.0023873039,2.6984117e-23,61.639,-6.6667,0.0
8.944036e-06,0.049947932,0.0030972408,-9.435597e-24,61.944,-6.6667,0.0
-1.3410892e-05,0.050140776,0.003567467,-1.6936875e-23,62.25,-6.6667,0.0
9.219189e-06,0.049659334,0.0036415409,-3.9962557e-24,62.556,-6.6667,0.0
4.4342596e-06,0.04966819,0.0038331652,-5.2088447999999996e-23,62.861,-6.6667,0.0
-6.5808163e-06,0.049348224,0.0040455703,2.9022003000000002e-24,63.167,-6.6667,0.0
1.1891883e-05,0.04917068,0.003236853,-9.502138999999999e-24,63.472,-6.6667,0.0
9.969284e-06,0.049060028,0.0029461903,6.835529e-23,63.778,-6.6667,0.0
6.963573e-06,0.04916738,0.0021332088,-3.6537512999999996e-25,64.083,-6.6667,0.0
1.6057254e-05,0.048879486,7.1079936e-05,1.7686915e-23,64.389,-6.6667,0.0
1.7023453e-05,0.048851706,-0.00062954926,5.580137e-23,64.694,-6.6667,0.0
1.1588672e-06,0.048655562,-0.0012984367,-2.6222090000000002e-23,65.0,-6.6667,0.0
-0.00023693108,0.058112048,0.0044010463,1.4994668000000001e-24,10.306,-6.0,0.0
-0.00020783294,0.057399638,0.0042594336,-1.1544481e-23,10.611,-6.0,0.0
-0.00019587096,0.056686237,0.0045741536,3.6464458e-23,10.917,-6.0,0.0
-0.00020508814,0.056352317,0.0046909926,7.3142274e-23,11.222,-6.0,0.0
-0.00018513708,0.05595877,0.0047910567,4.316046e-23,11.528,-6.0,0.0
-0.00017393578,0.055548444,0.0046390947,6.933696e-24,11.833,-6.0,0.0
-0.00016401173,0.054710038,0.0042923237,-1.6708604e-23,12.139,-6.0,0.0
-0.0001542427,0.054262668,0.00476089,-1.4335231e-23,12.444,-6.0,0.0
-0.00012710475,0.053440385,0.0046279463,-6.088951e-23,12.75,-6.0,0.0
-0.00012695426,0.053136133,0.0039650993,-2.2423845e-23,13.056,-6.0,0.0
-0.00013267355,0.052642107,0.0044204127,-1.1772313e-23,13.361,-6.0,0.0
-0.00011584285,0.052049316,0.0039868704,-2.3776848e-23,13.667,-6.0,0.0
-9.196893e-05,0.05142858,0.0037832344,-3.9805543000000004e-24,13.972,-6.0,0.0
-9.844438e-05,0.051122908,0.0035747644,-4.3407292e-24,14.278,-6.0,0.0
-0.00010440978,0.050721902,0.0031060379,3.2304674e-24,14.583,-6.0,0.0
-9.433504e-05,0.05031109,0.0032866918,-1.9219378e-23,14.889,-6.0,0.0
-8.8696775e-05,0.050125405,0.0029281294,-9.940891e-24,15.194,-6.0,0.0
-9.972823e-05,0.05010096,0.0023228016,-4.210012e-24,15.5,-6.0,0.0
-8.3907275e-05,0.049861237,0.0021360111,1.1547889e-23,15.806,-6.0,0.0
-8.817791e-05,0.049596887,0.0012442726,5.457701e-23,16.111,-6.0,0.0
-8.569515e-05,0.0494631,0.001438813,3.2319316e-24,16.417,-6.0,0.0
-6.251388e-05,0.049296103,0.0012512826,1.819757e-24,16.722,-6.0,0.0
-7.812016e-05,0.049126714,0.0003550495,6.3071234e-23,17.028,-6.0,0.0
-5.9363316e-05,0.048855342,0.000328077,1.9092403e-23,17.333,-6.0,0.0
-8.260843e-05,0.049019225,-0.0006291461,-3.8076864e-23,17.639,-6.0,0.0
-6.0181308e-05,0.04919094,-0.0010039639,1.2564901e-23,17.944000000000003,-6.0,0.0
-4.917948e-05,0.049090534,-0.0017671147,6.030785e-24,18.25,-6.0,0.0
-5.7794758e-05,0.04955394,-0.002821179,-1.8111410000000003e-23,18.556,-6.0,0.0
-5.315379e-05,0.049952183,-0.0036846027,-5.5777639999999995e-24,18.861,-6.0,0.0
-6.4006876e-05,0.05061757,-0.005648002,-1.20141875e-23,19.167,-6.0,0.0
-3.8348066e-05,0.05165966,-0.0077683814,-1.0277772e-23,19.472,-6.0,0.0
-5.7352794e-05,0.053176604,-0.008673814,2.2218463e-23,19.778,-6.0,0.0
-3.756058e-05,0.054958586,-0.009596643,-2.2221947e-23,20.083,-6.0,0.0
-4.4812434e-05,0.05651188,-0.009612794,-2.6590545e-23,20.389,-6.0,0.0
-5.1189432e-05,0.0583601,-0.009006356,-7.777204e-23,20.694000000000003,-6.0,0.0
-3.898264e-05,0.059895948,-0.0070577734,-6.519813000000001e-23,21.0,-6.0,0.0
-5.026636e-05,0.06124479,-0.0044169077,5.402025e-24,21.306,-6.0,0.0
-4.0148952e-05,0.062049095,-0.0018960601,-5.4226273e-23,21.611,-6.0,0.0
-2.9727233e-05,0.06210328,-1.06636435e-05,6.534298e-23,21.917,-6.0,0.0
-4.0621526e-05,0.06258108,0.001872207,-5.2859058e-23,22.222,-6.0,0.0
-2.3133776e-05,0.06235623,0.0033448262,6.385507e-24,22.528,-6.0,0.0
-4.527431e-05,0.06165784,0.0039893896,-4.7660275e-23,22.833,-6.0,0.0
-3.0014355e-05,0.06111861,0.0029269278,1.2790674000000001e-24,23.139,-6.0,0.0
-3.5142075e-05,0.060420852,0.0029650964,-5.1977026e-23,23.444000000000003,-6.0,0.0
-3.2927477e-05,0.05916903,0.0028206916,-3.0291602e-23,23.75,-6.0,0.0
-2.2449136e-05,0.058937497,0.002886068,1.1364646e-24,24.056,-6.0,0.0
-2.4951154e-05,0.057539806,0.002305082,-3.5725907e-23,24.361,-6.0,0.0
-1.6548354e-05,0.057038467,0.003010027,7.970615e-23,24.667,-6.0,0.0
-2.288826e-05,0.056275982,0.0032809915,-7.877128000000001e-23,24.972,-6.0,0.0
-8.710449e-06,0.055646427,0.0032315417,2.7893465e-23,25.278,-6.0,0.0
-1.7514074e-05,0.05534508,0.0037078825,-1.01376326e-23,25.583,-6.0,0.0
-2.259691e-05,0.05507426,0.003621844,3.0729603e-23,25.889,-6.0,0.0
-3.0654995e-05,0.055019468,0.0030427058,-5.1556402e-23,26.194000000000003,-6.0,0.0
-2.7320057e-05,0.05448015,0.0028308495,-2.6247635999999998e-23,26.5,-6.0,0.0
-2.2954357e-05,0.053585395,0.0035642,6.065303000000001e-23,26.806,-6.0,0.0
-2.1962014e-05,0.054079875,0.0032569072,7.2459184e-23,27.111,-6.0,0.0
-4.192316e-06,0.053353757,0.003359755,1.9233868e-23,27.417,-6.0,0.0
-1.784592e-05,0.052998237,0.003841562,-1.9267693999999999e-23,27.722,-6.0,0.0
-5.6445715e-06,0.052487675,0.0038395254,1.8391137e-23,28.028,-6.0,0.0
-1.2493622e-05,0.051776808,0.004104195,-9.379872e-24,28.333,-6.0,0.0
1.9408908e-06,0.051492885,0.0042085196,2.0668585e-23,28.639,-6.0,0.0
-1.2628506e-05,0.050910316,0.004060381,6.136005e-23,28.944000000000003,-6.0,0.0
-4.814683e-07,0.050351698,0.0037150127,3.6893043e-23,29.25,-6.0,0.0
3.5730045e-06,0.050333202,0.0035409394,2.5954786000000002e-24,29.556,-6.0,0.0
-5.4113807e-06,0.050019257,0.0033555331,2.3831463e-23,29.861,-6.0,0.0
-1.2221084e-05,0.049932115,0.002667958,-1.02011554e-22,30.167,-6.0,0.0
-3.0102456e-07,0.04965785,0.0018584789,-2.2358161e-23,30.472,-6.0,0.0
-1.3147488e-05,0.04936693,0.0015896289,4.3468885999999997e-23,30.778,-6.0,0.0
-1.543099e-05,0.049097873,0.0016627377,2.709895e-24,31.083,-6.0,0.0
-1.7240896e-05,0.04878714,0.002315873,-6.1567426e-23,31.389,-6.0,0.0
-1.253244e-05,0.04827746,0.0026585201,-2.708764e-23,31.694000000000003,-6.0,0.0
-4.837915e-06,0.04831374,0.002752055,3.193882e-23,32.0,-6.0,0.0
-6.667324e-08,0.04773754,0.0031546769,7.7857264e-23,32.306,-6.0,0.0
-9.566345e-06,0.047679722,0.0027361887,-8.9708e-24,32.611,-6.0,0.0
-1.4932144e-05,0.04764036,0.001768467,-3.80236e-23,32.917,-6.0,0.0
-1.1378365e-05,0.04733498,0.0006153276,-2.676306e-23,33.222,-6.0,0.0
-2.4306664e-05,0.04694031,-0.0014301359,-1.6965546e-23,33.528,-6.0,0.0
-2.5745016e-05,0.047459997,-0.0031278809,3.462309e-23,33.833,-6.0,0.0
-2.1157006e-05,0.047409512,-0.0059788506,-7.1901705e-24,34.139,-6.0,0.0
-2.1496064e-05,0.04800456,-0.008148357,-1.434909e-23,34.444,-6.0,0.0
-2.4567786e-05,0.04873857,-0.010833917,1.5823261999999998e-23,34.75,-6.0,0.0
-8.316554e-06,0.04926181,-0.012647798,5.1322117e-23,35.056,-6.0,0.0
-1.5865115e-05,0.05018241,-0.013918934,-1.5054647e-23,35.361,-6.0,0.0
-2.184452e-05,0.05149375,-0.013584897,-4.9646993e-23,35.667,-6.0,0.0
-7.8742596e-07,0.052098036,-0.0133004,4.793447e-23,35.972,-6.0,0.0
-1.4938436e-05,0.053740665,-0.010877346,1.8771456e-23,36.278,-6.0,0.0
-1.589955e-05,0.054794833,-0.0089391265,2.1651493e-23,36.583,-6.0,0.0
-9.192136e-06,0.0560738,-0.0055761235,3.5382822e-23,36.889,-6.0,0.0
-2.7316716e-07,0.0574074,-0.0034890696,-2.0180727999999998e-23,37.194,-6.0,0.0
-6.9149246e-06,0.058460735,-0.00070778467,-3.096515e-23,37.5,-6.0,0.0
-2.664138e-05,0.058626994,0.0013090102,-2.93845e-23,37.806,-6.0,0.0
-6.596736e-06,0.059055105,0.0030354168,-4.8665836e-23,38.111,-6.0,0.0
-9.952171e-06,0.05895254,0.0036986005,7.511041000000001e-23,38.417,-6.0,0.0
-2.0440366e-05,0.058540307,0.004521382,-6.726471999999999e-24,38.722,-6.0,0.0
-2.3748544e-06,0.05840946,0.0047039613,4.4294400000000004e-23,39.028,-6.0,0.0
-8.3590385e-06,0.057979114,0.004267023,-7.494207e-24,39.333,-6.0,0.0
-8.675629e-06,0.05734521,0.0045690113,-4.7462214e-23,39.639,-6.0,0.0
-6.2283534e-06,0.056910165,0.0040418473,-5.605903000000001e-23,39.944,-6.0,0.0
-2.159243e-05,0.05617442,0.0037941276,-1.2479285000000001e-22,40.25,-6.0,0.0
-4.9997543e-06,0.055763938,0.0035397625,2.33314e-23,40.556,-6.0,0.0
-2.113094e-05,0.05547604,0.0043384656,-4.3889999999999997e-23,40.861,-6.0,0.0
-2.329598e-05,0.054594427,0.004015871,-3.259649e-23,41.167,-6.0,0.0
-1.658979e-05,0.054319803,0.0037329155,-1.22736675e-23,41.472,-6.0,0.0
1.8377332e-06,0.054285854,0.0033510923,-1.8256841e-23,41.778,-6.0,0.0
-4.399164e-06,0.053836416,0.0036525456,-6.0590374e-23,42.083,-6.0,0.0
-2.4255787e-05,0.053531915,0.0035737273,-1.4571687e-23,42.389,-6.0,0.0
-1.6782084e-05,0.053423993,0.0030765838,-4.8953400000000003e-23,42.694,-6.0,0.0
-1.7226806e-05,0.052739903,0.0032070363,-1.0189634e-23,43.0,-6.0,0.0
1.5418766e-05,0.052610423,0.0036960281,-4.9499520000000006e-23,43.306,-6.0,0.0
7.270317e-06,0.052343827,0.0034765275,-4.8923323e-23,43.611,-6.0,0.0
8.85798e-06,0.051913388,0.0031734277,-4.9662517e-24,43.917,-6.0,0.0
2.574794e-06,0.051748782,0.0029141847,4.8122383e-23,44.222,-6.0,0.0
-2.06619e-06,0.05102572,0.003548937,1.7975830000000002e-23,44.528,-6.0,0.0
3.0333067e-06,0.051015522,0.002807673,8.124495e-23,44.833,-6.0,0.0
-1.1589277e-05,0.050402563,0.002969238,-4.5766340000000003e-23,45.139,-6.0,0.0
-2.5169284e-06,0.050333,0.0021883324,6.524186e-23,45.444,-6.0,0.0
-8.7753615e-06,0.04981442,0.0027251597,2.5769372e-23,45.75,-6.0,0.0
-2.564051e-06,0.049685568,0.003050441,-3.0281152e-23,46.056,-6.0,0.0
3.817506e-06,0.04970073,0.0030962406,-1.3041120000000001e-23,46.361,-6.0,0.0
1.0550905e-05,0.049691908,0.002886325,-3.167293e-23,46.667,-6.0,0.0
-8.3050345e-06,0.049429588,0.0033275234,4.7551576e-23,46.972,-6.0,0.0
-1.5801244e-05,0.049402654,0.00414423,4.7751126e-23,47.278,-6.0,0.0
-2.0205607e-05,0.049012095,0.004511065,-6.735726e-23,47.583,-6.0,0.0
-1.4879506e-05,0.048931614,0.0049225753,7.521901e-23,47.889,-6.0,0.0
-2.2142258e-05,0.04849194,0.0037174276,-6.204299e-23,48.194,-6.0,0.0
-1.4631374e-05,0.04854153,0.003277425,-4.6217403999999997e-23,48.5,-6.0,0.0
-1.4815036e-05,0.04814556,0.0015882744,7.76224e-24,48.806,-6.0,0.0
-1.2480365e-05,0.04808392,-7.933518e-05,4.8809058e-23,49.111,-6.0,0.0
-2.1697193e-05,0.047827374,-0.0025990526,3.1111387e-23,49.417,-6.0,0.0
-2.1328686e-05,0.04777638,-0.004383317,-2.5829200000000004e-24,49.722,-6.0,0.0
-1.4030957e-06,0.047286853,-0.007013381,-2.9561117e-23,50.028,-6.0,0.0
6.192402e-06,0.047579832,-0.009068778,4.8027090000000004e-23,50.333,-6.0,0.0
-1.5147296e-05,0.04787758,-0.010778104,6.416324499999999e-23,50.639,-6.0,0.0
-1.0392974e-05,0.048060555,-0.0118991565,-1.3192001e-23,50.944,-6.0,0.0
6.7369365e-07,0.048653908,-0.01275951,7.102195000000001e-23,51.25,-6.0,0.0
-3.2518583e-06,0.04946387,-0.013522874,-2.66605e-23,51.556,-6.0,0.0
-5.114487e-06,0.050200146,-0.012809661,9.057365e-23,51.861,-6.0,0.0
3.7165992e-06,0.05127588,-0.010807373,4.8254508e-23,52.167,-6.0,0.0
-1.559084e-05,0.05186495,-0.009222963,-2.0649173e-23,52.472,-6.0,0.0
1.0198601e-05,0.052969676,-0.0076198084,-1.3599609e-23,52.778,-6.0,0.0
-1.5511489e-05,0.05415097,-0.00585524,-6.048137e-23,53.083,-6.0,0.0
-6.461836e-06,0.05469434,-0.0029486632,6.2196015e-23,53.389,-6.0,0.0
7.800856e-06,0.05554139,-0.0014422159,5.8037696e-24,53.694,-6.0,0.0
-2.9124267e-06,0.055806775,0.0006705895,4.038311e-23,54.0,-6.0,0.0
-6.2420713e-06,0.056114964,0.002335297,-8.679636e-23,54.306,-6.0,0.0
5.154092e-06,0.05625964,0.0035831404,4.4405384e-23,54.611,-6.0,0.0
5.145248e-06,0.056069836,0.0045159254,-2.3711707e-23,54.917,-6.0,0.0
4.390513e-06,0.05592993,0.0048245783,-6.294696000000001e-23,55.222,-6.0,0.0
-1.0388059e-05,0.056002926,0.0051469994,5.4788144e-23,55.528,-6.0,0.0
9.859275e-06,0.055683978,0.0055951616,7.037441000000001e-23,55.833,-6.0,0.0
-1.5691001e-05,0.05535806,0.004781869,1.6015112999999998e-23,56.139,-6.0,0.0
-6.718099e-06,0.05490605,0.004364961,3.2973830000000005e-23,56.444,-6.0,0.0
1.6749145e-06,0.054826703,0.004727345,-1.9241643e-24,56.75,-6.0,0.0
-8.061481e-06,0.054626156,0.004397192,3.8852346000000005e-24,57.056,-6.0,0.0
-4.560891e-06,0.05389243,0.004196255,7.477523000000001e-23,57.361,-6.0,0.0
-1.9313484e-06,0.05380533,0.0035587992,1.0169475e-22,57.667,-6.0,0.0
-1.2757437e-05,0.053726025,0.0031186368,-1.2325768999999999e-23,57.972,-6.0,0.0
1.1925167e-05,0.053351693,0.003299547,-5.3375465000000004e-24,58.278,-6.0,0.0
-6.232669e-06,0.052963145,0.0031118023,-3.1468507e-23,58.583,-6.0,0.0
-5.778009e-06,0.052855678,0.0031878124,-3.647506e-23,58.889,-6.0,0.0
-1.8523133e-07,0.052706614,0.0025692093,7.100503e-23,59.194,-6.0,0.0
-1.2856317e-05,0.0521022,0.0028293615,6.035783e-23,59.5,-6.0,0.0
5.5147557e-06,0.051959738,0.0029038736,-5.726611e-23,59.806,-6.0,0.0
-1.407212e-05,0.051541373,0.0031300483,5.1609552000000004e-24,60.111,-6.0,0.0
-1.0297386e-05,0.050927702,0.0023057987,2.3634399e-24,60.417,-6.0,0.0
-1.9491848e-05,0.05067861,0.0027526575,-4.1630752e-23,60.722,-6.0,0.0
-8.391737e-06,0.05051351,0.002690097,-1.2910308e-23,61.028,-6.0,0.0
-1.1148517e-05,0.05039549,0.003297025,6.693572e-23,61.333,-6.0,0.0
-6.460734e-06,0.050027747,0.0030068958,8.734147e-23,61.639,-6.0,0.0
-6.351535e-06,0.049796674,0.003258994,7.579527e-24,61.944,-6.0,0.0
-2.1338174e-06,0.049522523,0.004318733,-3.6085805e-23,62.25,-6.0,0.0
-7.290764e-07,0.049320802,0.0046040877,8.742659000000001e-23,62.556,-6.0,0.0
3.4486766e-07,0.049411535,0.0043222406,6.2822106e-23,62.861,-6.0,0.0
6.0785405e-06,0.0489731,0.0042990316,-1.4262201e-23,63.167,-6.0,0.0
4.889527e-06,0.049175687,0.0035925105,5.2966014e-25,63.472,-6.0,0.0
6.946364e-06,0.04893024,0.0027064255,-2.6965815e-23,63.778,-6.0,0.0
3.6932297e-06,0.04873681,0.002575749,-1.3016684600000001e-23,64.083,-6.0,0.0
-8.627396e-06,0.04893491,0.0012008878,4.34287e-23,64.389,-6.0,0.0
-2.4461679e-06,0.048456475,-3.3210963e-05,1.0725403e-23,64.694,-6.0,0.0
1.6124613e-05,0.048909407,-0.00086514105,1.5557549e-23,65.0,-6.0,0.0
-0.00022172375,0.057816803,0.0058061783,-9.342688e-24,10.306,-5.3333,0.0
-0.00019927316,0.057529576,0.005925039,-1.02400406e-22,10.611,-5.3333,0.0
-0.00019638862,0.056505673,0.0061870073,4.7052764e-23,10.917,-5.3333,0.0
-0.00017756877,0.056216154,0.0065257726,9.2124615e-23,11.222,-5.3333,0.0
-0.00018612405,0.055899605,0.0065236725,-5.848304000000001e-23,11.528,-5.3333,0.0
-0.000161434,0.054940946,0.006052847,2.5679152e-23,11.833,-5.3333,0.0
-0.00016632266,0.054261677,0.0060147545,5.2028217e-23,12.139,-5.3333,0.0
-0.00013875816,0.053652935,0.0057187914,2.3342709999999998e-24,12.444,-5.3333,0.0
-0.00013313995,0.05330101,0.0051759914,-3.6633740000000005e-23,12.75,-5.3333,0.0
-0.00011932679,0.052695237,0.0053362353,-5.62712e-23,13.056,-5.3333,0.0
-0.00011628969,0.051798835,0.0056532426,-2.8006834e-23,13.361,-5.3333,0.0
-9.8273355e-05,0.051036745,0.0052508386,8.1958836e-23,13.667,-5.3333,0.0
-8.0045014e-05,0.050629996,0.0048658787,-3.5145905e-23,13.972,-5.3333,0.0
-9.7322016e-05,0.050195433,0.0050868317,-5.8569174e-23,14.278,-5.3333,0.0
-9.6401935e-05,0.049991753,0.0043688053,-3.4757893e-23,14.583,-5.3333,0.0
-8.835889e-05,0.04979989,0.0034412164,1.02588533e-22,14.889,-5.3333,0.0
-0.000100879755,0.04892091,0.0032333909,-9.225129e-24,15.194,-5.3333,0.0
-9.61376e-05,0.049027175,0.0030929418,5.715114e-23,15.5,-5.3333,0.0
-6.910746e-05,0.04854131,0.0021206131,-6.225059e-25,15.806,-5.3333,0.0
-7.048361e-05,0.048385203,0.0016737573,4.8334126e-23,16.111,-5.3333,0.0
-7.171313e-05,0.048459873,0.0013627626,-2.5838577e-23,16.417,-5.3333,0.0
-7.326537e-05,0.048131224,0.0010936048,8.8124876e-23,16.722,-5.3333,0.0
-7.597162e-05,0.04825499,0.0009082691,-1.5794762000000001e-24,17.028,-5.3333,0.0
-7.1552415e-05,0.04767061,0.00016514352,-2.0098396e-23,17.333,-5.3333,0.0
-8.626256e-05,0.04738225,0.00037614023,-5.8118273e-23,17.639,-5.3333,0.0
-6.855908e-05,0.047035772,-0.00055364054,1.8111842e-23,17.944000000000003,-5.3333,0.0
-5.291094e-05,0.047278877,-0.0020283004,-1.944965e-24,18.25,-5.3333,0.0
-6.238149e-05,0.047342874,-0.0032294104,2.5138738e-23,18.556,-5.3333,0.0
-6.245866e-05,0.047666103,-0.0048028184,2.0487866e-23,18.861,-5.3333,0.0
-8.003186e-05,0.048066463,-0.007227473,4.7530523e-23,19.167,-5.3333,0.0
-4.1318235e-05,0.04922265,-0.010291061,1.1225857e-23,19.472,-5.3333,0.0
-5.3382097e-05,0.05027405,-0.012488697,-3.1913198e-23,19.778,-5.3333,0.0
-4.292487e-05,0.052033707,-0.014916123,1.340541e-23,20.083,-5.3333,0.0
-5.1486975e-05,0.05373509,-0.014905614,4.537427e-24,20.389,-5.3333,0.0
-4.0539773e-05,0.05560293,-0.0144055355,-4.2104018e-23,20.694000000000003,-5.3333,0.0
-4.726465e-05,0.05767965,-0.011430387,-1.2172439e-24,21.0,-5.3333,0.0
-5.1667914e-05,0.05964491,-0.0082481755,-3.1142613e-23,21.306,-5.3333,0.0
-3.29995e-05,0.061177857,-0.004100905,-2.3614179e-23,21.611,-5.3333,0.0
-2.4481298e-05,0.062219027,-0.0014238823,5.907667000000001e-23,21.917,-5.3333,0.0
-4.1763822e-05,0.06275314,0.0016826503,-4.1916282e-23,22.222,-5.3333,0.0
-4.0885046e-05,0.062867895,0.004270389,7.942479e-24,22.528,-5.3333,0.0
-4.3071053e-05,0.062648386,0.0054341354,-1.2970009e-24,22.833,-5.3333,0.0
-3.9920018e-05,0.062098615,0.006198766,5.772594e-23,23.139,-5.3333,0.0
-3.2850123e-05,0.061132938,0.006036453,-1.5543505e-23,23.444000000000003,-5.3333,0.0
-1.9065103e-05,0.06063184,0.0052733626,9.416288e-23,23.75,-5.3333,0.0
-3.1876123e-05,0.0595724,0.005054308,-1.0554479e-23,24.056,-5.3333,0.0
-3.789727e-05,0.058614653,0.00376514,-6.881126e-24,24.361,-5.3333,0.0
-3.3549568e-05,0.057639994,0.004459063,5.830553000000001e-23,24.667,-5.3333,0.0
-2.3813933e-05,0.05680793,0.0047778105,-2.3703894e-23,24.972,-5.3333,0.0
-2.7594662e-05,0.0559202,0.004342524,3.2482187e-23,25.278,-5.3333,0.0
-2.7604547e-05,0.055456944,0.004872927,3.009955e-23,25.583,-5.3333,0.0
-1.8821462e-05,0.054747768,0.004965903,-3.4361254e-23,25.889,-5.3333,0.0
-2.1023223e-05,0.054235153,0.004635104,-5.3962125e-24,26.194000000000003,-5.3333,0.0
-2.6288366e-05,0.05417571,0.0042697517,-2.0990060999999998e-23,26.5,-5.3333,0.0
-2.3849776e-05,0.053249445,0.004393168,-4.5800129999999996e-24,26.806,-5.3333,0.0
-3.5617035e-05,0.053022113,0.0042179297,-3.4696507e-23,27.111,-5.3333,0.0
-3.7057554e-05,0.052665945,0.0044105714,2.1430157e-23,27.417,-5.3333,0.0
-2.3765337e-05,0.052528735,0.004349761,3.5054303e-23,27.722,-5.3333,0.0
-2.2823493e-05,0.051990967,0.004272,-2.0362961e-23,28.028,-5.3333,0.0
-2.1235246e-05,0.0517757,0.004625269,-2.7846045e-23,28.333,-5.3333,0.0
-3.1578013e-05,0.05126726,0.0049636215,-6.33503e-23,28.639,-5.3333,0.0
-2.55709e-05,0.05071322,0.0052357856,-1.3554902e-24,28.944000000000003,-5.3333,0.0
-2.132015e-05,0.050390437,0.0045831697,-1.4974978e-23,29.25,-5.3333,0.0
-8.546987e-06,0.04978581,0.004092615,-1.4588348e-23,29.556,-5.3333,0.0
-1.42748395e-05,0.049536683,0.0036932395,3.2593562e-23,29.861,-5.3333,0.0
-1.1393073e-05,0.049054675,0.00294746,-5.5686966e-23,30.167,-5.3333,0.0
-7.2009025e-06,0.04892931,0.0026459028,5.1230470000000005e-23,30.472,-5.3333,0.0
-1.1385409e-05,0.048447892,0.0027759736,-8.3632755e-23,30.778,-5.3333,0.0
-2.3003093e-05,0.048211917,0.0022852141,1.6720317e-24,31.083,-5.3333,0.0
-1.0555663e-05,0.048307087,0.0023179292,2.8043210000000004e-23,31.389,-5.3333,0.0
2.890205e-06,0.047811355,0.0027670711,-1.1961378e-23,31.694000000000003,-5.3333,0.0
-3.1367174e-05,0.047655925,0.0031675673,-1.8801597e-23,32.0,-5.3333,0.0
-7.3923875e-06,0.047622196,0.0031679778,-7.995089000000001e-23,32.306,-5.3333,0.0
-1.8977977e-05,0.047559876,0.0020986577,4.0147845e-23,32.611,-5.3333,0.0
-2.7312257e-05,0.047052186,0.0022766907,-3.708459e-23,32.917,-5.3333,0.0
-2.344149e-05,0.046767894,0.0011839261,-7.4617e-23,33.222,-5.3333,0.0
-3.5609424e-05,0.046738185,-0.0010404112,7.7319274e-23,33.528,-5.3333,0.0
-1.0132901e-05,0.04669053,-0.0032112421,1.1713108e-23,33.833,-5.3333,0.0
-1.4481593e-05,0.046755087,-0.006082561,7.398818599999999e-23,34.139,-5.3333,0.0
-1.4586035e-05,0.04681731,-0.007893092,5.1047303e-23,34.444,-5.3333,0.0
-2.7345635e-05,0.046498124,-0.010462649,2.475395e-23,34.75,-5.3333,0.0
-1.8299172e-05,0.04696695,-0.012834081,9.2013746e-24,35.056,-5.3333,0.0
-2.6873004e-05,0.04778934,-0.014086883,6.565342e-23,35.361,-5.3333,0.0
-8.705985e-06,0.048054382,-0.014709193,1.3390390000000002e-23,35.667,-5.3333,0.0
-2.5726593e-05,0.048982054,-0.014854084,-6.3191873e-23,35.972,-5.3333,0.0
-4.0542654e-05,0.05019033,-0.013802416,-5.3944555e-23,36.278,-5.3333,0.0
-2.1429561e-05,0.05139234,-0.011882416,-2.136412e-24,36.583,-5.3333,0.0
-1.3505058e-05,0.052643206,-0.009895434,-8.498008000000001e-23,36.889,-5.3333,0.0
-3.7591344e-06,0.054055303,-0.0067270435,-5.929664000000001e-23,37.194,-5.3333,0.0
-2.3826393e-05,0.055206083,-0.0036942028,5.2293722e-23,37.5,-5.3333,0.0
-9.597137e-06,0.056295887,-0.0010048668,-1.0601155e-23,37.806,-5.3333,0.0
-1.32500245e-05,0.05674705,0.0014297226,5.980982e-23,38.111,-5.3333,0.0
7.5113785e-06,0.057270452,0.0036255615,5.5217335e-23,38.417,-5.3333,0.0
-1.1429047e-05,0.05755642,0.004284499,6.261627e-23,38.722,-5.3333,0.0
1.8905776e-06,0.057482205,0.005777715,2.7363174e-23,39.028,-5.3333,0.0
-1.4847072e-05,0.057031963,0.005396679,4.9867028e-23,39.333,-5.3333,0.0
-8.24569e-06,0.05694352,0.005392826,-4.8004218e-23,39.639,-5.3333,0.0
-2.180699e-06,0.056173034,0.0051881326,-4.7944972e-23,39.944,-5.3333,0.0
-1.8277045e-05,0.055875294,0.004725768,9.718009e-23,40.25,-5.3333,0.0
-1.0819938e-05,0.055126715,0.0053506447,-9.549369500000001e-24,40.556,-5.3333,0.0
-1.3705918e-05,0.054677237,0.004778714,8.089447e-24,40.861,-5.3333,0.0
3.2637763e-07,0.054567404,0.0052510495,2.1472011e-23,41.167,-5.3333,0.0
-1.4983678e-05,0.05364846,0.0046988307,2.5797140000000002e-23,41.472,-5.3333,0.0
-5.5106066e-06,0.053799853,0.0044908677,-3.6164565e-23,41.778,-5.3333,0.0
-5.2721884e-06,0.053528447,0.004318834,1.5470257e-24,42.083,-5.3333,0.0
-1.30266635e-05,0.052817874,0.004150682,2.5331750000000003e-23,42.389,-5.3333,0.0
-7.287732e-06,0.05265739,0.0043773525,2.9204970000000005e-23,42.694,-5.3333,0.0
-5.439935e-06,0.052329168,0.004089917,-2.4446206e-23,43.0,-5.3333,0.0
-9.902041e-06,0.052071292,0.003921716,6.762141e-24,43.306,-5.3333,0.0
-1.1579432e-05,0.05192133,0.003954936,3.571528e-23,43.611,-5.3333,0.0
-1.0191408e-05,0.051469315,0.0034506982,-3.715194e-24,43.917,-5.3333,0.0
-1.5652771e-05,0.05106296,0.0035071115,1.5305088e-23,44.222,-5.3333,0.0
-1.0848427e-05,0.05055408,0.0034356005,-4.3525836e-23,44.528,-5.3333,0.0
-1.580189e-05,0.050341077,0.0035164366,-3.6005732e-23,44.833,-5.3333,0.0
8.546907e-06,0.050014533,0.0038100723,-3.2742322e-23,45.139,-5.3333,0.0
9.862129e-06,0.0499141,0.0036313958,-2.1997229e-24,45.444,-5.3333,0.0
-2.665594e-05,0.049555123,0.0029614917,6.1911886e-23,45.75,-5.3333,0.0
-1.1531693e-06,0.049523123,0.0031488934,-2.2079068e-23,46.056,-5.3333,0.0
-3.8370054e-06,0.049245827,0.0034367274,1.9993888e-23,46.361,-5.3333,0.0
-1.355333e-05,0.04942273,0.003520078,-2.2822415e-23,46.667,-5.3333,0.0
-8.490782e-06,0.049404506,0.004563498,-7.653214e-23,46.972,-5.3333,0.0
-5.094171e-06,0.049018495,0.0044765924,4.2227712e-23,47.278,-5.3333,0.0
-2.3731809e-05,0.04884813,0.004305214,-7.2179624e-23,47.583,-5.3333,0.0
-2.3486482e-06,0.048864722,0.0042288136,-2.1206802999999998e-23,47.889,-5.3333,0.0
-1.5357455e-05,0.048670873,0.004009425,-2.6102183e-23,48.194,-5.3333,0.0
-8.879535e-06,0.048657868,0.0032214893,7.802781e-24,48.5,-5.3333,0.0
-4.7389985e-06,0.048016205,0.0018813033,5.668247e-23,48.806,-5.3333,0.0
-6.713788e-06,0.04791369,0.00023969356,-1.440205e-23,49.111,-5.3333,0.0
-2.143058e-05,0.047863424,-0.0019235539,-1.138378e-23,49.417,-5.3333,0.0
-9.210071e-06,0.04738538,-0.0037862086,-2.6004137e-24,49.722,-5.3333,0.0
-2.2521655e-05,0.046872206,-0.0062450925,-2.4875094e-23,50.028,-5.3333,0.0
-5.0838607e-06,0.046698112,-0.008882639,-9.243370000000001e-23,50.333,-5.3333,0.0
-1.1917999e-05,0.04684499,-0.010648785,2.4014434e-23,50.639,-5.3333,0.0
-6.980116e-06,0.04685116,-0.012135663,9.2332824e-23,50.944,-5.3333,0.0
-1.2030088e-05,0.047035195,-0.013117293,-3.737257e-24,51.25,-5.3333,0.0
-1.4031908e-05,0.047594722,-0.013458518,3.5044467e-23,51.556,-5.3333,0.0
-3.7804393e-06,0.04821112,-0.01290667,-2.4502651e-23,51.861,-5.3333,0.0
-4.575051e-06,0.048831806,-0.012248712,-7.011941000000001e-23,52.167,-5.3333,0.0
-6.281409e-06,0.04975024,-0.011561376,-3.3385894e-23,52.472,-5.3333,0.0
1.1918713e-05,0.05072811,-0.009762728,3.6307796e-23,52.778,-5.3333,0.0
7.0505994e-06,0.051593244,-0.008327947,-4.7585503e-23,53.083,-5.3333,0.0
-8.99065e-06,0.052465893,-0.0054529873,3.1323508e-23,53.389,-5.3333,0.0
3.6787314e-06,0.053037662,-0.0033300333,-4.8930883999999997e-23,53.694,-5.3333,0.0
-6.2551803e-06,0.053947963,-0.001207375,-2.369795e-23,54.0,-5.3333,0.0
-2.0584626e-05,0.05461558,0.0005537383,-2.5829931e-23,54.306,-5.3333,0.0
1.8329392e-06,0.054551397,0.0023547057,9.3998545e-23,54.611,-5.3333,0.0
-7.914182e-06,0.055019006,0.0037221955,1.3742108e-23,54.917,-5.3333,0.0
-8.938661e-06,0.054978047,0.0051048044,-5.1417676e-23,55.222,-5.3333,0.0
-1.5771343e-06,0.05499918,0.005313027,-1.3748647e-24,55.528,-5.3333,0.0
2.6827674e-06,0.05496723,0.0056504947,2.2036975e-23,55.833,-5.3333,0.0
-1.2533583e-06,0.054606542,0.0061273654,3.6477243999999997e-23,56.139,-5.3333,0.0
8.461404e-06,0.054553777,0.0053435043,2.8355574e-23,56.444,-5.3333,0.0
-1.3241282e-05,0.053949498,0.0055101886,-1.8458689e-23,56.75,-5.3333,0.0
-4.272515e-07,0.053814657,0.0048669646,-2.16212e-23,57.056,-5.3333,0.0
-6.931559e-06,0.053834267,0.005079218,-1.8539784e-23,57.361,-5.3333,0.0
-1.2089547e-05,0.053567544,0.0043619834,-5.1352384e-24,57.667,-5.3333,0.0
8.1607395e-06,0.05318003,0.0041567115,1.9385430000000003e-23,57.972,-5.3333,0.0
2.4938709e-07,0.053112492,0.004314711,-4.865598e-23,58.278,-5.3333,0.0
-1.0567223e-05,0.052720405,0.0040305196,3.4852235e-23,58.583,-5.3333,0.0
-9.858493e-06,0.05243364,0.003558803,1.2622815999999999e-23,58.889,-5.3333,0.0
-8.597542e-06,0.052193448,0.0034083948,-8.6031025e-24,59.194,-5.3333,0.0
-4.471007e-06,0.052105676,0.0031556657,-9.2292435e-24,59.5,-5.3333,0.0
1.3195895e-06,0.05170491,0.0035805514,7.984544599999999e-23,59.806,-5.3333,0.0
-2.1475935e-06,0.051479902,0.0035842592,-4.490499e-24,60.111,-5.3333,0.0
-8.740746e-06,0.051079713,0.0035229637,6.1387414e-23,60.417,-5.3333,0.0
-9.967058e-06,0.0506909,0.0036290032,-2.3497516e-23,60.722,-5.3333,0.0
-1.3524746e-05,0.05052446,0.0034312983,-6.549805e-24,61.028,-5.3333,0.0
-8.591071e-06,0.05032502,0.0030458467,-5.357999000000001e-23,61.333,-5.3333,0.0
-1.936435e-05,0.049812935,0.0032194296,2.9663644e-23,61.639,-5.3333,0.0
-9.043067e-06,0.04956767,0.0034233164,-4.2601745e-23,61.944,-5.3333,0.0
-3.0442316e-06,0.049336042,0.0037862135,5.549597299999999e-23,62.25,-5.3333,0.0
-9.25942e-07,0.049066223,0.0039043832,-3.9249754999999997e-23,62.556,-5.3333,0.0
-3.4292925e-06,0.048713733,0.004279263,-5.9927964000000004e-24,62.861,-5.3333,0.0
1.0185454e-05,0.04909675,0.0039384663,6.046032e-24,63.167,-5.3333,0.0
3.3951246e-06,0.04875627,0.004349052,2.1086441000000002e-24,63.472,-5.3333,0.0
-1.3833846e-06,0.048656546,0.0037321032,5.1353204e-23,63.778,-5.3333,0.0
1.29488035e-05,0.048750557,0.002689631,4.3326816e-23,64.083,-5.3333,0.0
1.9667787e-05,0.04854951,0.0017767157,-4.7165766e-23,64.389,-5.3333,0.0
-3.7627542e-06,0.048484497,0.00076785404,-2.1934126e-23,64.694,-5.3333,0.0
1.5840269e-06,0.048298866,-0.00020189187,-7.6478474e-23,65.0,-5.3333,0.0
-0.00022499947,0.058041163,0.0073196935,2.4470591e-23,10.306,-4.6667,0.0
-0.00021410655,0.05722805,0.0068819,-5.2499514000000005e-24,10.611,-4.6667,0.0
-0.00020315897,0.056139737,0.007460179,6.1372116000000005e-24,10.917,-4.6667,0.0
-0.00017130445,0.05598874,0.007868549,1.2086763e-22,11.222,-4.6667,0.0
-0.00016497386,0.05553031,0.0072202915,1.3274017e-23,11.528,-4.6667,0.0
-0.00015340628,0.05457396,0.0077636284,9.218540000000001e-24,11.833,-4.6667,0.0
-0.0001589975,0.054197818,0.006832234,-5.557519e-23,12.139,-4.6667,0.0
-0.00014544826,0.053514637,0.007393663,8.911690000000001e-23,12.444,-4.6667,0.0
-0.00012468056,0.05259572,0.0069357622,-2.2845411999999998e-23,12.75,-4.6667,0.0
-0.00011297576,0.05219198,0.0064448966,4.7917152999999996e-23,13.056,-4.6667,0.0
-0.000122988,0.051088676,0.0062530185,-8.157705e-24,13.361,-4.6667,0.0
-0.00011818283,0.049968734,0.005682776,2.112264e-23,13.667,-4.6667,0.0
-0.00010892915,0.049498126,0.00604799,-8.074985e-23,13.972,-4.6667,0.0
-8.9409245e-05,0.048858926,0.005371522,-3.8387865e-24,14.278,-4.6667,0.0
-0.00010985129,0.048099633,0.0058190017,4.5120811999999996e-23,14.583,-4.6667,0.0
-0.00010031214,0.04814045,0.005099738,2.5061947e-23,14.889,-4.6667,0.0
-9.2024784e-05,0.04781449,0.0043828352,-4.5416502e-23,15.194,-4.6667,0.0
-0.00010932288,0.04760156,0.0037857804,-4.6550870000000004e-23,15.5,-4.6667,0.0
-8.488272e-05,0.047270454,0.002535328,-7.408578e-24,15.806,-4.6667,0.0
-8.143384e-05,0.047322027,0.0025102685,1.2203893e-23,16.111,-4.6667,0.0
-7.236562e-05,0.047059625,0.0013044693,3.0503358e-23,16.417,-4.6667,0.0
-7.6743425e-05,0.047061846,0.0006542492,2.5008077e-23,16.722,-4.6667,0.0
-8.469906e-05,0.0466954,0.00015069963,1.8801799e-23,17.028,-4.6667,0.0
-8.79164e-05,0.046275467,0.00027182046,-4.6245980000000007e-23,17.333,-4.6667,0.0
-7.189484e-05,0.04592162,-0.00012045493,-2.2544457999999999e-23,17.639,-4.6667,0.0
-7.781707e-05,0.045389026,-0.0009295121,-3.3803535e-23,17.944000000000003,-4.6667,0.0
-7.412848e-05,0.04523148,-0.0012338748,1.3813674e-23,18.25,-4.6667,0.0
-8.700644e-05,0.04473451,-0.0022478206,8.1996904e-23,18.556,-4.6667,0.0
-8.363715e-05,0.044891655,-0.0048025493,-1.3918384e-23,18.861,-4.6667,0.0
-7.823213e-05,0.04497715,-0.007130472,5.7652515000000004e-24,19.167,-4.6667,0.0
-6.008759e-05,0.045610525,-0.010861943,4.0116745e-23,19.472,-4.6667,0.0
-6.710611e-05,0.046319462,-0.013904484,-4.0398716e-23,19.778,-4.6667,0.0
-4.5967805e-05,0.047322214,-0.016703531,-7.688074e-24,20.083,-4.6667,0.0
-4.841081e-05,0.04911644,-0.018917516,5.9429474e-23,20.389,-4.6667,0.0
-4.321147e-05,0.05073396,-0.018592756,1.4676145e-23,20.694000000000003,-4.6667,0.0
-4.5510234e-05,0.052620117,-0.0169354,8.2087225e-24,21.0,-4.6667,0.0
-4.1730957e-05,0.054530676,-0.013458857,-1.3247461e-23,21.306,-4.6667,0.0
-3.723833e-05,0.05690606,-0.009548109,-1.2347566400000001e-23,21.611,-4.6667,0.0
-5.0500188e-05,0.05878514,-0.0048146136,1.2782879e-23,21.917,-4.6667,0.0
-6.538685e-05,0.059621904,-0.00060278806,-4.5561728e-23,22.222,-4.6667,0.0
-4.856343e-05,0.061037302,0.0032079457,1.9086774e-23,22.528,-4.6667,0.0
-4.8322785e-05,0.06116239,0.005536827,5.738461399999999e-23,22.833,-4.6667,0.0
-2.9932971e-05,0.060983136,0.007130682,-4.030924e-23,23.139,-4.6667,0.0
-3.7737358e-05,0.060982786,0.008031942,-2.3392137e-23,23.444000000000003,-4.6667,0.0
-4.4973258e-05,0.060645245,0.007803679,9.589671e-24,23.75,-4.6667,0.0
-5.0420193e-05,0.059601452,0.007604343,-6.310122e-24,24.056,-4.6667,0.0
-3.038672e-05,0.05853419,0.0067669335,6.045189e-23,24.361,-4.6667,0.0
-3.851329e-05,0.05778593,0.0063847285,-2.4644494e-23,24.667,-4.6667,0.0
-1.998909e-05,0.057103254,0.0059592356,-6.286391000000001e-23,24.972,-4.6667,0.0
-1.8704694e-05,0.05578822,0.005423111,-6.842996e-23,25.278,-4.6667,0.0
-7.565024e-06,0.05508943,0.0051656486,3.4316207e-24,25.583,-4.6667,0.0
-2.9866342e-05,0.05440201,0.0055896593,-4.637664e-23,25.889,-4.6667,0.0
-1.1440869e-05,0.053824585,0.0060215527,-2.6412729e-23,26.194000000000003,-4.6667,0.0
-2.907457e-05,0.053200115,0.0061858185,-3.2088438e-23,26.5,-4.6667,0.0
-3.7334117e-05,0.052386783,0.0053615975,-3.9046520000000005e-23,26.806,-4.6667,0.0
-3.7777132e-05,0.052436586,0.0061257994,-1.3745744e-23,27.111,-4.6667,0.0
-3.206586e-05,0.051951498,0.005753231,-5.919375000000001e-23,27.417,-4.6667,0.0
-1.8123861e-05,0.051833708,0.0053036474,-5.8230557e-25,27.722,-4.6667,0.0
-2.3618504e-05,0.051469788,0.0056381216,2.1246485e-24,28.028,-4.6667,0.0
-1.431411e-05,0.051115014,0.004613704,-7.3254255e-24,28.333,-4.6667,0.0
-1.8361261e-05,0.050641656,0.0056494633,6.089249000000001e-25,28.639,-4.6667,0.0
-2.4266737e-05,0.050515037,0.005638407,7.631584000000001e-23,28.944000000000003,-4.6667,0.0
-8.949559e-06,0.050005667,0.004691601,-3.0353506e-24,29.25,-4.6667,0.0
-2.1143038e-05,0.04950746,0.0055445475,-2.7052552e-23,29.556,-4.6667,0.0
4.1471203e-06,0.048907418,0.0040304214,1.7137038e-23,29.861,-4.6667,0.0
-2.5061792e-05,0.048619084,0.003913124,-2.5118543e-23,30.167,-4.6667,0.0
-6.045225e-06,0.048076276,0.0033458816,1.3262961e-24,30.472,-4.6667,0.0
-1.41926575e-05,0.047710873,0.0033517587,-7.457752e-24,30.778,-4.6667,0.0
-1.3693997e-05,0.047676943,0.0025632565,-3.3030127e-24,31.083,-4.6667,0.0
-1.9205443e-05,0.047411542,0.003025859,-8.1549285e-23,31.389,-4.6667,0.0
-2.9562752e-05,0.047294337,0.0034509585,7.204276599999999e-23,31.694000000000003,-4.6667,0.0
-1.633609e-05,0.047065035,0.0027049356,3.5022117e-23,32.0,-4.6667,0.0
-8.944775e-06,0.046973765,0.0034354553,-1.7940382e-23,32.306,-4.6667,0.0
-3.0469118e-05,0.046593484,0.0025967888,-1.1980033e-23,32.611,-4.6667,0.0
-1.0970391e-05,0.046461016,0.0021707783,-6.4398313e-24,32.917,-4.6667,0.0
-2.2868757e-05,0.04618895,0.00095037324,4.2243782e-23,33.222,-4.6667,0.0
-1.0811526e-05,0.046253785,-0.00060868775,2.3239546e-23,33.528,-4.6667,0.0
-1.0810432e-05,0.04618078,-0.0031719762,2.6034682e-24,33.833,-4.6667,0.0
-2.8534465e-05,0.045964386,-0.005424544,-1.6740360000000002e-23,34.139,-4.6667,0.0
-2.9473777e-05,0.045873605,-0.007666789,-2.2299999999999998e-23,34.444,-4.6667,0.0
-1.7981187e-05,0.04564842,-0.010337815,-2.551214e-24,34.75,-4.6667,0.0
-3.4409983e-05,0.045920953,-0.011837211,-2.857183e-23,35.056,-4.6667,0.0
-3.5762554e-05,0.045900922,-0.0131877065,-4.2600256e-24,35.361,-4.6667,0.0
-2.1179152e-05,0.045935437,-0.015064161,-3.0766180000000004e-23,35.667,-4.6667,0.0
-2.5019213e-05,0.046519935,-0.015713362,-2.3336550000000001e-23,35.972,-4.6667,0.0
-2.175858e-05,0.04697962,-0.015369959,-4.390108e-23,36.278,-4.6667,0.0
-1.3287621e-05,0.04837136,-0.015124139,2.8607757e-24,36.583,-4.6667,0.0
-2.4810657e-05,0.049355213,-0.013218092,-2.959695e-23,36.889,-4.6667,0.0
-2.218568e-05,0.0505272,-0.010460751,-6.3385895e-23,37.194,-4.6667,0.0
-1.821792e-05,0.05183971,-0.007606735,-4.4736668e-23,37.5,-4.6667,0.0
-1.7917162e-05,0.053199016,-0.0053296047,9.0193534e-23,37.806,-4.6667,0.0
-3.2632615e-06,0.054275777,-0.0014155479,-4.0479847999999997e-23,38.111,-4.6667,0.0
-1.5587411e-05,0.05486551,0.0009847186,3.0157487e-23,38.417,-4.6667,0.0
-3.1678246e-05,0.055786144,0.0038296413,-9.579735000000001e-23,38.722,-4.6667,0.0
-1.9560102e-06,0.05623827,0.0057815406,-6.2234366e-23,39.028,-4.6667,0.0
-6.3333027e-06,0.05577887,0.0062392503,-1.0260190000000001e-23,39.333,-4.6667,0.0
-1.8872366e-05,0.056047663,0.006774048,-1.6490601e-23,39.639,-4.6667,0.0
-2.0734726e-05,0.05586215,0.0070260605,-2.7432316e-23,39.944,-4.6667,0.0
-2.5110354e-05,0.055257447,0.0065410296,4.8316708e-23,40.25,-4.6667,0.0
1.2581731e-06,0.05490508,0.0064020604,-9.878104e-24,40.556,-4.6667,0.0
-1.9803916e-05,0.0546591,0.005507707,8.725231e-24,40.861,-4.6667,0.0
9.3016706e-07,0.05404289,0.005808788,4.0986385e-23,41.167,-4.6667,0.0
-1.3602725e-05,0.05367163,0.0060403077,-2.5464178e-24,41.472,-4.6667,0.0
-1.0107713e-05,0.05289448,0.0058416124,-9.672457000000001e-23,41.778,-4.6667,0.0
-3.2994783e-06,0.05279821,0.0052658813,2.921107e-23,42.083,-4.6667,0.0
3.5355697e-08,0.052325778,0.0050965557,4.0993744e-23,42.389,-4.6667,0.0
-1.3171442e-05,0.052084047,0.005234356,5.37057e-23,42.694,-4.6667,0.0
-7.5042044e-07,0.051716886,0.004983752,1.5854741e-23,43.0,-4.6667,0.0
-8.258861e-06,0.051786594,0.004766529,7.9832825e-23,43.306,-4.6667,0.0
-4.4763055e-06,0.05120883,0.0048269555,-2.4255768999999998e-23,43.611,-4.6667,0.0
-1.4896414e-05,0.050938047,0.0042004413,2.405266e-23,43.917,-4.6667,0.0
1.3411809e-06,0.05056358,0.004196332,5.1303575e-23,44.222,-4.6667,0.0
4.6094906e-06,0.050532006,0.003819123,-1.1494297e-23,44.528,-4.6667,0.0
-4.1821404e-06,0.050331935,0.0043535465,4.4348950000000006e-23,44.833,-4.6667,0.0
-2.9638868e-06,0.049758665,0.0037744269,3.5410110000000005e-23,45.139,-4.6667,0.0
-2.4869323e-05,0.049179483,0.0039116563,2.8846410000000004e-23,45.444,-4.6667,0.0
-1.7922352e-05,0.049233384,0.004437556,-4.5042973e-23,45.75,-4.6667,0.0
-9.426185e-06,0.048852984,0.0039652004,4.1451573e-23,46.056,-4.6667,0.0
8.001383e-06,0.048811957,0.0043180957,-2.2060236e-23,46.361,-4.6667,0.0
-4.336125e-06,0.048626572,0.0036839414,2.9774463e-23,46.667,-4.6667,0.0
-6.494006e-06,0.048524775,0.0044830916,-1.0131246e-23,46.972,-4.6667,0.0
-1.3646061e-05,0.048550233,0.0047335336,-6.3136135e-24,47.278,-4.6667,0.0
-1.5588706e-05,0.048298903,0.0041225357,-4.747302e-24,47.583,-4.6667,0.0
-1.7780476e-05,0.047950953,0.004002659,4.3800965e-23,47.889,-4.6667,0.0
3.083218e-06,0.04838924,0.0035426833,-2.7213202e-23,48.194,-4.6667,0.0
-1.9087862e-05,0.04809577,0.0027434826,-1.00444384e-22,48.5,-4.6667,0.0
-2.127522e-05,0.048098058,0.0022158902,-4.3956945e-23,48.806,-4.6667,0.0
5.768623e-06,0.04782463,0.00015420979,-9.887141e-25,49.111,-4.6667,0.0
-1.3686284e-05,0.047841217,-0.0020778896,7.317979e-24,49.417,-4.6667,0.0
-1.5972584e-05,0.04751713,-0.003947596,-3.9817407e-23,49.722,-4.6667,0.0
-9.338939e-06,0.047201753,-0.006046109,-3.2471938e-23,50.028,-4.6667,0.0
-4.2653337e-06,0.046860028,-0.0081991665,2.6653097999999997e-23,50.333,-4.6667,0.0
-2.235913e-05,0.04666622,-0.0102479905,-6.3283457e-23,50.639,-4.6667,0.0
-2.3534914e-05,0.046227224,-0.010910789,1.6894447e-23,50.944,-4.6667,0.0
-5.4412985e-06,0.046427228,-0.012795908,-3.304411e-23,51.25,-4.6667,0.0
-1.4953377e-05,0.046224676,-0.013420821,-2.5705253e-23,51.556,-4.6667,0.0
-2.6357488e-05,0.046762034,-0.014250207,2.4863785e-23,51.861,-4.6667,0.0
-2.9997937e-06,0.04730641,-0.013189393,5.303568699999999e-23,52.167,-4.6667,0.0
1.0163658e-06,0.04786901,-0.013060059,3.008978e-23,52.472,-4.6667,0.0
-6.97665e-06,0.0481759,-0.011844084,2.2561056e-23,52.778,-4.6667,0.0
2.3742068e-06,0.049108807,-0.010210537,1.0842078000000002e-22,53.083,-4.6667,0.0
-3.167821e-06,0.05042687,-0.008538668,-2.0911756e-24,53.389,-4.6667,0.0
1.1772706e-05,0.05096911,-0.006281756,9.813581e-23,53.694,-4.6667,0.0
5.0711415e-06,0.051831022,-0.003922184,-9.215546000000001e-23,54.0,-4.6667,0.0
9.972426e-06,0.052553155,-0.0012495434,3.054212e-23,54.306,-4.6667,0.0
-3.2360222e-06,0.05300033,0.0012739468,1.0075103999999999e-23,54.611,-4.6667,0.0
-1.0877051e-05,0.05327645,0.0031156698,-1.5015024e-23,54.917,-4.6667,0.0
-5.28321e-06,0.053241264,0.0039731185,5.331238000000001e-23,55.222,-4.6667,0.0
-5.6078916e-06,0.053417187,0.0057566464,9.277431e-24,55.528,-4.6667,0.0
-1.4131478e-05,0.053823784,0.0062102955,-6.5150034000000004e-24,55.833,-4.6667,0.0
-7.929786e-06,0.05363611,0.0061154775,-4.0379176999999996e-23,56.139,-4.6667,0.0
-8.587678e-06,0.053541623,0.0060709594,-2.660831e-23,56.444,-4.6667,0.0
5.7250927e-06,0.0534873,0.0056860996,-2.2216948e-23,56.75,-4.6667,0.0
7.507693e-06,0.05301761,0.0056787995,-5.927034e-24,57.056,-4.6667,0.0
-9.3156e-06,0.05260037,0.005422816,2.9624718e-23,57.361,-4.6667,0.0
-1.9926603e-05,0.05229208,0.0050288807,2.4119858e-23,57.667,-4.6667,0.0
-4.892263e-06,0.052303042,0.0050621396,2.0300407999999998e-23,57.972,-4.6667,0.0
1.4008401e-07,0.052034788,0.004122284,2.3583255999999998e-23,58.278,-4.6667,0.0
2.4881992e-06,0.05185847,0.004231086,-7.533036000000001e-23,58.583,-4.6667,0.0
-1.798079e-05,0.05139132,0.004178532,4.4304448000000005e-24,58.889,-4.6667,0.0
-1.0879167e-05,0.051434025,0.0044426084,-2.3245598e-23,59.194,-4.6667,0.0
9.01858e-06,0.051269464,0.0039844457,3.8203385e-23,59.5,-4.6667,0.0
-1.5716236e-05,0.05107645,0.0037261765,3.0550904e-23,59.806,-4.6667,0.0
-2.1782313e-05,0.05064486,0.0036110575,-3.9040584e-23,60.111,-4.6667,0.0
3.2327953e-06,0.05050221,0.0031453548,-6.7154984e-23,60.417,-4.6667,0.0
1.947261e-06,0.05014106,0.0033320715,1.26547426e-23,60.722,-4.6667,0.0
-5.179245e-06,0.05014208,0.003910614,8.098004e-24,61.028,-4.6667,0.0
-4.2619868e-06,0.049855355,0.0040853955,-7.306013e-24,61.333,-4.6667,0.0
-3.7943537e-06,0.04954407,0.0039012525,-1.5184550000000003e-23,61.639,-4.6667,0.0
-7.4534782e-06,0.04937224,0.0035864678,1.7526697e-23,61.944,-4.6667,0.0
-1.6434678e-06,0.04906135,0.004176483,-5.344665e-24,62.25,-4.6667,0.0
-1.9272615e-05,0.04844808,0.0036183025,8.850098e-24,62.556,-4.6667,0.0
-2.6531525e-06,0.04844702,0.003948026,-2.5908462e-23,62.861,-4.6667,0.0
-8.954477e-06,0.048227184,0.0032083974,6.222212e-23,63.167,-4.6667,0.0
1.2604383e-05,0.04830679,0.0033991921,-5.0786234e-25,63.472,-4.6667,0.0
-2.9200964e-06,0.04818794,0.0032883086,1.5605183e-23,63.778,-4.6667,0.0
-1.8807295e-06,0.04779613,0.002644054,-2.4157445e-23,64.083,-4.6667,0.0
-9.501851e-06,0.04810533,0.0017374362,-6.969552000000001e-23,64.389,-4.6667,0.0
-1.1667368e-05,0.04798685,0.00020263018,4.488833e-23,64.694,-4.6667,0.0
1.6907126e-05,0.048073392,-0.0003865055,-6.3566027e-23,65.0,-4.6667,0.0
-0.0002195869,0.057915904,0.008638176,-5.2348355e-23,10.306,-4.0,0.0
-0.00021063029,0.056967072,0.008515466,-6.133882e-23,10.611,-4.0,0.0
-0.00021027595,0.055521235,0.009230801,-1.1049303e-23,10.917,-4.0,0.0
-0.00017736318,0.054746173,0.009230948,-8.5368735e-23,11.222,-4.0,0.0
-0.00017863474,0.054208912,0.009601449,5.809233000000001e-23,11.528,-4.0,0.0
-0.0001611803,0.053507887,0.0096087,4.7600119999999996e-24,11.833,-4.0,0.0
-0.00017266066,0.053394884,0.009985735,2.2319437e-23,12.139,-4.0,0.0
-0.0001394312,0.053239178,0.009184696,-5.45296e-23,12.444,-4.0,0.0
-0.00012649398,0.052656278,0.008821227,2.799488e-23,12.75,-4.0,0.0
-0.00013844801,0.052073322,0.0077933716,-3.5976450000000004e-23,13.056,-4.0,0.0
-0.0001126477,0.05135139,0.007921837,3.3385830000000003e-23,13.361,-4.0,0.0
-0.00011353423,0.050261855,0.0066991593,-9.2652155e-24,13.667,-4.0,0.0
-0.000115115465,0.048954256,0.0072567225,2.1101436e-23,13.972,-4.0,0.0
-0.000103813436,0.04744554,0.006436358,1.2857549e-23,14.278,-4.0,0.0
-9.719277e-05,0.046862803,0.0065122494,-1.7925444e-24,14.583,-4.0,0.0
-9.8577206e-05,0.046470977,0.0061019687,1.3522717e-23,14.889,-4.0,0.0
-9.701897e-05,0.04606116,0.0060723214,-8.2459163e-23,15.194,-4.0,0.0
-8.042798e-05,0.04566825,0.0049913432,-4.6124255e-24,15.5,-4.0,0.0
-8.089769e-05,0.04569856,0.0046287626,1.1951836e-23,15.806,-4.0,0.0
-7.137588e-05,0.045126,0.003289258,3.1769562e-23,16.111,-4.0,0.0
-0.00010864017,0.044949412,0.002617966,-2.5280304e-23,16.417,-4.0,0.0
-7.857578e-05,0.044588402,0.0011497834,1.7798772e-23,16.722,-4.0,0.0
-9.42692e-05,0.044023044,-6.490527e-05,3.6802772e-23,17.028,-4.0,0.0
-9.682901e-05,0.043776255,0.00028955314,-1.4822507e-23,17.333,-4.0,0.0
-7.985421e-05,0.043683182,0.0006473181,-1.4427476999999999e-23,17.639,-4.0,0.0
-8.80836e-05,0.043495327,-0.00085295737,-3.6906826e-24,17.944000000000003,-4.0,0.0
-8.948294e-05,0.04313882,-0.0008742106,2.3697583999999998e-23,18.25,-4.0,0.0
-8.2713064e-05,0.042829096,-0.0027998006,2.2934269e-23,18.556,-4.0,0.0
-6.9954825e-05,0.042673472,-0.004057481,-2.2975870000000002e-23,18.861,-4.0,0.0
-8.271253e-05,0.042670757,-0.0069170017,-1.4974057e-23,19.167,-4.0,0.0
-7.3437404e-05,0.04286974,-0.010815426,8.6092796e-23,19.472,-4.0,0.0
-6.793115e-05,0.043780833,-0.014073764,2.9547612e-23,19.778,-4.0,0.0
-7.227662e-05,0.044391304,-0.01751373,-1.1617572e-23,20.083,-4.0,0.0
-6.0106104e-05,0.045085397,-0.019975163,-2.7776335e-23,20.389,-4.0,0.0
-6.208378e-05,0.046137445,-0.02074571,5.1469841999999996e-23,20.694000000000003,-4.0,0.0
-6.7351095e-05,0.047400367,-0.020281268,-4.9315393e-23,21.0,-4.0,0.0
-5.8723857e-05,0.04909236,-0.018026097,1.7193924e-23,21.306,-4.0,0.0
-4.807391e-05,0.050870676,-0.014464767,3.3905696e-23,21.611,-4.0,0.0
-6.136084e-05,0.052799787,-0.010494122,9.917105e-24,21.917,-4.0,0.0
-5.408044e-05,0.054744355,-0.0054226066,1.8362144999999998e-23,22.222,-4.0,0.0
-4.4584944e-05,0.056247033,-0.0014247738,2.0077570000000002e-23,22.528,-4.0,0.0
-4.05551e-05,0.057691187,0.0032713106,5.33581e-23,22.833,-4.0,0.0
-4.5503264e-05,0.058585715,0.0061127506,9.904222000000001e-23,23.139,-4.0,0.0
-3.2701664e-05,0.05865158,0.008271839,-2.7606547e-23,23.444000000000003,-4.0,0.0
-4.7088724e-05,0.058723487,0.009576917,6.9381793e-23,23.75,-4.0,0.0
-4.3953416e-05,0.058540527,0.009540834,1.4845023999999998e-23,24.056,-4.0,0.0
-4.1372266e-05,0.05809028,0.009599021,4.807803e-23,24.361,-4.0,0.0
-4.1964326e-05,0.05712106,0.008434126,4.8994497e-23,24.667,-4.0,0.0
-4.6012603e-05,0.056766167,0.007384712,-4.2557997999999996e-23,24.972,-4.0,0.0
-2.869781e-05,0.055519164,0.0072615673,-5.395695e-23,25.278,-4.0,0.0
-4.586707e-05,0.054511987,0.006776938,-2.308573e-23,25.583,-4.0,0.0
-3.7531434e-05,0.053581115,0.006016577,1.614022e-24,25.889,-4.0,0.0
-2.589287e-05,0.052660458,0.006221722,-8.335773000000001e-23,26.194000000000003,-4.0,0.0
-1.9564717e-05,0.052140404,0.006035329,5.953287e-24,26.5,-4.0,0.0
-3.8339243e-05,0.051740892,0.0066864276,3.8623286e-23,26.806,-4.0,0.0
-3.4100354e-05,0.051080935,0.0070249937,-3.8894452e-23,27.111,-4.0,0.0
-2.8086866e-05,0.051063485,0.0065428885,3.9227465e-24,27.417,-4.0,0.0
-1.16876145e-05,0.05111718,0.006640061,5.0235420000000004e-23,27.722,-4.0,0.0
-2.1499589e-05,0.05052038,0.0066573983,-2.9287897e-23,28.028,-4.0,0.0
-1.951563e-05,0.05046715,0.00657926,-1.3252863e-24,28.333,-4.0,0.0
-2.6781407e-05,0.050343394,0.0054786755,-2.9026358e-23,28.639,-4.0,0.0
-2.4990306e-05,0.04998906,0.0062869396,-3.2713670000000003e-23,28.944000000000003,-4.0,0.0
-3.456673e-05,0.049305454,0.0060105836,7.3319535e-23,29.25,-4.0,0.0
-2.221303e-05,0.048777178,0.0051787696,-2.7370217e-23,29.556,-4.0,0.0
-8.645395e-06,0.04842729,0.0050834715,1.6071861e-23,29.861,-4.0,0.0
-1.4462541e-05,0.047752157,0.005408396,6.6580163e-23,30.167,-4.0,0.0
-2.5472418e-05,0.04680418,0.0042911973,-2.1432783e-23,30.472,-4.0,0.0
-2.3891716e-05,0.046514295,0.004149298,3.8022482999999997e-23,30.778,-4.0,0.0
-9.701922e-06,0.04622593,0.0037268312,4.2015970000000003e-23,31.083,-4.0,0.0
-7.748749e-06,0.046153307,0.0038080849,-8.039252499999999e-23,31.389,-4.0,0.0
-8.647643e-06,0.045992196,0.0038061049,-3.1640970000000005e-23,31.694000000000003,-4.0,0.0
-2.2097047e-05,0.045897715,0.0038458712,3.4463452e-23,32.0,-4.0,0.0
-1.4837849e-05,0.04565262,0.0034155296,3.7968470000000005e-23,32.306,-4.0,0.0
-1.8107963e-05,0.045984395,0.0029222816,1.5624747e-24,32.611,-4.0,0.0
-2.775557e-05,0.04574255,0.001648762,2.2483318e-23,32.917,-4.0,0.0
-2.2846478e-05,0.045974016,-7.3972624e-05,3.459896e-23,33.222,-4.0,0.0
-3.2812848e-05,0.045748018,-0.0015225727,5.472593000000001e-23,33.528,-4.0,0.0
-2.8905364e-05,0.04558699,-0.0032182424,-1.4917801e-23,33.833,-4.0,0.0
-1.3627156e-05,0.045914777,-0.005430886,-6.924230000000001e-24,34.139,-4.0,0.0
-3.250251e-05,0.04534923,-0.00727323,1.1992200000000001e-24,34.444,-4.0,0.0
-2.7303573e-05,0.045332417,-0.01002943,-8.810559e-23,34.75,-4.0,0.0
-4.287322e-05,0.044983953,-0.010725271,-1.1956354500000001e-23,35.056,-4.0,0.0
-2.0926756e-05,0.044944257,-0.013267404,-2.3400972e-23,35.361,-4.0,0.0
-3.4280216e-05,0.044666216,-0.014165838,-2.7158525e-24,35.667,-4.0,0.0
-2.9043835e-05,0.045067683,-0.015186456,-6.154892e-23,35.972,-4.0,0.0
-1.5623702e-05,0.0450344,-0.015554174,4.377282e-23,36.278,-4.0,0.0
-2.4577654e-05,0.045646608,-0.015649008,-1.473192e-23,36.583,-4.0,0.0
-2.8076593e-05,0.046642657,-0.014898985,-1.4522992e-23,36.889,-4.0,0.0
-2.6843329e-05,0.047289632,-0.013158476,-7.1043526e-23,37.194,-4.0,0.0
-2.4785317e-05,0.048591327,-0.011035223,5.1143960000000006e-23,37.5,-4.0,0.0
-2.0224157e-05,0.04993499,-0.008508071,2.1179388e-23,37.806,-4.0,0.0
-1.8291896e-05,0.051147647,-0.005023776,2.967783e-23,38.111,-4.0,0.0
-8.9570676e-07,0.052316524,-0.0014505312,1.6612035e-23,38.417,-4.0,0.0
-1.647758e-05,0.053195752,0.0009999704,-1.01777395e-22,38.722,-4.0,0.0
-1.7984574e-05,0.053546473,0.0038706572,2.0573491999999998e-25,39.028,-4.0,0.0
-2.0243077e-05,0.05460781,0.0052201995,5.577941e-25,39.333,-4.0,0.0
2.4223045e-06,0.054452047,0.006873492,-2.984729e-23,39.639,-4.0,0.0
-1.7265047e-05,0.054867662,0.0074494653,-1.6276536e-23,39.944,-4.0,0.0
-6.2803642e-06,0.054336704,0.0075244782,-3.5237596e-23,40.25,-4.0,0.0
-1.5065627e-05,0.054475136,0.0073341336,-6.439933e-23,40.556,-4.0,0.0
-4.6507703e-06,0.054019418,0.006594378,5.2722667e-24,40.861,-4.0,0.0
-8.0571845e-06,0.053437635,0.007105558,2.1054129999999998e-24,41.167,-4.0,0.0
-2.8103823e-06,0.053414095,0.0063906913,2.1667093e-23,41.472,-4.0,0.0
-6.284212e-06,0.052526563,0.006146756,1.8139106e-23,41.778,-4.0,0.0
-2.1326156e-05,0.052530363,0.0069475896,6.5583744e-23,42.083,-4.0,0.0
-1.2685085e-05,0.051621124,0.0059778593,2.3397462999999998e-23,42.389,-4.0,0.0
-2.697522e-05,0.05162743,0.006282653,-2.9398840000000004e-23,42.694,-4.0,0.0
-1.021428e-06,0.05150018,0.00511706,7.682147e-23,43.0,-4.0,0.0
-2.4877656e-05,0.051198676,0.0057559647,1.9807098e-24,43.306,-4.0,0.0
-8.146304e-06,0.05076968,0.005798323,-8.28569e-23,43.611,-4.0,0.0
-1.3283123e-05,0.050613552,0.0049658073,-6.6662975e-24,43.917,-4.0,0.0
-5.987089e-06,0.050178576,0.004980229,7.385316e-23,44.222,-4.0,0.0
-2.4615669e-05,0.050232742,0.004920463,-5.946913000000001e-23,44.528,-4.0,0.0
-1.452025e-05,0.049997125,0.004765585,5.478052e-24,44.833,-4.0,0.0
-2.4294803e-05,0.049551222,0.0046902685,-3.4857807e-24,45.139,-4.0,0.0
-7.753479e-06,0.04917447,0.005054716,-6.0680443e-25,45.444,-4.0,0.0
-3.3846882e-06,0.048847202,0.005078083,-6.702445000000001e-23,45.75,-4.0,0.0
-1.4650859e-05,0.048682503,0.004644972,1.1325417e-23,46.056,-4.0,0.0
-7.544263e-06,0.04830005,0.005164303,-8.6696344e-23,46.361,-4.0,0.0
-2.1086023e-05,0.048117414,0.005119544,1.8283750999999998e-23,46.667,-4.0,0.0
-1.8527096e-05,0.047839552,0.0048375027,2.8179803e-23,46.972,-4.0,0.0
-1.1775417e-05,0.0478049,0.0051221964,-2.9625880000000005e-23,47.278,-4.0,0.0
-1.3077179e-05,0.04773409,0.0046434347,9.0384824e-23,47.583,-4.0,0.0
-1.9210693e-06,0.048085146,0.0050128116,-6.823786e-24,47.889,-4.0,0.0
-1.2963945e-05,0.047906138,0.0040494287,3.6733497e-23,48.194,-4.0,0.0
-1.0033973e-05,0.047859423,0.0028144955,-1.9964794999999998e-23,48.5,-4.0,0.0
-6.8617264e-06,0.047833934,0.0020019205,-1.4935421e-23,48.806,-4.0,0.0
-2.1143156e-05,0.047755197,-0.00010537915,1.0737505000000002e-22,49.111,-4.0,0.0
-1.5978902e-05,0.047440827,-0.0016962984,-2.0835016e-24,49.417,-4.0,0.0
-2.2897511e-05,0.047133543,-0.0035944465,-3.1189156e-23,49.722,-4.0,0.0
-1.1482531e-05,0.047225557,-0.0057950886,-1.3291132e-23,50.028,-4.0,0.0
-1.532126e-05,0.04714016,-0.0076673683,-5.1547453e-23,50.333,-4.0,0.0
-1.1682354e-05,0.046819326,-0.00904584,-8.494252e-24,50.639,-4.0,0.0
-1.9024894e-05,0.04680513,-0.010546898,6.035748000000001e-23,50.944,-4.0,0.0
-1.31914585e-05,0.04631295,-0.012110621,-1.5813124e-23,51.25,-4.0,0.0
-1.9281151e-05,0.045751423,-0.012606013,2.6326901e-23,51.556,-4.0,0.0
-1.0494605e-05,0.04607131,-0.0133282095,-3.0851984e-23,51.861,-4.0,0.0
-1.3615985e-05,0.04633528,-0.013721595,2.0391968999999998e-23,52.167,-4.0,0.0
-8.262812e-06,0.046625134,-0.01346822,-1.9551873e-23,52.472,-4.0,0.0
6.959017e-07,0.04719358,-0.0126163885,-1.5544321e-23,52.778,-4.0,0.0
-1.7619241e-06,0.047473624,-0.011525407,1.4898339e-23,53.083,-4.0,0.0
-5.8150404e-06,0.048243392,-0.010687958,1.2789783e-23,53.389,-4.0,0.0
-5.664926e-06,0.049003117,-0.007859681,2.8254852e-23,53.694,-4.0,0.0
-8.068893e-06,0.05001615,-0.0055889217,-1.5462884999999998e-23,54.0,-4.0,0.0
-1.54152e-05,0.050539196,-0.0032539936,-9.099056e-24,54.306,-4.0,0.0
2.1894502e-06,0.051091217,-0.0009999648,-1.0511527e-23,54.611,-4.0,0.0
-5.755329e-06,0.051714193,0.0005422244,8.5682967e-23,54.917,-4.0,0.0
-1.4456789e-05,0.052402776,0.0029247236,-2.1307272e-23,55.222,-4.0,0.0
-1.1586729e-05,0.052437488,0.00449619,-3.72579e-23,55.528,-4.0,0.0
-3.024721e-06,0.05249118,0.0059436313,3.3525050000000006e-23,55.833,-4.0,0.0
-1.4202053e-05,0.052201927,0.0063777487,-5.336688000000001e-23,56.139,-4.0,0.0
8.228144e-07,0.052334767,0.0061299833,-5.6023816e-23,56.444,-4.0,0.0
-1.222856e-05,0.05253664,0.006353237,3.9822506e-23,56.75,-4.0,0.0
-1.0064029e-05,0.052230276,0.0063412776,-1.6621715999999998e-23,57.056,-4.0,0.0
4.3313084e-06,0.052489225,0.0064733387,-7.0571396e-23,57.361,-4.0,0.0
-8.703653e-06,0.051869243,0.0059162113,3.825049e-23,57.667,-4.0,0.0
-8.73176e-06,0.0519239,0.0054437313,-2.9057597e-23,57.972,-4.0,0.0
2.5184272e-06,0.05161008,0.005690652,-4.6467527e-23,58.278,-4.0,0.0
-2.036409e-05,0.051517792,0.004813119,-3.5001690000000004e-23,58.583,-4.0,0.0
-5.373997e-06,0.051174387,0.0051727165,4.5623524e-23,58.889,-4.0,0.0
-2.2876207e-05,0.050509907,0.0040872684,2.5352323e-23,59.194,-4.0,0.0
-6.3049183e-06,0.050510578,0.0043705916,3.5371008e-23,59.5,-4.0,0.0
2.81756e-06,0.050457016,0.004508767,3.8987652e-23,59.806,-4.0,0.0
-4.0138766e-06,0.05006023,0.003828839,-3.5703365e-23,60.111,-4.0,0.0
-1.3640887e-05,0.05002157,0.0043421,9.354295000000001e-23,60.417,-4.0,0.0
-3.150475e-06,0.04971359,0.0037856987,-3.112065e-23,60.722,-4.0,0.0
-4.780304e-08,0.049701683,0.0042677787,-1.931187e-23,61.028,-4.0,0.0
1.429562e-06,0.049738284,0.0043091094,4.5687794e-23,61.333,-4.0,0.0
5.658476e-06,0.049243107,0.0044135647,1.8536893e-23,61.639,-4.0,0.0
-3.6486708e-06,0.048738778,0.0046227905,8.706197e-24,61.944,-4.0,0.0
1.8088758e-06,0.048493676,0.0050541,-3.8636596e-23,62.25,-4.0,0.0
-1.9729108e-05,0.048502088,0.004744092,-2.6518954e-23,62.556,-4.0,0.0
1.02621e-05,0.047966786,0.0048493366,-8.957547e-24,62.861,-4.0,0.0
-2.1470492e-05,0.04794057,0.004558594,-6.792759e-23,63.167,-4.0,0.0
-4.344385e-06,0.048107058,0.0042528464,-1.4736048000000001e-24,63.472,-4.0,0.0
-1.8300738e-06,0.047628373,0.0034272522,-1.0245195e-23,63.778,-4.0,0.0
-1.9920866e-05,0.04774517,0.0020622294,-4.9401054e-23,64.083,-4.0,0.0
4.9253795e-06,0.04757209,0.0013664677,5.0139747e-23,64.389,-4.0,0.0
-8.356314e-06,0.04733222,0.0005061198,-1.30041385e-23,64.694,-4.0,0.0
-9.538666e-06,0.047617983,-0.00042854808,5.4379906e-24,65.0,-4.0,0.0
-0.0002344384,0.05924563,0.010937445,-3.3927582e-23,10.306,-3.3333,0.0
-0.00021952792,0.05666981,0.010422665,-6.977342e-23,10.611,-3.3333,0.0
-0.00021148627,0.054554984,0.010558814,4.5835438e-23,10.917,-3.3333,0.0
-0.00020957395,0.05294439,0.010551516,3.0184974e-23,11.222,-3.3333,0.0
-0.00018666452,0.05224873,0.012072292,8.585937e-24,11.528,-3.3333,0.0
-0.00016579479,0.05187429,0.011902358,-4.7326960000000006e-23,11.833,-3.3333,0.0
-0.00016991682,0.051749207,0.011755623,2.0240024999999998e-23,12.139,-3.3333,0.0
-0.0001359959,0.051485077,0.011581594,1.0398424e-23,12.444,-3.3333,0.0
-0.00014925966,0.051343683,0.010678195,-3.3253580000000003e-23,12.75,-3.3333,0.0
-0.00014235283,0.05090443,0.010063255,8.247925999999999e-24,13.056,-3.3333,0.0
-0.00012556756,0.05033857,0.008119198,-2.9207290000000004e-23,13.361,-3.3333,0.0
-0.00012805026,0.04972758,0.00769493,-4.5949569999999996e-24,13.667,-3.3333,0.0
-0.00012672157,0.04867217,0.007671097,-6.453654699999999e-23,13.972,-3.3333,0.0
-0.00010847622,0.047261775,0.007045266,-5.359751000000001e-23,14.278,-3.3333,0.0
-9.312277e-05,0.046189867,0.007864034,2.2924134e-23,14.583,-3.3333,0.0
-8.126273e-05,0.04506533,0.007639466,-2.4546701e-23,14.889,-3.3333,0.0
-9.878354e-05,0.04448341,0.0067515704,-1.5090670000000002e-23,15.194,-3.3333,0.0
-8.899615e-05,0.043465614,0.006104456,-8.271227e-23,15.5,-3.3333,0.0
-8.070613e-05,0.043312564,0.005284055,-4.2155414e-23,15.806,-3.3333,0.0
-7.0239126e-05,0.042562816,0.0046778284,-4.1631460000000004e-23,16.111,-3.3333,0.0
-6.838482e-05,0.042301875,0.0032652686,-1.2342480000000001e-23,16.417,-3.3333,0.0
-8.029698e-05,0.041249216,0.0025176904,2.8364788e-23,16.722,-3.3333,0.0
-7.926747e-05,0.040997352,0.0016242082,-1.4037515e-23,17.028,-3.3333,0.0
-6.889684e-05,0.04095906,0.00021781842,-5.5908806e-23,17.333,-3.3333,0.0
-9.9502795e-05,0.040649824,0.00017866306,1.0774381e-22,17.639,-3.3333,0.0
-8.961562e-05,0.040964887,-0.00068647973,7.622845e-23,17.944000000000003,-3.3333,0.0
-8.732861e-05,0.04110594,-0.0016488992,2.6149212e-23,18.25,-3.3333,0.0
-9.996348e-05,0.04131922,-0.0029809708,1.3555028e-23,18.556,-3.3333,0.0
-8.266369e-05,0.041668426,-0.006210668,2.3340740000000002e-23,18.861,-3.3333,0.0
-9.131509e-05,0.042310447,-0.008774718,-5.0344144e-23,19.167,-3.3333,0.0
-8.4891275e-05,0.04244181,-0.012565805,7.510549e-23,19.472,-3.3333,0.0
-7.437539e-05,0.042646285,-0.015587769,3.76972e-23,19.778,-3.3333,0.0
-6.334956e-05,0.042802766,-0.017069522,-5.8527484e-23,20.083,-3.3333,0.0
-5.199038e-05,0.043198295,-0.019104345,-1.2448036e-23,20.389,-3.3333,0.0
-6.375076e-05,0.043100305,-0.0207012,4.1499385e-24,20.694000000000003,-3.3333,0.0
-6.948911e-05,0.04352184,-0.020319112,-3.5208642e-23,21.0,-3.3333,0.0
-5.469921e-05,0.044289015,-0.019962097,-5.718957e-23,21.306,-3.3333,0.0
-6.0330494e-05,0.04545745,-0.018046085,2.4619983e-23,21.611,-3.3333,0.0
-7.064438e-05,0.04707586,-0.015494427,-7.716418000000001e-23,21.917,-3.3333,0.0
-6.08337e-05,0.048445053,-0.011063391,6.400724000000001e-23,22.222,-3.3333,0.0
-5.5032706e-05,0.050607126,-0.0064581325,1.0424601e-23,22.528,-3.3333,0.0
-4.873497e-05,0.052613873,-0.0014687052,-3.2229146e-23,22.833,-3.3333,0.0
-5.608782e-05,0.05403906,0.0027079743,-8.452136e-23,23.139,-3.3333,0.0
-4.83602e-05,0.055551,0.006750236,1.5080218e-23,23.444000000000003,-3.3333,0.0
-4.305322e-05,0.056256987,0.009640463,1.1956607e-25,23.75,-3.3333,0.0
-4.803469e-05,0.056526057,0.011059643,5.7788542000000006e-24,24.056,-3.3333,0.0
-4.431219e-05,0.056710303,0.012119883,-1.7194795e-23,24.361,-3.3333,0.0
-3.4691988e-05,0.05656428,0.010968121,3.5962640000000005e-23,24.667,-3.3333,0.0
-4.1147105e-05,0.055985954,0.009775718,-4.44238e-23,24.972,-3.3333,0.0
-4.9900413e-05,0.055013716,0.008513034,1.0927857e-23,25.278,-3.3333,0.0
-3.770289e-05,0.05405421,0.0076947473,-4.5280364e-24,25.583,-3.3333,0.0
-2.5861116e-05,0.05310101,0.007231102,6.426745e-23,25.889,-3.3333,0.0
-3.528442e-05,0.052113947,0.007100267,-6.124166000000001e-23,26.194000000000003,-3.3333,0.0
-2.971969e-05,0.051190015,0.0070323255,3.8462636e-23,26.5,-3.3333,0.0
-3.4708566e-05,0.05061105,0.007900521,1.3794488999999999e-23,26.806,-3.3333,0.0
-4.4596458e-05,0.050324574,0.007821271,2.2709097000000003e-24,27.111,-3.3333,0.0
-2.0849237e-05,0.05014703,0.007764515,1.754048e-23,27.417,-3.3333,0.0
-3.3471642e-05,0.04946112,0.007820118,3.4805124e-23,27.722,-3.3333,0.0
-3.1550706e-05,0.04967442,0.0075549167,1.16001176e-23,28.028,-3.3333,0.0
-3.2061937e-05,0.04946655,0.0074607553,-2.0660531999999998e-23,28.333,-3.3333,0.0
-2.2622615e-05,0.049375236,0.007329067,-3.7752560000000004e-23,28.639,-3.3333,0.0
-1.7916725e-05,0.04921793,0.006934685,-1.2930856500000001e-23,28.944000000000003,-3.3333,0.0
-4.044667e-05,0.0489095,0.006387928,4.6439042e-24,29.25,-3.3333,0.0
-2.4087123e-05,0.04809732,0.005799842,2.6153528e-23,29.556,-3.3333,0.0
-2.2166849e-05,0.047775034,0.0061498918,-3.4548270000000004e-23,29.861,-3.3333,0.0
-2.8543944e-05,0.047284424,0.0055914596,-3.1515044e-23,30.167,-3.3333,0.0
-2.0683845e-05,0.04639347,0.0053755413,2.4745797e-23,30.472,-3.3333,0.0
-1.6832684e-05,0.04549122,0.005498506,-6.7339994e-23,30.778,-3.3333,0.0
-3.1365846e-05,0.0451929,0.0049229693,-1.6610912e-23,31.083,-3.3333,0.0
-1.0585267e-05,0.044663064,0.0047867466,1.0501568999999999e-23,31.389,-3.3333,0.0
-1.43124225e-05,0.044487596,0.005050174,-2.2685898e-23,31.694000000000003,-3.3333,0.0
-3.5691257e-05,0.044459134,0.004601642,-3.3803610000000004e-23,32.0,-3.3333,0.0
-2.6109336e-05,0.04453748,0.004114191,-9.0301577e-23,32.306,-3.3333,0.0
-2.762342e-05,0.044768877,0.0029734701,6.099387000000001e-23,32.611,-3.3333,0.0
-1.8495903e-05,0.044708975,0.0015228124,5.795651e-23,32.917,-3.3333,0.0
-3.3031523e-05,0.045243625,-6.393493e-05,-5.6228554e-24,33.222,-3.3333,0.0
-2.1412432e-05,0.045287803,-0.0028857363,-1.1983340000000001e-23,33.528,-3.3333,0.0
-3.1873988e-05,0.045556456,-0.0042009973,-4.1725567e-24,33.833,-3.3333,0.0
-2.6139394e-05,0.0458785,-0.0071556517,-4.6357758e-23,34.139,-3.3333,0.0
-2.6586116e-05,0.045917213,-0.008577425,-6.986657e-25,34.444,-3.3333,0.0
-1.8270084e-05,0.045276754,-0.0098581165,-6.9138244e-23,34.75,-3.3333,0.0
-2.6218368e-05,0.04506045,-0.010891658,2.5494874e-23,35.056,-3.3333,0.0
-9.727195e-06,0.04493037,-0.011952503,5.887235e-23,35.361,-3.3333,0.0
-1.8069552e-05,0.044544786,-0.013234781,5.0950923e-23,35.667,-3.3333,0.0
-3.7625865e-05,0.04400753,-0.013796506,1.9844761999999998e-23,35.972,-3.3333,0.0
-2.5594869e-05,0.04421583,-0.014468228,3.0824594999999997e-23,36.278,-3.3333,0.0
-2.556594e-05,0.044066012,-0.015652377,-1.12795245e-23,36.583,-3.3333,0.0
-2.88728e-05,0.043975543,-0.015981121,-4.2147387e-23,36.889,-3.3333,0.0
-2.1072108e-05,0.04481495,-0.014284341,-6.767389000000001e-23,37.194,-3.3333,0.0
-2.2802215e-05,0.04551009,-0.013389339,-8.908802000000001e-23,37.5,-3.3333,0.0
-2.6053993e-05,0.0462714,-0.011574732,-4.8204728e-23,37.806,-3.3333,0.0
-1.38657615e-05,0.047564704,-0.008719843,7.441066e-24,38.111,-3.3333,0.0
-1.0297932e-05,0.048690066,-0.0055096094,3.587194e-23,38.417,-3.3333,0.0
-9.265863e-06,0.050087042,-0.00255859,-6.675221000000001e-23,38.722,-3.3333,0.0
-2.0003486e-05,0.051405914,0.0010730308,2.879451e-23,39.028,-3.3333,0.0
-1.5267464e-05,0.052157715,0.0038906839,-6.241225000000001e-23,39.333,-3.3333,0.0
-1.2404049e-05,0.05246553,0.00588814,2.2769858e-23,39.639,-3.3333,0.0
-1.4476553e-05,0.052977607,0.0074622007,-2.4637603e-23,39.944,-3.3333,0.0
-1.6498967e-05,0.05319056,0.007879504,5.388806e-23,40.25,-3.3333,0.0
-7.4713753e-06,0.05310416,0.008107256,5.422925e-23,40.556,-3.3333,0.0
-4.163212e-06,0.05293804,0.007663758,-1.5120935999999998e-23,40.861,-3.3333,0.0
-8.67788e-06,0.052811913,0.007924372,2.4242491e-23,41.167,-3.3333,0.0
-3.3222426e-05,0.052439168,0.0072943275,-4.4653920000000004e-23,41.472,-3.3333,0.0
-1.9108236e-05,0.05209503,0.007807397,2.4373707e-23,41.778,-3.3333,0.0
-1.1102107e-05,0.051463418,0.00671313,3.3393480000000005e-23,42.083,-3.3333,0.0
-9.731812e-07,0.05108656,0.0073711625,-4.1973760000000006e-23,42.389,-3.3333,0.0
-2.4153906e-05,0.050917592,0.0074752467,-8.225434e-24,42.694,-3.3333,0.0
4.9100963e-06,0.05044269,0.0063778977,1.3550485e-23,43.0,-3.3333,0.0
-1.4406722e-05,0.05014038,0.006460758,-3.003937e-23,43.306,-3.3333,0.0
-2.0766547e-05,0.049843274,0.0059473966,-2.2116067e-23,43.611,-3.3333,0.0
-1.8997183e-05,0.049806345,0.0055944147,2.328359e-23,43.917,-3.3333,0.0
-1.1993034e-05,0.049401157,0.005444036,3.02435e-23,44.222,-3.3333,0.0
-1.2655561e-05,0.049028125,0.0045727994,-4.8159643e-24,44.528,-3.3333,0.0
-1.9115909e-05,0.04872214,0.0050905077,5.665990000000001e-23,44.833,-3.3333,0.0
1.1222558e-06,0.048404712,0.005292453,2.5800170000000003e-23,45.139,-3.3333,0.0
5.9244503e-06,0.048404124,0.005080431,2.3070685e-23,45.444,-3.3333,0.0
-8.248186e-06,0.04848602,0.0051715625,4.3717586e-23,45.75,-3.3333,0.0
-1.3379164e-05,0.048106186,0.0056149326,-4.75073e-23,46.056,-3.3333,0.0
-1.7981918e-05,0.047396827,0.0060745534,4.1987298e-23,46.361,-3.3333,0.0
-1.2131193e-05,0.047649235,0.0060060015,7.098871e-24,46.667,-3.3333,0.0
-7.869146e-06,0.04756029,0.0060277656,-1.9671377999999998e-23,46.972,-3.3333,0.0
-8.781157e-06,0.047225244,0.0056329807,9.6390826e-23,47.278,-3.3333,0.0
-5.4116754e-07,0.047111355,0.0061071482,6.951682e-24,47.583,-3.3333,0.0
-1.226661e-06,0.047382023,0.0050245347,3.8577746999999997e-23,47.889,-3.3333,0.0
-1.238894e-05,0.047422677,0.0038819467,1.0902941e-23,48.194,-3.3333,0.0
-1.8275263e-05,0.047410585,0.0029211189,-1.5397707e-23,48.5,-3.3333,0.0
2.7988453e-06,0.047543764,0.00096305786,1.3439665e-24,48.806,-3.3333,0.0
-3.6217152e-06,0.04733209,-0.0009009633,4.8739364e-23,49.111,-3.3333,0.0
-1.7815346e-06,0.047830634,-0.0022791056,-6.184013e-23,49.417,-3.3333,0.0
-4.57886e-06,0.04762873,-0.004221916,-2.44429e-23,49.722,-3.3333,0.0
-1.0280324e-05,0.04734479,-0.0057813814,-1.1197786e-23,50.028,-3.3333,0.0
-2.4328401e-05,0.047303177,-0.0071284007,-4.1116137e-23,50.333,-3.3333,0.0
4.64149e-06,0.047215693,-0.0083600655,4.1997087e-23,50.639,-3.3333,0.0
-6.9888847e-06,0.046723716,-0.009159025,-3.8768336e-23,50.944,-3.3333,0.0
-5.1340903e-06,0.04643379,-0.010582908,-6.390556000000001e-23,51.25,-3.3333,0.0
-2.4087269e-05,0.04577679,-0.011174423,-5.1578426999999996e-23,51.556,-3.3333,0.0
-1.9542067e-06,0.045888565,-0.012171289,-3.2242373e-23,51.861,-3.3333,0.0
-7.245737e-06,0.045894977,-0.013072826,-2.1394917e-24,52.167,-3.3333,0.0
-4.5848765e-06,0.04564639,-0.013148816,-1.6081250999999998e-23,52.472,-3.3333,0.0
-2.4050314e-07,0.046073407,-0.012858421,-8.6804184e-23,52.778,-3.3333,0.0
-3.6022902e-06,0.04656442,-0.0126987295,7.9577966e-23,53.083,-3.3333,0.0
-1.7611186e-05,0.046856664,-0.011565185,-1.5301832e-23,53.389,-3.3333,0.0
2.206909e-06,0.047511753,-0.009737964,6.39519e-23,53.694,-3.3333,0.0
-2.0907984e-05,0.04806227,-0.007982308,2.2041657e-23,54.0,-3.3333,0.0
1.9346682e-05,0.048781388,-0.005868776,6.512573000000001e-23,54.306,-3.3333,0.0
-3.2687203e-06,0.04944858,-0.0034842547,1.558165e-23,54.611,-3.3333,0.0
-3.161578e-06,0.05023682,-0.0009328816,-2.7651077e-23,54.917,-3.3333,0.0
-5.0318486e-06,0.050577182,0.00091760233,4.5096843e-24,55.222,-3.3333,0.0
2.4387714e-07,0.051121373,0.0031417757,5.349552000000001e-23,55.528,-3.3333,0.0
-1.1746197e-06,0.051191844,0.0043451698,-2.8975454e-23,55.833,-3.3333,0.0
-1.2798444e-05,0.05135093,0.0054424554,-6.135798e-23,56.139,-3.3333,0.0
1.7942366e-06,0.051192947,0.0064624725,4.4296621999999997e-23,56.444,-3.3333,0.0
-4.5978486e-06,0.051618848,0.0074068867,9.195215000000001e-25,56.75,-3.3333,0.0
-2.7862507e-07,0.051443927,0.0071253227,4.487697e-24,57.056,-3.3333,0.0
-1.6120975e-07,0.051112674,0.007034128,-3.4506543e-23,57.361,-3.3333,0.0
-3.0810515e-06,0.0510434,0.006870616,1.1157977e-23,57.667,-3.3333,0.0
-4.1658027e-06,0.05134932,0.006613428,-2.0325348e-23,57.972,-3.3333,0.0
6.014925e-07,0.051301025,0.0066856607,4.9190060000000005e-23,58.278,-3.3333,0.0
-2.5367583e-05,0.050747752,0.005768603,2.638062e-23,58.583,-3.3333,0.0
6.362742e-06,0.050425507,0.005694691,-3.5751933999999997e-23,58.889,-3.3333,0.0
1.1532375e-06,0.050355963,0.005542113,-9.8079266e-24,59.194,-3.3333,0.0
1.2952702e-05,0.050122418,0.005122315,-3.5837358e-23,59.5,-3.3333,0.0
-1.5033191e-05,0.049758807,0.0050860085,-1.5902199e-23,59.806,-3.3333,0.0
-1.1783927e-05,0.049964063,0.004672477,2.1304167e-23,60.111,-3.3333,0.0
-1.5247162e-05,0.049360916,0.0047090435,-1.5824424e-23,60.417,-3.3333,0.0
-1.5454185e-05,0.049557537,0.0045321477,-1.3880317e-23,60.722,-3.3333,0.0
-2.2857232e-05,0.049200755,0.00449214,3.2587604e-23,61.028,-3.3333,0.0
-3.139463e-06,0.048871774,0.0050320816,-4.4365335e-23,61.333,-3.3333,0.0
-5.590342e-06,0.048912585,0.004451976,-5.8588258000000005e-24,61.639,-3.3333,0.0
-1.4465161e-05,0.04865811,0.0051057525,-5.660058e-23,61.944,-3.3333,0.0
-1.3786388e-05,0.04861436,0.005053884,4.1090540000000004e-23,62.25,-3.3333,0.0
-5.678253e-06,0.04833524,0.0046303878,-1.1671404999999999e-23,62.556,-3.3333,0.0
-9.998512e-06,0.04779852,0.004623247,-4.9550827e-23,62.861,-3.3333,0.0
-6.6163157e-06,0.047765173,0.004586451,-4.4290138e-23,63.167,-3.3333,0.0
-1.5675323e-07,0.047525026,0.0039026483,-2.3254054e-23,63.472,-3.3333,0.0
-1.0560188e-06,0.047566634,0.0033786828,-3.5244160000000004e-23,63.778,-3.3333,0.0
-3.8648614e-06,0.04702282,0.0027613593,9.089697e-25,64.083,-3.3333,0.0
-1.105242e-05,0.047170226,0.0012628466,-3.7927927e-23,64.389,-3.3333,0.0
-1.4898062e-05,0.047008574,1.146947e-05,3.4368587e-24,64.694,-3.3333,0.0
5.281334e-06,0.046842493,-0.00054145977,1.511503e-23,65.0,-3.3333,0.0
-0.00022982663,0.060177177,0.015488325,2.4097694e-23,10.306,-2.6667,0.0
-0.00021745899,0.05759264,0.013870304,-2.0380278e-23,10.611,-2.6667,0.0
-0.00020918172,0.054814428,0.011898163,4.06613e-23,10.917,-2.6667,0.0
-0.00019798335,0.052810706,0.012942933,-1.1436962e-23,11.222,-2.6667,0.0
-0.00018378675,0.050818644,0.013173427,-1.9482189e-23,11.528,-2.6667,0.0
-0.00017577213,0.04963129,0.013571393,-3.1678887e-23,11.833,-2.6667,0.0
-0.0001638056,0.048402175,0.013553018,-3.8025972999999997e-23,12.139,-2.6667,0.0
-0.00015186578,0.04810665,0.013650803,-1.1676893000000001e-22,12.444,-2.6667,0.0
-0.00014360952,0.048130225,0.012804367,-2.3810624e-23,12.75,-2.6667,0.0
-0.00014205427,0.04785204,0.012506697,4.7032960000000006e-23,13.056,-2.6667,0.0
-0.00012080357,0.047582254,0.01177482,4.3899952e-23,13.361,-2.6667,0.0
-0.00010584596,0.0473573,0.009958902,2.4745393e-23,13.667,-2.6667,0.0
-0.000118294716,0.04702907,0.00926661,3.2648390000000006e-23,13.972,-2.6667,0.0
-0.0001039975,0.046456065,0.008750398,-7.225739e-24,14.278,-2.6667,0.0
-0.00010199723,0.045911875,0.00830285,-3.4657727e-23,14.583,-2.6667,0.0
-9.597443e-05,0.044530503,0.008862685,2.5118694e-23,14.889,-2.6667,0.0
-8.824815e-05,0.043773044,0.007608867,5.859656000000001e-23,15.194,-2.6667,0.0
-8.5092266e-05,0.04217907,0.007776562,-3.1171946e-23,15.5,-2.6667,0.0
-8.557894e-05,0.0414818,0.0071406397,3.576607e-23,15.806,-2.6667,0.0
-7.447817e-05,0.04063277,0.0061964304,1.3700898e-23,16.111,-2.6667,0.0
-7.575245e-05,0.03953397,0.0055736173,-2.6721205e-23,16.417,-2.6667,0.0
-7.657547e-05,0.038500387,0.00431308,-9.0412295e-24,16.722,-2.6667,0.0
-9.24616e-05,0.037833266,0.0039598607,5.2563228e-23,17.028,-2.6667,0.0
-8.229196e-05,0.037960183,0.002183631,1.0671125000000002e-22,17.333,-2.6667,0.0
-8.158852e-05,0.03836359,-0.00018285867,-3.8739444e-24,17.639,-2.6667,0.0
-7.4753625e-05,0.039082218,-0.0007862316,9.201223000000001e-23,17.944000000000003,-2.6667,0.0
-0.00010747544,0.04012636,-0.0032570828,2.737182e-23,18.25,-2.6667,0.0
-8.231372e-05,0.04119475,-0.0063425433,1.9775796e-23,18.556,-2.6667,0.0
-8.6402084e-05,0.04206073,-0.0095443195,3.4048802e-23,18.861,-2.6667,0.0
-8.2491795e-05,0.04273825,-0.012150988,-5.9768646000000004e-24,19.167,-2.6667,0.0
-9.630862e-05,0.04332447,-0.01449894,-5.830836e-23,19.472,-2.6667,0.0
-6.220433e-05,0.04296393,-0.015818598,-4.2272847e-23,19.778,-2.6667,0.0
-7.283444e-05,0.0431449,-0.016706536,-7.281173500000001e-24,20.083,-2.6667,0.0
-7.326887e-05,0.0422601,-0.01755562,-8.690132000000001e-23,20.389,-2.6667,0.0
-6.081703e-05,0.041866235,-0.018245406,1.5802386e-23,20.694000000000003,-2.6667,0.0
-6.559967e-05,0.041592326,-0.018576598,-2.1346437e-23,21.0,-2.6667,0.0
-5.8089172e-05,0.04138151,-0.019350585,2.2437577e-23,21.306,-2.6667,0.0
-5.8681442e-05,0.041603647,-0.019030914,2.9207897e-23,21.611,-2.6667,0.0
-5.2960408e-05,0.042194314,-0.018137341,-3.8867390000000005e-23,21.917,-2.6667,0.0
-4.4717177e-05,0.043825895,-0.015606469,1.102406e-23,22.222,-2.6667,0.0
-5.4814005e-05,0.04534252,-0.01133246,-5.1599228e-23,22.528,-2.6667,0.0
-3.8802747e-05,0.047645982,-0.007032285,-1.948802e-25,22.833,-2.6667,0.0
-6.379524e-05,0.049600683,-0.001941079,8.755601000000001e-23,23.139,-2.6667,0.0
-5.6695964e-05,0.051343143,0.0034036948,3.0467701e-24,23.444000000000003,-2.6667,0.0
-5.0173432e-05,0.053075485,0.0072238958,4.8285255e-23,23.75,-2.6667,0.0
-3.516207e-05,0.05412009,0.010391105,-7.294477e-24,24.056,-2.6667,0.0
-2.3696173e-05,0.055084333,0.011328783,-1.5374836e-23,24.361,-2.6667,0.0
-4.02688e-05,0.055363566,0.01275227,-5.484734000000001e-23,24.667,-2.6667,0.0
-3.9402992e-05,0.054840814,0.011783666,-4.0023490000000003e-25,24.972,-2.6667,0.0
-4.900289e-05,0.05416947,0.01082503,6.0734464e-24,25.278,-2.6667,0.0
-2.8527567e-05,0.05368094,0.009599047,-2.3123899e-23,25.583,-2.6667,0.0
-4.237245e-05,0.052834716,0.008111777,-3.4426142e-24,25.889,-2.6667,0.0
-2.4098761e-05,0.051574335,0.00754405,2.8154310000000003e-23,26.194000000000003,-2.6667,0.0
-3.177976e-05,0.050662126,0.0075960243,4.5338373e-23,26.5,-2.6667,0.0
-2.5234662e-05,0.050252702,0.0082185585,6.3809633000000005e-24,26.806,-2.6667,0.0
-2.5475107e-05,0.049598426,0.008700052,2.2089822e-23,27.111,-2.6667,0.0
-3.1084903e-05,0.049462784,0.008815499,7.211908e-23,27.417,-2.6667,0.0
-3.167124e-05,0.04878389,0.008918386,3.1341936e-23,27.722,-2.6667,0.0
-3.1735704e-05,0.04848281,0.008471534,-5.365198e-23,28.028,-2.6667,0.0
-2.050451e-05,0.048594527,0.008662043,3.9679325e-24,28.333,-2.6667,0.0
-2.9979627e-05,0.048366435,0.007762696,7.6670414e-23,28.639,-2.6667,0.0
-3.7463265e-05,0.04831325,0.007500834,-4.7845916e-23,28.944000000000003,-2.6667,0.0
-3.633584e-05,0.048350234,0.0070967986,-5.898428e-23,29.25,-2.6667,0.0
-5.5523924e-07,0.04781138,0.006305459,-8.818763000000001e-23,29.556,-2.6667,0.0
-1.9595751e-05,0.047191694,0.00628357,2.6484017e-23,29.861,-2.6667,0.0
-2.6690006e-05,0.04669667,0.00663579,3.1389242e-23,30.167,-2.6667,0.0
-2.661183e-05,0.045553643,0.006257239,2.0886639e-24,30.472,-2.6667,0.0
-3.217414e-05,0.04498382,0.0068096723,-4.5183958e-23,30.778,-2.6667,0.0
-4.073615e-05,0.044120632,0.0066295294,-4.2822197e-23,31.083,-2.6667,0.0
-1.4823883e-05,0.043707803,0.006822373,2.95464e-23,31.389,-2.6667,0.0
-1.4286579e-05,0.043665007,0.005879493,-6.142783e-23,31.694000000000003,-2.6667,0.0
-2.5760684e-05,0.043698832,0.0056441743,2.5994140000000002e-23,32.0,-2.6667,0.0
-3.8844657e-05,0.043763667,0.004714661,4.742026e-23,32.306,-2.6667,0.0
-1.8652596e-05,0.044026192,0.0035541535,4.5744036999999997e-23,32.611,-2.6667,0.0
-2.5780108e-05,0.044625603,0.0016885122,-9.4404815e-23,32.917,-2.6667,0.0
-3.988475e-05,0.045092843,-0.0014519177,-7.358950000000001e-23,33.222,-2.6667,0.0
-2.7072769e-05,0.04574398,-0.0033028605,-3.527777e-23,33.528,-2.6667,0.0
-1.3473436e-05,0.04600706,-0.0063009765,-1.9991932e-23,33.833,-2.6667,0.0
-2.1093649e-05,0.045568146,-0.0076913773,8.298350000000001e-24,34.139,-2.6667,0.0
-3.960228e-05,0.046301167,-0.008857858,-3.01669e-23,34.444,-2.6667,0.0
-2.9829971e-05,0.045854166,-0.010373611,-2.5859984e-23,34.75,-2.6667,0.0
-2.4754052e-05,0.0459404,-0.011249315,1.6724962e-23,35.056,-2.6667,0.0
-3.174414e-05,0.045007087,-0.011446969,1.8831082e-23,35.361,-2.6667,0.0
-2.5572324e-05,0.04476926,-0.01151393,-1.9503002e-23,35.667,-2.6667,0.0
-2.9858715e-05,0.04449261,-0.011847394,5.9501595e-23,35.972,-2.6667,0.0
-2.9082117e-05,0.04390271,-0.013641389,-5.635115000000001e-23,36.278,-2.6667,0.0
-3.7976875e-05,0.043728217,-0.013788111,2.9099864e-23,36.583,-2.6667,0.0
-3.6180325e-05,0.043539416,-0.015469417,-5.603563e-24,36.889,-2.6667,0.0
-1.6111342e-05,0.043842874,-0.014829742,8.918167e-24,37.194,-2.6667,0.0
-3.17417e-05,0.04397795,-0.014384868,4.0922797e-23,37.5,-2.6667,0.0
6.282906e-06,0.044129454,-0.0137058515,-4.030991e-24,37.806,-2.6667,0.0
-2.2826014e-05,0.045317117,-0.01142362,-1.9589751e-23,38.111,-2.6667,0.0
-2.6016143e-05,0.046181493,-0.008651907,3.6589773e-23,38.417,-2.6667,0.0
-1.7557846e-05,0.047736015,-0.0054205107,-2.9280043e-23,38.722,-2.6667,0.0
-4.991507e-06,0.048541993,-0.0021826138,3.0163138e-23,39.028,-2.6667,0.0
-9.25046e-06,0.04934021,0.0009519127,-1.0889638e-23,39.333,-2.6667,0.0
-9.847827e-08,0.050520204,0.003149285,4.844121e-23,39.639,-2.6667,0.0
-1.9557592e-05,0.050886463,0.0056421272,3.1817160000000005e-23,39.944,-2.6667,0.0
-8.903189e-06,0.05127471,0.0066599366,7.012764000000001e-23,40.25,-2.6667,0.0
-1.6064554e-05,0.051124707,0.0077754394,4.4493686e-23,40.556,-2.6667,0.0
-1.5407433e-05,0.05154661,0.0083862785,6.1530747e-23,40.861,-2.6667,0.0
-8.40408e-06,0.051685367,0.008031002,-6.3387485e-23,41.167,-2.6667,0.0
-8.331233e-06,0.051435404,0.008339539,-2.4220807e-23,41.472,-2.6667,0.0
-1.0737804e-05,0.051283054,0.008099165,1.5123713e-23,41.778,-2.6667,0.0
-8.0215505e-06,0.05081272,0.008144542,5.392729e-24,42.083,-2.6667,0.0
-1.5564547e-06,0.05038081,0.007781732,-4.4332317e-23,42.389,-2.6667,0.0
-8.225805e-06,0.050211653,0.008499838,-7.134761e-24,42.694,-2.6667,0.0
-2.4904548e-05,0.04984287,0.007628385,-5.1730343e-25,43.0,-2.6667,0.0
3.1542731e-07,0.04966476,0.007281411,8.028655000000001e-23,43.306,-2.6667,0.0
-1.9911246e-05,0.04956313,0.0069792806,-4.5358568e-23,43.611,-2.6667,0.0
-2.3806278e-06,0.049126394,0.00649346,-4.9857972e-23,43.917,-2.6667,0.0
-1.8834746e-05,0.048956074,0.005952124,-1.3314054e-23,44.222,-2.6667,0.0
-1.4201286e-05,0.04860813,0.0058048284,7.0341e-23,44.528,-2.6667,0.0
-6.902046e-07,0.04820399,0.0054046363,2.0075993e-23,44.833,-2.6667,0.0
-8.510578e-06,0.048157655,0.0059221806,7.904336e-23,45.139,-2.6667,0.0
-9.654857e-06,0.048010804,0.005741631,-1.2786747e-23,45.444,-2.6667,0.0
-1.1882425e-05,0.047365345,0.005677292,2.1534565e-23,45.75,-2.6667,0.0
-1.5913392e-05,0.046877198,0.006580409,2.6234207e-23,46.056,-2.6667,0.0
-1.1635502e-05,0.046658136,0.006997795,-4.8023832e-23,46.361,-2.6667,0.0
-1.3278848e-05,0.046312023,0.006641522,-3.1156043e-23,46.667,-2.6667,0.0
-9.939944e-06,0.046123784,0.0070236754,1.9809294e-23,46.972,-2.6667,0.0
-1.44468095e-05,0.046259947,0.0061084256,-3.389257e-23,47.278,-2.6667,0.0
-1.2015015e-05,0.046448726,0.005618187,-6.09971e-23,47.583,-2.6667,0.0
-2.3639015e-05,0.046736572,0.0053562694,-2.0589244e-23,47.889,-2.6667,0.0
-9.89878e-06,0.04641979,0.0039861174,3.930949e-23,48.194,-2.6667,0.0
-7.244347e-06,0.046703503,0.0022291287,3.8959884e-23,48.5,-2.6667,0.0
6.303857e-06,0.047221288,0.0005337051,-1.4207776e-23,48.806,-2.6667,0.0
-1.1365624e-05,0.047316626,-0.0010122543,-6.233208000000001e-23,49.111,-2.6667,0.0
-1.0359019e-05,0.04759179,-0.0030912012,-3.703885e-24,49.417,-2.6667,0.0
-2.580163e-05,0.047413636,-0.0046303384,5.431503e-23,49.722,-2.6667,0.0
-4.9575574e-06,0.04731169,-0.006002943,-5.586877e-23,50.028,-2.6667,0.0
-4.2969477e-06,0.047520474,-0.0076116086,-3.689274e-23,50.333,-2.6667,0.0
-1.7256265e-05,0.047136873,-0.0083787665,3.6638134e-23,50.639,-2.6667,0.0
-3.258123e-06,0.047097363,-0.009401953,3.0876243e-23,50.944,-2.6667,0.0
-1.5152609e-05,0.046784494,-0.009675126,-6.9399565e-23,51.25,-2.6667,0.0
-1.30146145e-05,0.04639409,-0.010758814,-1.8919635999999999e-23,51.556,-2.6667,0.0
-8.184146e-06,0.046153598,-0.011332344,-1.17663716e-23,51.861,-2.6667,0.0
-1.758503e-05,0.04593013,-0.011786943,1.0181733e-24,52.167,-2.6667,0.0
-5.4748652e-06,0.04599629,-0.0127998,1.2863229e-23,52.472,-2.6667,0.0
-8.390562e-06,0.045838922,-0.012999432,2.2846358e-23,52.778,-2.6667,0.0
7.2009807e-06,0.045977227,-0.013456847,2.4276494e-23,53.083,-2.6667,0.0
-1.9826914e-05,0.04634729,-0.012776007,4.9658100000000005e-23,53.389,-2.6667,0.0
-2.0320222e-05,0.04666185,-0.010927517,-3.2587756e-23,53.694,-2.6667,0.0
-7.0982605e-06,0.0470974,-0.009388445,6.281769e-24,54.0,-2.6667,0.0
1.2292835e-06,0.04732195,-0.0077780588,1.0019387000000001e-22,54.306,-2.6667,0.0
-7.418548e-06,0.048117466,-0.005965287,-3.5262714e-23,54.611,-2.6667,0.0
-8.350462e-06,0.04909291,-0.0029738871,-6.417397000000001e-23,54.917,-2.6667,0.0
-1.4012767e-06,0.04947366,-0.00093522295,-2.5056141e-23,55.222,-2.6667,0.0
-5.0262606e-06,0.049901873,0.0012209513,-3.6052584e-23,55.528,-2.6667,0.0
-5.88705e-06,0.050261997,0.0032906681,-2.3514019e-24,55.833,-2.6667,0.0
-6.6381344e-06,0.0505689,0.004286754,6.826045000000001e-23,56.139,-2.6667,0.0
-4.737776e-06,0.050135445,0.00552532,-1.1800349e-24,56.444,-2.6667,0.0
-6.628512e-06,0.05054608,0.006621509,2.414129e-23,56.75,-2.6667,0.0
-6.0087405e-06,0.050510883,0.006849473,7.794259e-24,57.056,-2.6667,0.0
1.2062664e-05,0.050693452,0.0075116474,-3.1780442e-23,57.361,-2.6667,0.0
-4.5564593e-06,0.050448276,0.007210302,-9.8468976e-23,57.667,-2.6667,0.0
-2.1544124e-06,0.050202727,0.0069133616,3.038889e-23,57.972,-2.6667,0.0
-1.2180444e-06,0.05012705,0.006661714,-8.348597000000001e-23,58.278,-2.6667,0.0
2.427034e-06,0.05043172,0.0062219445,-1.04118785e-23,58.583,-2.6667,0.0
4.6753703e-06,0.050324634,0.006395743,-9.633198000000001e-23,58.889,-2.6667,0.0
4.792664e-06,0.049835898,0.0063236943,-2.8768558e-24,59.194,-2.6667,0.0
-1.645014e-06,0.049660362,0.005848132,-1.5088726e-23,59.5,-2.6667,0.0
-4.499798e-06,0.04935585,0.0061903642,2.4452416e-23,59.806,-2.6667,0.0
-9.846735e-07,0.04945527,0.005496217,-8.5119556e-23,60.111,-2.6667,0.0
-1.443718e-05,0.049031,0.005420456,-4.1780850000000006e-23,60.417,-2.6667,0.0
-8.8861816e-07,0.049001426,0.0054965178,1.659511e-24,60.722,-2.6667,0.0
3.0176743e-06,0.04902917,0.0049760025,2.6079363e-24,61.028,-2.6667,0.0
1.0556713e-05,0.048521426,0.005215134,7.9080106e-23,61.333,-2.6667,0.0
-2.2091444e-07,0.04840213,0.005355657,1.5863602e-23,61.639,-2.6667,0.0
-2.6921844e-06,0.048170492,0.005850576,-1.9967395e-23,61.944,-2.6667,0.0
-1.6046761e-07,0.047870234,0.0055526393,2.7717492e-23,62.25,-2.6667,0.0
-5.364188e-06,0.047764353,0.00599106,1.7900983e-23,62.556,-2.6667,0.0
1.9377985e-06,0.04765562,0.0057659782,2.0476002e-23,62.861,-2.6667,0.0
-1.1175009e-05,0.047204662,0.0049856626,-2.1091793e-23,63.167,-2.6667,0.0
-1.4764555e-07,0.04722596,0.0040996717,-1.3732794e-23,63.472,-2.6667,0.0
-2.4105166e-06,0.047129516,0.0032715355,-6.125009e-23,63.778,-2.6667,0.0
-8.586037e-06,0.04663318,0.0019161302,-4.4495494000000005e-24,64.083,-2.6667,0.0
-1.3004817e-05,0.04694625,0.0011204144,-3.7300878e-23,64.389,-2.6667,0.0
5.677297e-06,0.04663083,-0.00069917063,-7.4385267e-23,64.694,-2.6667,0.0
-7.461931e-07,0.046934523,-0.00053583394,9.708810000000001e-23,65.0,-2.6667,0.0
-0.00022929006,0.05828414,0.023718484,2.8276713e-23,10.306,-2.0,0.0
-0.00020014463,0.0572358,0.020237166,3.341038e-23,10.611,-2.0,0.0
-0.00018631734,0.055037692,0.017680164,4.0711357e-23,10.917,-2.0,0.0
-0.00017483276,0.052973576,0.015863577,1.1672314e-23,11.222,-2.0,0.0
-0.00016649501,0.050538294,0.014559319,6.383614000000001e-23,11.528,-2.0,0.0
-0.00014311349,0.048134737,0.014430783,-2.4399505999999998e-23,11.833,-2.0,0.0
-0.00015960027,0.04629107,0.01351546,2.6648226e-23,12.139,-2.0,0.0
-0.00014370246,0.045174967,0.013884606,-4.2666192e-23,12.444,-2.0,0.0
-0.00013197988,0.044442024,0.013943629,-1.6288148e-23,12.75,-2.0,0.0
-0.00012325493,0.04410162,0.0142166205,5.298126e-23,13.056,-2.0,0.0
-0.0001286374,0.04422847,0.014176811,-1.7573675e-24,13.361,-2.0,0.0
-0.00011648327,0.0447084,0.012914528,6.0304415e-23,13.667,-2.0,0.0
-9.8943514e-05,0.04479721,0.011153583,5.035635000000001e-23,13.972,-2.0,0.0
-8.269088e-05,0.04488941,0.010108152,5.993278e-23,14.278,-2.0,0.0
-9.002563e-05,0.044485196,0.009404349,-7.020173000000001e-23,14.583,-2.0,0.0
-0.00010052366,0.043613788,0.008398708,1.4223983e-23,14.889,-2.0,0.0
-0.00010750711,0.04218097,0.008569562,-2.0172978e-23,15.194,-2.0,0.0
-7.9084064e-05,0.04053825,0.008697608,-1.5674073e-23,15.5,-2.0,0.0
-7.118076e-05,0.039067186,0.008572818,3.8473138e-23,15.806,-2.0,0.0
-7.515715e-05,0.037645593,0.008340722,-1.15377155e-23,16.111,-2.0,0.0
-9.132733e-05,0.036466073,0.007640887,-2.0508137e-23,16.417,-2.0,0.0
-7.153995e-05,0.03555101,0.007442418,5.603119e-23,16.722,-2.0,0.0
-7.916631e-05,0.035451084,0.005903079,4.4269277e-23,17.028,-2.0,0.0
-8.038673e-05,0.03574525,0.003745906,-5.6440556e-24,17.333,-2.0,0.0
-8.4622676e-05,0.036364906,0.00010112603,6.7935414e-23,17.639,-2.0,0.0
-6.740984e-05,0.03826153,-0.003222832,2.7405727999999997e-23,17.944000000000003,-2.0,0.0
-7.1427276e-05,0.03990817,-0.00688317,-4.6355310000000006e-23,18.25,-2.0,0.0
-9.267448e-05,0.04179558,-0.010256863,5.2072847e-23,18.556,-2.0,0.0
-7.2989715e-05,0.043132853,-0.013334933,-7.461059e-24,18.861,-2.0,0.0
-7.974076e-05,0.04400803,-0.0155107975,2.3389335e-23,19.167,-2.0,0.0
-7.189725e-05,0.044702,-0.015839577,4.9174433e-23,19.472,-2.0,0.0
-8.765252e-05,0.044548407,-0.01579174,5.0970215e-23,19.778,-2.0,0.0
-7.09203e-05,0.044234112,-0.015984762,-2.3921797e-24,20.083,-2.0,0.0
-5.599782e-05,0.043117747,-0.015313045,1.5343041999999998e-23,20.389,-2.0,0.0
-7.143422e-05,0.041953865,-0.015201428,-5.344943e-24,20.694000000000003,-2.0,0.0
-7.229808e-05,0.040843952,-0.016156979,-6.029573e-24,21.0,-2.0,0.0
-5.4959997e-05,0.040187217,-0.017203055,3.5731284e-23,21.306,-2.0,0.0
-5.850693e-05,0.03947472,-0.01791599,3.4948305e-23,21.611,-2.0,0.0
-4.8223454e-05,0.039631568,-0.018691342,2.9419236e-23,21.917,-2.0,0.0
-2.6408961e-05,0.04011549,-0.01795907,-3.2789963e-23,22.222,-2.0,0.0
-3.2830703e-05,0.041172754,-0.015524648,-1.2415584999999999e-23,22.528,-2.0,0.0
-3.2512246e-05,0.04292371,-0.012241744,-6.966735e-23,22.833,-2.0,0.0
-4.0360137e-05,0.04495385,-0.007128316,-5.685251e-23,23.139,-2.0,0.0
-4.2831067e-05,0.047177367,-0.001707071,-3.6753598e-23,23.444000000000003,-2.0,0.0
-4.05503e-05,0.04899054,0.0031370134,-5.5378995e-23,23.75,-2.0,0.0
-4.838325e-05,0.05086559,0.007644659,-6.722968e-23,24.056,-2.0,0.0
-4.8556194e-05,0.052129686,0.009809951,4.1098012e-24,24.361,-2.0,0.0
-3.6013655e-05,0.0526397,0.0121512925,1.3928431e-23,24.667,-2.0,0.0
-4.1903855e-05,0.052991092,0.012811034,1.0955776e-23,24.972,-2.0,0.0
-4.1540192e-05,0.05276438,0.011362629,8.009576e-24,25.278,-2.0,0.0
-4.912232e-05,0.0523236,0.011266034,2.2514316999999999e-23,25.583,-2.0,0.0
-2.652876e-05,0.05172729,0.010275984,3.3614057e-23,25.889,-2.0,0.0
-3.9933704e-05,0.051439524,0.00922723,-5.2396626999999997e-23,26.194000000000003,-2.0,0.0
-2.6529628e-05,0.05052894,0.008429255,2.3223813e-24,26.5,-2.0,0.0
-3.2745604e-05,0.049938764,0.008970853,5.4808794e-24,26.806,-2.0,0.0
-2.9479337e-05,0.049592633,0.008825637,4.0491157e-23,27.111,-2.0,0.0
-2.655487e-05,0.048785925,0.009537785,4.7540343e-23,27.417,-2.0,0.0
-2.5630723e-05,0.048388034,0.010279694,6.017243000000001e-23,27.722,-2.0,0.0
-2.94599e-05,0.04828751,0.009554861,-2.3351299e-23,28.028,-2.0,0.0
-2.9025254e-05,0.04776589,0.009302106,6.738892e-24,28.333,-2.0,0.0
-3.0687683e-05,0.04736378,0.008900229,1.4931458e-23,28.639,-2.0,0.0
-1.8707806e-05,0.047238164,0.008890425,-4.6500434999999997e-23,28.944000000000003,-2.0,0.0
-1.475848e-05,0.04750067,0.0074944426,1.1207917e-23,29.25,-2.0,0.0
-2.457316e-05,0.046675265,0.007403017,9.368936e-23,29.556,-2.0,0.0
-3.919344e-05,0.04621788,0.0068984437,-3.1159324e-23,29.861,-2.0,0.0
-2.5530699e-05,0.045524165,0.0068610157,7.243818e-23,30.167,-2.0,0.0
-2.4856257e-05,0.044868436,0.0073982184,-1.1076819e-23,30.472,-2.0,0.0
-1.9648662e-05,0.044279747,0.007833979,-3.2129888e-23,30.778,-2.0,0.0
-2.3880038e-05,0.04353995,0.00851207,4.890988e-24,31.083,-2.0,0.0
-3.2654585e-05,0.042980693,0.008285815,7.404057000000001e-23,31.389,-2.0,0.0
-2.800772e-05,0.042880513,0.0074854805,-3.4594794e-23,31.694000000000003,-2.0,0.0
-2.4934838e-05,0.042941526,0.0058188518,2.9013862e-24,32.0,-2.0,0.0
-3.7334474e-05,0.04315026,0.0048912796,1.0730578e-23,32.306,-2.0,0.0
-2.8473469e-05,0.04381118,0.0025099525,-3.313968e-23,32.611,-2.0,0.0
-2.5324418e-05,0.044355217,0.00050939573,2.6059723e-23,32.917,-2.0,0.0
-3.103508e-05,0.04521694,-0.0022664745,7.1137836e-24,33.222,-2.0,0.0
-3.131143e-05,0.045747966,-0.0049259057,-1.31797074e-23,33.528,-2.0,0.0
-2.4310099e-05,0.04592111,-0.0066767987,-8.8127855e-23,33.833,-2.0,0.0
-2.5192428e-05,0.046393774,-0.008831404,-9.627102000000001e-23,34.139,-2.0,0.0
-3.1570187e-05,0.046469845,-0.009838732,-1.0078439000000001e-22,34.444,-2.0,0.0
-2.5975058e-05,0.046149243,-0.010262796,-4.4309875e-24,34.75,-2.0,0.0
-2.0723677e-05,0.04611818,-0.010735939,9.15271e-23,35.056,-2.0,0.0
-3.7793587e-05,0.045913257,-0.010504183,9.4702424e-23,35.361,-2.0,0.0
-1.7383738e-05,0.045344334,-0.011052162,-8.472896e-23,35.667,-2.0,0.0
-2.2028391e-05,0.04465644,-0.011230521,1.63661e-23,35.972,-2.0,0.0
-3.0030184e-05,0.044017162,-0.012421875,1.2299818e-23,36.278,-2.0,0.0
-2.0130945e-05,0.04422792,-0.012530122,-2.1231289e-23,36.583,-2.0,0.0
-3.024413e-05,0.043321505,-0.014097417,1.3591834e-23,36.889,-2.0,0.0
-1.6421794e-05,0.043403428,-0.014610035,-1.2676288e-23,37.194,-2.0,0.0
-2.6961323e-05,0.043475937,-0.015002655,1.8645062e-23,37.5,-2.0,0.0
-2.502559e-05,0.043772206,-0.013554941,3.8106904e-23,37.806,-2.0,0.0
-1.8507917e-05,0.044270426,-0.012979433,5.6677573e-24,38.111,-2.0,0.0
-1.9053747e-05,0.04482036,-0.011042124,6.613035e-23,38.417,-2.0,0.0
-9.63089e-06,0.045927018,-0.00825838,1.0583888e-23,38.722,-2.0,0.0
-1.1334814e-05,0.046873294,-0.0049494137,9.360963999999999e-24,39.028,-2.0,0.0
-1.9523775e-05,0.047801346,-0.0018280898,1.23182965e-23,39.333,-2.0,0.0
-5.5783903e-06,0.048559725,0.00087381573,4.8963145000000004e-24,39.639,-2.0,0.0
-3.3807202e-05,0.04898378,0.0033970927,-2.073707e-24,39.944,-2.0,0.0
-1.0153077e-05,0.049464695,0.0051865503,-4.0039197e-23,40.25,-2.0,0.0
-3.6078363e-06,0.0497687,0.0070260568,-5.050148e-23,40.556,-2.0,0.0
-2.6484122e-07,0.049729,0.008069402,2.8321028e-23,40.861,-2.0,0.0
-4.555808e-06,0.04983611,0.0079413485,-5.002489e-24,41.167,-2.0,0.0
-1.5694503e-05,0.049511086,0.008243772,-1.10565545e-23,41.472,-2.0,0.0
-5.8685728e-06,0.049648635,0.0077506714,6.843993e-24,41.778,-2.0,0.0
-1.40976135e-05,0.049562186,0.008106935,4.2914640000000004e-23,42.083,-2.0,0.0
-2.7561447e-05,0.049435455,0.00832482,2.3332011e-23,42.389,-2.0,0.0
-4.9737937e-06,0.04908818,0.007804381,2.7395763e-23,42.694,-2.0,0.0
-6.6001267e-06,0.049182415,0.007873933,-6.014917e-23,43.0,-2.0,0.0
-1.3005836e-05,0.04908052,0.0075785993,5.9866212e-24,43.306,-2.0,0.0
-6.4974092e-06,0.048694443,0.008101384,-4.4468026e-24,43.611,-2.0,0.0
-1.3389785e-05,0.048654195,0.0074313893,1.1230507999999999e-23,43.917,-2.0,0.0
-1.6463237e-06,0.048802443,0.0067532286,1.8285998e-23,44.222,-2.0,0.0
-8.41593e-06,0.0482752,0.006609765,5.456713000000001e-23,44.528,-2.0,0.0
-2.1197113e-05,0.047846958,0.006425822,8.56347e-24,44.833,-2.0,0.0
-1.5516198e-05,0.047676355,0.0066740606,5.770095e-23,45.139,-2.0,0.0
-1.3987097e-05,0.04723335,0.0064800084,-6.4897125000000004e-24,45.444,-2.0,0.0
-1.2579892e-05,0.04674951,0.0074425144,-3.8478287e-23,45.75,-2.0,0.0
7.390492e-06,0.046464093,0.0070043476,-5.211359000000001e-23,46.056,-2.0,0.0
3.6745405e-08,0.04621634,0.007890694,-6.1787474e-23,46.361,-2.0,0.0
-1.5002083e-05,0.0458083,0.007858044,8.3846195e-24,46.667,-2.0,0.0
-1.3996365e-05,0.045619085,0.0072957696,-5.676604000000001e-23,46.972,-2.0,0.0
-2.339881e-05,0.045659464,0.0074358224,-2.2532795999999998e-23,47.278,-2.0,0.0
-1.9010487e-05,0.045531154,0.0063511366,-2.0058625e-23,47.583,-2.0,0.0
-1.152823e-05,0.04596725,0.005311926,1.179833e-23,47.889,-2.0,0.0
-3.4674522e-06,0.0460642,0.0036421502,-6.341321000000001e-23,48.194,-2.0,0.0
-1.0972397e-05,0.046247885,0.0016176929,2.1846928e-23,48.5,-2.0,0.0
3.4382338e-06,0.04652438,-4.730746e-05,-2.9185025999999997e-23,48.806,-2.0,0.0
-2.9460225e-06,0.046856433,-0.0021298272,-3.1390960000000004e-23,49.111,-2.0,0.0
7.925695e-06,0.047286756,-0.004731654,4.2659800000000004e-23,49.417,-2.0,0.0
-3.795485e-06,0.04717825,-0.0057705618,-5.553581e-25,49.722,-2.0,0.0
-2.1304582e-05,0.047271196,-0.0066466583,-3.0777340000000005e-23,50.028,-2.0,0.0
-6.896451e-06,0.047662936,-0.0076638935,1.16552495e-23,50.333,-2.0,0.0
2.428802e-06,0.047269717,-0.008221269,-1.7535305e-23,50.639,-2.0,0.0
-3.2365379e-06,0.04716966,-0.008970906,-4.0263030000000003e-23,50.944,-2.0,0.0
-1.1722845e-05,0.047151342,-0.00904043,3.5432855e-24,51.25,-2.0,0.0
-1.8045841e-05,0.046650693,-0.009777778,-3.5601986999999996e-23,51.556,-2.0,0.0
-1.5353224e-05,0.046552725,-0.010512501,2.57463e-23,51.861,-2.0,0.0
-2.2592843e-05,0.046361007,-0.011209783,-1.7581411999999998e-23,52.167,-2.0,0.0
-2.019985e-05,0.046063654,-0.011696111,-1.4845731e-24,52.472,-2.0,0.0
-6.15398e-07,0.04612512,-0.011589952,7.192574000000001e-23,52.778,-2.0,0.0
-2.5883855e-06,0.045976564,-0.011686233,4.3293898e-23,53.083,-2.0,0.0
-7.179087e-06,0.045964465,-0.011565875,1.0012231399999999e-22,53.389,-2.0,0.0
-5.7803445e-06,0.046188205,-0.011536462,-4.4011724e-23,53.694,-2.0,0.0
7.398936e-06,0.046316925,-0.010189258,3.3633040000000005e-23,54.0,-2.0,0.0
-1.4715905e-05,0.04702039,-0.00879121,-4.0268358e-23,54.306,-2.0,0.0
-2.3851431e-05,0.047531176,-0.007080042,2.8345098e-23,54.611,-2.0,0.0
-4.600406e-07,0.047855854,-0.0048750285,-1.950039e-24,54.917,-2.0,0.0
-1.1164252e-05,0.04842162,-0.0021684612,-2.0868741e-23,55.222,-2.0,0.0
1.3430998e-05,0.049115606,-0.00010211347,4.7983948e-23,55.528,-2.0,0.0
3.9415463e-06,0.049526993,0.0013908299,9.759883000000001e-23,55.833,-2.0,0.0
-5.2984833e-06,0.0498005,0.0033581662,3.6860630000000003e-25,56.139,-2.0,0.0
-4.234327e-06,0.049917307,0.0047340444,-6.6424865e-24,56.444,-2.0,0.0
-8.4472895e-06,0.049742837,0.005611441,8.133209000000001e-23,56.75,-2.0,0.0
-1.0576405e-06,0.0499129,0.0067447163,4.0840276e-25,57.056,-2.0,0.0
-1.0634332e-05,0.049648214,0.0070649176,8.576445e-24,57.361,-2.0,0.0
-1.1014481e-07,0.049816616,0.0062093907,-3.5893500000000004e-23,57.667,-2.0,0.0
-1.0145322e-06,0.04965195,0.007143284,-4.6176510000000005e-23,57.972,-2.0,0.0
-1.2150958e-05,0.0494379,0.0065180203,8.9039046e-24,58.278,-2.0,0.0
-1.5239966e-05,0.049518604,0.006351006,1.8693353e-24,58.583,-2.0,0.0
5.9546464e-06,0.049571402,0.0065098032,1.624907e-23,58.889,-2.0,0.0
8.708303e-06,0.04919773,0.0064934464,-4.3534760000000003e-23,59.194,-2.0,0.0
-9.392115e-06,0.049099334,0.0060643144,-1.05129284e-23,59.5,-2.0,0.0
-5.3234508e-06,0.048914395,0.0060092183,-2.5897660000000002e-23,59.806,-2.0,0.0
2.066743e-06,0.048908494,0.006348743,-6.5603945e-24,60.111,-2.0,0.0
-2.4390538e-06,0.048501447,0.00628573,-9.0138756e-23,60.417,-2.0,0.0
-1.6658674e-05,0.048341446,0.0062553817,6.378959e-23,60.722,-2.0,0.0
-9.139725e-06,0.048047144,0.0061897784,1.0738987500000001e-23,61.028,-2.0,0.0
7.214512e-06,0.048359193,0.0066629406,-1.5503528e-23,61.333,-2.0,0.0
1.3985937e-06,0.047700413,0.0062272735,-2.720992e-23,61.639,-2.0,0.0
-1.123689e-05,0.047671292,0.0063899034,2.7911792e-23,61.944,-2.0,0.0
-4.2092506e-06,0.047860153,0.006710655,4.0587032e-23,62.25,-2.0,0.0
-1.4097979e-05,0.04776451,0.0064160074,2.4628212e-23,62.556,-2.0,0.0
7.894392e-06,0.047484957,0.005931665,-5.676921000000001e-23,62.861,-2.0,0.0
9.086485e-06,0.047235586,0.005530377,-9.013553e-24,63.167,-2.0,0.0
7.880284e-06,0.046982124,0.004320383,1.4028950999999998e-23,63.472,-2.0,0.0
3.2157623e-06,0.04692559,0.0034411033,5.438319e-23,63.778,-2.0,0.0
4.341953e-06,0.046691943,0.0022413107,2.0934475e-24,64.083,-2.0,0.0
6.259077e-06,0.046740204,0.00074701896,-3.7433305e-23,64.389,-2.0,0.0
1.2229586e-05,0.046672422,-0.0010365555,-1.1048647e-23,64.694,-2.0,0.0
-7.858343e-06,0.046826042,-0.0014022514,-2.8589133e-23,65.0,-2.0,0.0
-0.00021799504,0.05131809,0.029164243,-3.5444770000000006e-23,10.306,-1.3333,0.0
-0.00018538692,0.05264137,0.027005503,1.5606805e-23,10.611,-1.3333,0.0
-0.00018657233,0.052523337,0.023567762,1.3185968e-23,10.917,-1.3333,0.0
-0.00016256965,0.05130741,0.01967817,1.3552858e-23,11.222,-1.3333,0.0
-0.00016273772,0.04927438,0.01660542,-5.499953399999999e-23,11.528,-1.3333,0.0
-0.00013745413,0.047302965,0.015156349,-3.9887837e-23,11.833,-1.3333,0.0
-0.00012215726,0.044837244,0.014213551,-2.7104503e-23,12.139,-1.3333,0.0
-0.00012042711,0.043202303,0.014417226,-2.9573322000000002e-24,12.444,-1.3333,0.0
-0.00013161832,0.041921552,0.014682707,-3.7656837e-23,12.75,-1.3333,0.0
-0.00011369747,0.04168432,0.015038113,5.2634870000000005e-23,13.056,-1.3333,0.0
-0.000113013375,0.041589156,0.014633777,4.0261896e-23,13.361,-1.3333,0.0
-8.898285e-05,0.042040154,0.014866776,2.9290292e-23,13.667,-1.3333,0.0
-8.538636e-05,0.042389415,0.014561275,-3.0979186e-23,13.972,-1.3333,0.0
-0.000109560446,0.041958887,0.0123384185,4.3025003999999997e-23,14.278,-1.3333,0.0
-0.000103256585,0.041707292,0.011453709,6.686663e-23,14.583,-1.3333,0.0
-8.8113986e-05,0.040753484,0.0108006485,-5.574942000000001e-23,14.889,-1.3333,0.0
-8.184608e-05,0.039419793,0.01001011,4.8643713e-23,15.194,-1.3333,0.0
-8.473626e-05,0.0380411,0.01027747,-3.9860977e-23,15.5,-1.3333,0.0
-7.5764096e-05,0.036503185,0.009920684,8.0639e-23,15.806,-1.3333,0.0
-8.726047e-05,0.03506153,0.010214638,-8.324969e-24,16.111,-1.3333,0.0
-7.496103e-05,0.03394492,0.009578277,-4.0375592e-23,16.417,-1.3333,0.0
-7.221251e-05,0.03378433,0.008378675,-1.6489186999999998e-23,16.722,-1.3333,0.0
-7.430373e-05,0.034408297,0.0063734,2.5844344999999997e-25,17.028,-1.3333,0.0
-6.317365e-05,0.034940504,0.0025496045,-1.9505337e-23,17.333,-1.3333,0.0
-5.587659e-05,0.037071377,-0.0021276572,1.3826195e-23,17.639,-1.3333,0.0
-7.506088e-05,0.038661554,-0.0070441402,2.789175e-23,17.944000000000003,-1.3333,0.0
-7.834072e-05,0.04061786,-0.0116730165,-6.217137000000001e-23,18.25,-1.3333,0.0
-7.622155e-05,0.042412627,-0.015243221,2.4547546e-23,18.556,-1.3333,0.0
-6.90109e-05,0.044128537,-0.01672605,5.1920957e-23,18.861,-1.3333,0.0
-7.566734e-05,0.044870734,-0.017117133,2.1256785e-23,19.167,-1.3333,0.0
-7.182087e-05,0.04556355,-0.016731318,-4.080847e-23,19.472,-1.3333,0.0
-8.554015e-05,0.045319628,-0.016070167,6.4876375e-23,19.778,-1.3333,0.0
-6.026553e-05,0.044864148,-0.015281795,3.340908e-24,20.083,-1.3333,0.0
-4.8887236e-05,0.043668635,-0.013932822,-3.4092448e-23,20.389,-1.3333,0.0
-6.8152716e-05,0.042553645,-0.013633726,2.452532e-23,20.694000000000003,-1.3333,0.0
-7.3477524e-05,0.041275382,-0.014383288,1.600537e-23,21.0,-1.3333,0.0
-5.8444435e-05,0.039907366,-0.015642373,5.299025e-24,21.306,-1.3333,0.0
-5.591499e-05,0.039322004,-0.017001702,3.2935075e-23,21.611,-1.3333,0.0
-5.592605e-05,0.038543448,-0.01778775,2.9981415999999997e-23,21.917,-1.3333,0.0
-5.132641e-05,0.03848559,-0.018062452,-4.5096840000000004e-23,22.222,-1.3333,0.0
-4.626769e-05,0.039118193,-0.016905148,6.519483e-23,22.528,-1.3333,0.0
-2.8032833e-05,0.04033669,-0.015100398,-2.6824855e-23,22.833,-1.3333,0.0
-3.9355058e-05,0.041787244,-0.011529361,-1.0226472e-22,23.139,-1.3333,0.0
-3.902342e-05,0.043709293,-0.006513131,1.3791106e-23,23.444000000000003,-1.3333,0.0
-4.4647357e-05,0.04537192,-0.0014573061,7.748381e-24,23.75,-1.3333,0.0
-4.750201e-05,0.0470818,0.0029289653,5.1485758e-23,24.056,-1.3333,0.0
-4.4671426e-05,0.048988946,0.007459509,1.8504569e-23,24.361,-1.3333,0.0
-3.8487924e-05,0.049846478,0.009516856,9.617863000000001e-23,24.667,-1.3333,0.0
-3.557403e-05,0.050623924,0.011713682,2.0667297e-23,24.972,-1.3333,0.0
-3.999796e-05,0.051078986,0.012193246,2.0523005e-25,25.278,-1.3333,0.0
-4.6279645e-05,0.050945975,0.012448004,-7.89391e-24,25.583,-1.3333,0.0
-2.6779497e-05,0.050470445,0.011576895,-3.4818427e-23,25.889,-1.3333,0.0
-3.609835e-05,0.05027456,0.010996214,1.7825227e-23,26.194000000000003,-1.3333,0.0
-4.6107707e-05,0.049743332,0.009836484,-7.7385235e-24,26.5,-1.3333,0.0
-3.6076926e-05,0.0495186,0.0096209375,2.5987729e-24,26.806,-1.3333,0.0
-3.5686477e-05,0.048951678,0.010019581,-3.9983314e-23,27.111,-1.3333,0.0
-4.002612e-05,0.0483582,0.010138203,-8.835241999999999e-26,27.417,-1.3333,0.0
-3.2410786e-05,0.048100114,0.010505946,-1.1436350000000001e-23,27.722,-1.3333,0.0
-4.5295656e-05,0.047715247,0.010438743,5.5172805e-23,28.028,-1.3333,0.0
-4.8622947e-05,0.04702083,0.010215727,-6.985208e-23,28.333,-1.3333,0.0
-3.3376542e-05,0.04676802,0.00970776,-9.263524e-24,28.639,-1.3333,0.0
-3.2192736e-05,0.046708502,0.0095051965,3.936416e-24,28.944000000000003,-1.3333,0.0
-2.2922437e-05,0.045920715,0.008940566,1.13423e-22,29.25,-1.3333,0.0
-3.2585842e-05,0.045771904,0.008255564,4.1457783e-23,29.556,-1.3333,0.0
-3.5339755e-05,0.0453399,0.0079866145,-8.046481999999999e-24,29.861,-1.3333,0.0
-2.9635175e-05,0.04477294,0.008057702,-5.1300016e-23,30.167,-1.3333,0.0
-2.0312615e-05,0.04421307,0.009110978,2.6010953e-25,30.472,-1.3333,0.0
-3.0291301e-05,0.043634877,0.008952854,-5.202862e-23,30.778,-1.3333,0.0
-2.5642901e-05,0.043201506,0.009538769,-2.9432362999999997e-23,31.083,-1.3333,0.0
-4.321106e-05,0.042931035,0.009374111,-8.813038000000001e-23,31.389,-1.3333,0.0
-2.6168353e-05,0.042646244,0.0083445795,-3.0611085e-23,31.694000000000003,-1.3333,0.0
-2.3308836e-05,0.042998195,0.0065387553,2.3350295e-23,32.0,-1.3333,0.0
-3.0471956e-05,0.04332321,0.004312097,-1.4868350000000002e-23,32.306,-1.3333,0.0
-3.2338972e-05,0.043681253,0.0011670128,-5.1765936e-24,32.611,-1.3333,0.0
-3.7614078e-05,0.0443292,-0.00094764645,4.704186e-24,32.917,-1.3333,0.0
-1.6626102e-05,0.045070082,-0.0038969843,1.8383766e-23,33.222,-1.3333,0.0
-1.8581515e-05,0.04577124,-0.006168302,-4.921432e-24,33.528,-1.3333,0.0
-2.674221e-05,0.0462756,-0.008059913,3.1329264e-23,33.833,-1.3333,0.0
-8.021321e-06,0.046372175,-0.009523345,7.281623e-23,34.139,-1.3333,0.0
-2.9539813e-05,0.04657591,-0.009850969,3.2419735e-23,34.444,-1.3333,0.0
-2.5527293e-05,0.04659202,-0.010378001,-1.6547418e-23,34.75,-1.3333,0.0
-1.9260453e-05,0.04653482,-0.010398215,-1.3593954e-23,35.056,-1.3333,0.0
-2.7088592e-05,0.046042748,-0.010273679,6.676414e-24,35.361,-1.3333,0.0
-1.3772662e-05,0.045605827,-0.010610979,-4.7578688e-23,35.667,-1.3333,0.0
-3.5955956e-05,0.045142,-0.0104506025,4.044736e-23,35.972,-1.3333,0.0
-2.4334186e-05,0.04471343,-0.011304708,7.220990399999999e-23,36.278,-1.3333,0.0
-1.4129902e-05,0.044088557,-0.012172021,6.3603444e-23,36.583,-1.3333,0.0
-1.961643e-05,0.043686993,-0.012647838,6.588026000000001e-23,36.889,-1.3333,0.0
-2.7295035e-05,0.043475702,-0.013681753,-2.1701248e-24,37.194,-1.3333,0.0
-1.2945591e-05,0.043292418,-0.0138528505,6.173825000000001e-23,37.5,-1.3333,0.0
-6.320184e-06,0.043653794,-0.013707859,-2.4398774e-24,37.806,-1.3333,0.0
-1.2391368e-05,0.043857988,-0.012884738,-4.9279510000000005e-23,38.111,-1.3333,0.0
-1.1602968e-05,0.04410114,-0.012034288,-6.937533e-24,38.417,-1.3333,0.0
-1.9087822e-05,0.044902682,-0.010240808,-9.491574000000001e-25,38.722,-1.3333,0.0
-1.3784083e-06,0.04576607,-0.0076376195,-3.4404382e-23,39.028,-1.3333,0.0
-5.6977806e-06,0.046317846,-0.0045663347,-8.056042000000001e-23,39.333,-1.3333,0.0
-2.4539371e-05,0.04702796,-0.0019449054,3.1558652e-23,39.639,-1.3333,0.0
-9.377498e-06,0.04730306,0.0009310582,-3.2633345e-24,39.944,-1.3333,0.0
-1.9738687e-05,0.048226908,0.0038509239,5.636607e-24,40.25,-1.3333,0.0
-1.0956399e-05,0.04847552,0.0056368946,4.3047824e-23,40.556,-1.3333,0.0
7.691451e-07,0.048828393,0.0073209265,-3.81064e-23,40.861,-1.3333,0.0
-4.456838e-06,0.04884184,0.008281897,1.8902407e-23,41.167,-1.3333,0.0
-1.6177964e-05,0.04899519,0.007995781,-3.8985153e-23,41.472,-1.3333,0.0
-1.2963899e-05,0.048952926,0.008406404,6.6031066e-23,41.778,-1.3333,0.0
-3.840266e-06,0.04903703,0.008115663,-1.052505e-23,42.083,-1.3333,0.0
-6.0273305e-07,0.04874143,0.008126096,-1.6289460000000002e-23,42.389,-1.3333,0.0
-5.4051707e-06,0.048258856,0.0071360096,-2.9016652e-23,42.694,-1.3333,0.0
-9.8202945e-06,0.048308104,0.007882858,-4.032647e-23,43.0,-1.3333,0.0
-8.4207895e-06,0.048012026,0.007698548,-5.9062685e-23,43.306,-1.3333,0.0
-7.871581e-06,0.047998846,0.0072703753,1.1285529e-23,43.611,-1.3333,0.0
-2.161405e-05,0.047959134,0.0071341963,5.393163000000001e-23,43.917,-1.3333,0.0
-1.1859936e-05,0.04767296,0.0066922684,6.7927714e-23,44.222,-1.3333,0.0
7.3558476e-07,0.04775344,0.006861795,3.402568e-23,44.528,-1.3333,0.0
-3.919311e-06,0.047262512,0.0072760703,5.38662e-23,44.833,-1.3333,0.0
-2.8063072e-05,0.046948105,0.007561364,-5.1089005e-23,45.139,-1.3333,0.0
-9.4368115e-06,0.04653332,0.0077753053,2.8792406999999997e-23,45.444,-1.3333,0.0
6.953178e-07,0.046079688,0.007776815,-2.1936164e-23,45.75,-1.3333,0.0
-9.480635e-06,0.046436563,0.008708328,1.8647990000000002e-23,46.056,-1.3333,0.0
-7.2949933e-06,0.045591563,0.008803997,-3.193622e-23,46.361,-1.3333,0.0
-5.8338915e-06,0.045676924,0.009013208,-3.5206783e-23,46.667,-1.3333,0.0
-1.2193108e-05,0.045201305,0.008792609,9.552083e-24,46.972,-1.3333,0.0
-3.6257734e-06,0.04555326,0.008008741,-8.912942e-24,47.278,-1.3333,0.0
-6.021408e-06,0.045866333,0.006469402,3.1718658e-23,47.583,-1.3333,0.0
-7.4595628e-06,0.04544659,0.005268354,1.9271253e-23,47.889,-1.3333,0.0
-3.9684965e-06,0.046291098,0.003743867,-4.5767010000000006e-23,48.194,-1.3333,0.0
-5.2011933e-06,0.04638918,0.0009467011,3.6521344e-23,48.5,-1.3333,0.0
-5.1698426e-06,0.04673774,-0.0016259723,-1.6390182e-23,48.806,-1.3333,0.0
-5.8887235e-06,0.04695577,-0.0033832153,-3.3546203e-23,49.111,-1.3333,0.0
-1.813926e-05,0.047175407,-0.004930499,-2.0864171999999999e-23,49.417,-1.3333,0.0
-3.9677616e-06,0.047526807,-0.0065680826,3.414417e-24,49.722,-1.3333,0.0
-1.0726129e-05,0.04758609,-0.00793851,-1.2614807e-23,50.028,-1.3333,0.0
6.8021036e-06,0.04771024,-0.00790657,-1.1928082000000001e-24,50.333,-1.3333,0.0
5.685408e-06,0.047537226,-0.008510793,-1.9679870000000002e-23,50.639,-1.3333,0.0
2.6481896e-06,0.047607727,-0.008585693,-4.6180296e-23,50.944,-1.3333,0.0
-9.1541515e-06,0.047053885,-0.008877992,-8.1411354e-23,51.25,-1.3333,0.0
-8.40376e-06,0.0472503,-0.009319715,4.8697430000000005e-23,51.556,-1.3333,0.0
-4.9964015e-06,0.04682069,-0.009414899,2.0215539e-24,51.861,-1.3333,0.0
-3.5682024e-07,0.04670561,-0.00975754,1.0907586000000001e-22,52.167,-1.3333,0.0
-9.270894e-06,0.04644479,-0.010509903,2.5830310000000003e-23,52.472,-1.3333,0.0
-5.7273137e-06,0.04630636,-0.010242159,4.9893572e-23,52.778,-1.3333,0.0
-4.2388354e-05,0.045901336,-0.011188257,-5.8698294e-23,53.083,-1.3333,0.0
-2.3274908e-05,0.045797333,-0.010545553,3.662358e-23,53.389,-1.3333,0.0
-1.1732436e-07,0.046063818,-0.010385187,1.3189249500000001e-23,53.694,-1.3333,0.0
2.379039e-06,0.04620733,-0.010316096,-4.0125934e-23,54.0,-1.3333,0.0
-1.7652474e-05,0.046596356,-0.009095587,3.0133376e-23,54.306,-1.3333,0.0
-8.523159e-06,0.04686504,-0.007680303,-3.3159825e-23,54.611,-1.3333,0.0
-4.18716e-06,0.04711382,-0.006217949,-3.586553e-24,54.917,-1.3333,0.0
-4.5984743e-06,0.047838643,-0.0040214905,-1.7837603e-23,55.222,-1.3333,0.0
-6.8394656e-06,0.048446935,-0.0020743464,2.3546526e-23,55.528,-1.3333,0.0
6.981136e-06,0.04865534,0.00016934471,4.7304920000000005e-23,55.833,-1.3333,0.0
-7.690114e-06,0.04907773,0.0014085849,-7.0214565e-23,56.139,-1.3333,0.0
-1.7102548e-06,0.049727507,0.0034681666,-4.5856420000000003e-23,56.444,-1.3333,0.0
-1.4517231e-05,0.04973018,0.004670376,-1.1264116000000002e-22,56.75,-1.3333,0.0
-2.2060653e-05,0.04952705,0.006078847,6.470563e-23,57.056,-1.3333,0.0
-7.6215656e-06,0.04946962,0.0066278395,-1.9277085e-23,57.361,-1.3333,0.0
-9.966256e-06,0.049227472,0.006980304,3.5722e-23,57.667,-1.3333,0.0
-6.622595e-07,0.049517743,0.0068577183,-3.8901961999999997e-23,57.972,-1.3333,0.0
1.7129278e-06,0.04904775,0.006785041,-4.8416117e-23,58.278,-1.3333,0.0
1.4046388e-05,0.04873608,0.006327129,-4.5745400000000005e-23,58.583,-1.3333,0.0
-4.545822e-06,0.048678305,0.0064660497,-5.525823000000001e-23,58.889,-1.3333,0.0
5.1724273e-06,0.04877851,0.007264274,-5.690401e-23,59.194,-1.3333,0.0
2.663529e-06,0.04862778,0.006067536,-9.622841e-24,59.5,-1.3333,0.0
-1.4534227e-05,0.048346438,0.006723529,8.7798906e-23,59.806,-1.3333,0.0
-2.201763e-06,0.0482838,0.0072681997,1.6577439e-23,60.111,-1.3333,0.0
-8.236841e-06,0.0483365,0.0064526843,3.8386855e-24,60.417,-1.3333,0.0
3.7406862e-06,0.04794711,0.0066655986,-1.02716e-23,60.722,-1.3333,0.0
-5.802669e-06,0.04755164,0.0066637853,1.9067109e-23,61.028,-1.3333,0.0
6.9623748e-06,0.047515925,0.0071140984,3.5469862e-23,61.333,-1.3333,0.0
-4.636292e-06,0.047291875,0.0069141313,-4.6754082e-23,61.639,-1.3333,0.0
2.0664775e-06,0.047157582,0.006978636,2.5008279e-23,61.944,-1.3333,0.0
-1.16051524e-07,0.0467439,0.006908257,-9.0727334e-24,62.25,-1.3333,0.0
2.9868243e-06,0.046840314,0.00680323,-3.215508e-23,62.556,-1.3333,0.0
-1.4470668e-05,0.046343006,0.0064243292,1.0090553e-23,62.861,-1.3333,0.0
1.222259e-06,0.046781402,0.005651539,6.280999e-24,63.167,-1.3333,0.0
9.306228e-06,0.046654485,0.0044346927,1.4213784e-23,63.472,-1.3333,0.0
8.4751844e-07,0.047010172,0.0034729424,-7.968278e-24,63.778,-1.3333,0.0
6.7847486e-06,0.04701817,0.0017274399,1.1676101e-23,64.083,-1.3333,0.0
-4.5417655e-06,0.04706965,0.00052078394,3.3866673e-23,64.389,-1.3333,0.0
1.29818145e-05,0.047005825,-0.0014534385,4.1394895e-23,64.694,-1.3333,0.0
1.4299296e-05,0.047054928,-0.0014833998,-5.485802e-24,65.0,-1.3333,0.0
-0.00021717248,0.040045578,0.023161013,-2.7838712e-24,10.306,-0.66667,0.0
-0.00017477073,0.044054322,0.026218165,-2.5150653000000002e-24,10.611,-0.66667,0.0
-0.00016304963,0.04638449,0.025730006,-4.2100080000000003e-23,10.917,-0.66667,0.0
-0.00015871742,0.047323793,0.0237411,2.2716266e-23,11.222,-0.66667,0.0
-0.00015317518,0.047127314,0.020630844,-6.044295000000001e-23,11.528,-0.66667,0.0
-0.00014035517,0.046008274,0.017467,-4.1408306e-23,11.833,-0.66667,0.0
-0.00011668007,0.04484346,0.01579036,3.6918943e-23,12.139,-0.66667,0.0
-0.000119739656,0.043177303,0.01533153,-3.291254e-25,12.444,-0.66667,0.0
-0.00011835018,0.04234743,0.015522463,-6.299467e-23,12.75,-0.66667,0.0
-0.000108122134,0.04133266,0.015174691,-1.7411788e-23,13.056,-0.66667,0.0
-9.76086e-05,0.04058814,0.015434328,3.6573056e-23,13.361,-0.66667,0.0
-9.465928e-05,0.04040116,0.014890199,-2.6637094e-23,13.667,-0.66667,0.0
-9.384981e-05,0.03968169,0.015213406,3.2921097e-23,13.972,-0.66667,0.0
-8.138169e-05,0.039196555,0.01521236,-1.9064382999999998e-23,14.278,-0.66667,0.0
-7.795221e-05,0.038309783,0.014379293,3.639211e-23,14.583,-0.66667,0.0
-9.6255615e-05,0.037465475,0.013398847,-7.1393805e-24,14.889,-0.66667,0.0
-6.2476545e-05,0.03644985,0.012615863,1.0188034000000001e-22,15.194,-0.66667,0.0
-8.30203e-05,0.035308015,0.012272922,6.9864046e-25,15.5,-0.66667,0.0
-6.443504e-05,0.0339858,0.01257812,2.6066678e-24,15.806,-0.66667,0.0
-7.9128746e-05,0.033682317,0.011505333,1.28137264e-23,16.111,-0.66667,0.0
-6.744947e-05,0.033715263,0.010485095,-1.9706894e-23,16.417,-0.66667,0.0
-6.517797e-05,0.034417033,0.0077739023,1.0927502999999999e-23,16.722,-0.66667,0.0
-7.691764e-05,0.03616237,0.0038582282,5.013293e-23,17.028,-0.66667,0.0
-7.189385e-05,0.037897184,-0.0009309158,-3.7769398e-23,17.333,-0.66667,0.0
-8.302245e-05,0.039444096,-0.0067712115,-7.6684967e-23,17.639,-0.66667,0.0
-6.584321e-05,0.04131231,-0.011084249,-5.1529302999999997e-23,17.944000000000003,-0.66667,0.0
-7.4665804e-05,0.042773463,-0.015019021,4.1449050000000005e-23,18.25,-0.66667,0.0
-5.4436e-05,0.04389786,-0.017238878,-4.7518154e-23,18.556,-0.66667,0.0
-7.032392e-05,0.04476831,-0.017482312,4.1402650000000003e-23,18.861,-0.66667,0.0
-6.6834604e-05,0.045624703,-0.017149113,-3.4787075e-23,19.167,-0.66667,0.0
-5.809542e-05,0.04597629,-0.01620651,1.7280345e-23,19.472,-0.66667,0.0
-5.4376163e-05,0.04549803,-0.014952244,1.1652826e-23,19.778,-0.66667,0.0
-5.607343e-05,0.045109145,-0.014092317,5.8549887e-25,20.083,-0.66667,0.0
-5.748554e-05,0.043937437,-0.013853138,1.1557203500000001e-23,20.389,-0.66667,0.0
-6.381083e-05,0.04275831,-0.013656031,1.6115128e-23,20.694000000000003,-0.66667,0.0
-5.2203886e-05,0.04205277,-0.013362338,2.6460894e-23,21.0,-0.66667,0.0
-5.942018e-05,0.04091616,-0.014556013,3.1143913e-23,21.306,-0.66667,0.0
-5.660818e-05,0.03976181,-0.015172493,6.261339e-23,21.611,-0.66667,0.0
-6.151184e-05,0.03884787,-0.016194075,3.7584010000000005e-23,21.917,-0.66667,0.0
-6.324384e-05,0.03850446,-0.015644826,3.3489506e-23,22.222,-0.66667,0.0
-2.8412695e-05,0.038873725,-0.016642129,6.326740000000001e-24,22.528,-0.66667,0.0
-3.7259048e-05,0.03910853,-0.0150822885,7.987483e-23,22.833,-0.66667,0.0
-4.566286e-05,0.040229104,-0.01324798,-1.4189273000000001e-24,23.139,-0.66667,0.0
-6.0657338e-05,0.041501153,-0.009752495,6.389849e-24,23.444000000000003,-0.66667,0.0
-4.6687404e-05,0.0426118,-0.006677955,4.0064138e-23,23.75,-0.66667,0.0
-2.6752703e-05,0.0444887,-0.0015414413,-2.4257284e-24,24.056,-0.66667,0.0
-3.1473304e-05,0.04555458,0.0023356494,5.1856813e-24,24.361,-0.66667,0.0
-4.43473e-05,0.04645843,0.00602149,-6.49046e-23,24.667,-0.66667,0.0
-4.1809588e-05,0.04773382,0.009540347,7.258126e-24,24.972,-0.66667,0.0
-4.0473496e-05,0.048431534,0.011006964,1.2356136999999999e-23,25.278,-0.66667,0.0
-4.859438e-05,0.04910437,0.012846133,-3.2613176e-23,25.583,-0.66667,0.0
-2.2662094e-05,0.049337745,0.012886286,-8.045038000000001e-23,25.889,-0.66667,0.0
-4.316232e-05,0.048987716,0.012539655,2.4644974e-23,26.194000000000003,-0.66667,0.0
-3.286675e-05,0.049108937,0.011415477,4.7930027e-23,26.5,-0.66667,0.0
-3.9592527e-05,0.048884936,0.01107583,6.005945e-24,26.806,-0.66667,0.0
-2.1356303e-05,0.04833717,0.010683539,-1.4990427e-23,27.111,-0.66667,0.0
-3.082813e-05,0.047957644,0.010675127,8.040954e-25,27.417,-0.66667,0.0
-2.5217156e-05,0.047140576,0.010911309,9.0754194e-23,27.722,-0.66667,0.0
-3.6057074e-05,0.04679122,0.011333138,4.4339712999999997e-23,28.028,-0.66667,0.0
-3.1369782e-05,0.04633747,0.010976095,2.5728074e-23,28.333,-0.66667,0.0
-2.4901448e-05,0.045950174,0.010925113,-3.6069220000000006e-23,28.639,-0.66667,0.0
-3.7575628e-05,0.045012105,0.010097912,5.7155383e-23,28.944000000000003,-0.66667,0.0
-3.1330404e-05,0.04459825,0.010197736,1.3340938e-23,29.25,-0.66667,0.0
-3.568532e-05,0.04437964,0.010242037,4.9977936e-23,29.556,-0.66667,0.0
-2.0918205e-05,0.043656606,0.0100991875,-1.9350846e-23,29.861,-0.66667,0.0
-2.2826362e-05,0.04364808,0.010477994,-5.03693e-23,30.167,-0.66667,0.0
-3.1585958e-05,0.04306425,0.010529239,-3.4095856e-23,30.472,-0.66667,0.0
-3.1017466e-05,0.043206822,0.010592732,1.5083879e-23,30.778,-0.66667,0.0
-2.5958827e-05,0.042929552,0.01016585,3.2581850000000003e-23,31.083,-0.66667,0.0
-1.5849422e-05,0.04286254,0.009759738,-4.6084320000000003e-23,31.389,-0.66667,0.0
-2.5974165e-05,0.04319462,0.008159386,-6.570896e-25,31.694000000000003,-0.66667,0.0
-1.1388447e-05,0.04354791,0.0057562515,-1.1112362e-23,32.0,-0.66667,0.0
-4.4817894e-05,0.044144794,0.0035253577,-4.4451962e-23,32.306,-0.66667,0.0
-3.2287928e-05,0.044903193,-0.00026067998,9.1345044e-24,32.611,-0.66667,0.0
-3.408282e-05,0.04557818,-0.0031307281,1.6847444e-23,32.917,-0.66667,0.0
-1.7253049e-05,0.04614757,-0.005717927,-4.6777836e-23,33.222,-0.66667,0.0
-2.4059478e-05,0.04699135,-0.0073905922,-6.3316526e-23,33.528,-0.66667,0.0
-2.442725e-05,0.04744485,-0.009158418,-4.8696320000000006e-23,33.833,-0.66667,0.0
-3.3281125e-05,0.047367193,-0.010175609,1.4962710000000002e-23,34.139,-0.66667,0.0
-1.3244973e-05,0.0477928,-0.010164188,3.3263930000000004e-23,34.444,-0.66667,0.0
-2.5434332e-05,0.047293182,-0.0108292345,-7.98248e-23,34.75,-0.66667,0.0
-2.4750512e-05,0.04735768,-0.010664977,-9.931519e-24,35.056,-0.66667,0.0
-2.3073488e-05,0.04681565,-0.010065177,-2.5936231999999998e-23,35.361,-0.66667,0.0
-3.2407977e-05,0.046423577,-0.010173837,-4.9862194e-23,35.667,-0.66667,0.0
-2.7745333e-05,0.04585658,-0.010313502,1.3746904999999998e-23,35.972,-0.66667,0.0
-1.8513474e-05,0.04516244,-0.010524592,-3.8764814e-23,36.278,-0.66667,0.0
-1.0255987e-05,0.044809457,-0.010652937,-2.4401677e-23,36.583,-0.66667,0.0
-2.3811917e-05,0.04403206,-0.01077992,3.2991753e-23,36.889,-0.66667,0.0
-2.7779002e-05,0.043715987,-0.011133534,-4.7734642e-23,37.194,-0.66667,0.0
-3.3752447e-05,0.043928757,-0.012069313,1.5938373e-23,37.5,-0.66667,0.0
-2.037988e-05,0.043545164,-0.012180056,4.5274305e-25,37.806,-0.66667,0.0
-2.1073363e-05,0.043858524,-0.011943783,-1.1523579e-23,38.111,-0.66667,0.0
1.1382181e-06,0.043902896,-0.011566015,-1.899187e-23,38.417,-0.66667,0.0
-1.0994365e-05,0.044054445,-0.010724209,1.670194e-23,38.722,-0.66667,0.0
-1.1240496e-05,0.044849135,-0.008994104,-1.6293701e-23,39.028,-0.66667,0.0
-3.234049e-05,0.04548796,-0.0063750194,6.166305e-23,39.333,-0.66667,0.0
-3.620793e-06,0.045843445,-0.0037820083,9.1266335e-23,39.639,-0.66667,0.0
-8.529041e-06,0.046585586,-0.0011322934,-3.5473447e-23,39.944,-0.66667,0.0
-2.4860656e-05,0.047307268,0.0018889769,-1.3367015e-23,40.25,-0.66667,0.0
-1.1688964e-05,0.047961883,0.004213366,2.7483636e-23,40.556,-0.66667,0.0
-4.1151507e-06,0.048383534,0.005799297,6.296804e-23,40.861,-0.66667,0.0
-3.2653126e-05,0.04864157,0.0072385743,4.7838847999999997e-23,41.167,-0.66667,0.0
-2.1760918e-05,0.04849854,0.008452624,2.6437064e-23,41.472,-0.66667,0.0
-1.4547764e-05,0.04853035,0.0081533985,-1.8375587e-23,41.778,-0.66667,0.0
-7.0774186e-06,0.048767902,0.008859023,1.0016590000000001e-23,42.083,-0.66667,0.0
-1.7494503e-06,0.04827101,0.008168481,-9.6360685e-24,42.389,-0.66667,0.0
-1.5386468e-05,0.047948606,0.00786443,-2.4271944e-23,42.694,-0.66667,0.0
-2.0481522e-05,0.047782376,0.0075461557,1.3646107e-23,43.0,-0.66667,0.0
-1.8507171e-05,0.04757105,0.007462995,4.144294e-23,43.306,-0.66667,0.0
-6.6955836e-06,0.047286727,0.008257369,-6.2435274e-23,43.611,-0.66667,0.0
-1.7873645e-06,0.047086515,0.0074990774,5.1578085999999996e-23,43.917,-0.66667,0.0
-2.9879593e-06,0.04648517,0.007793597,-4.5438261999999997e-23,44.222,-0.66667,0.0
-1.284041e-06,0.046139546,0.0073980284,3.0469570000000003e-23,44.528,-0.66667,0.0
-1.6422862e-05,0.046337254,0.007358008,-2.6255260000000004e-23,44.833,-0.66667,0.0
-1.713659e-06,0.04626616,0.008063735,2.9337472e-23,45.139,-0.66667,0.0
-5.6561803e-06,0.045810424,0.008316375,3.8113587e-23,45.444,-0.66667,0.0
-9.736181e-06,0.045650955,0.009110709,-2.9987468e-23,45.75,-0.66667,0.0
-1.11131285e-05,0.044787206,0.009383723,-6.234503e-23,46.056,-0.66667,0.0
-2.7414131e-05,0.045071494,0.0095561845,2.4904377e-23,46.361,-0.66667,0.0
-5.5473074e-06,0.044776883,0.009313159,-2.9615580000000004e-23,46.667,-0.66667,0.0
-7.9389465e-06,0.04521589,0.0087497635,-3.2040147e-23,46.972,-0.66667,0.0
-1.045132e-05,0.045541327,0.007699742,-7.312834000000001e-23,47.278,-0.66667,0.0
1.0308569e-05,0.045307934,0.0068025263,-3.0909262e-23,47.583,-0.66667,0.0
-1.2340279e-06,0.045511715,0.005021356,1.8689851999999998e-23,47.889,-0.66667,0.0
-8.909441e-06,0.04636349,0.0019020002,-1.9277993e-24,48.194,-0.66667,0.0
-1.0454722e-05,0.04672776,0.00015237648,-2.5254404e-23,48.5,-0.66667,0.0
4.598862e-06,0.04738056,-0.0030287658,-7.5865795e-23,48.806,-0.66667,0.0
-8.15613e-06,0.047356635,-0.0043777535,-8.587956e-24,49.111,-0.66667,0.0
-1.6251563e-05,0.04766357,-0.006027169,-1.1304566e-23,49.417,-0.66667,0.0
8.922296e-06,0.04816842,-0.007355932,7.273077e-23,49.722,-0.66667,0.0
-2.5890613e-06,0.048216365,-0.007988885,-1.7763128e-23,50.028,-0.66667,0.0
-6.9945545e-06,0.047942676,-0.00858167,-4.4283445e-23,50.333,-0.66667,0.0
-2.817835e-06,0.048060305,-0.00832614,-5.712691e-24,50.639,-0.66667,0.0
-1.2390388e-05,0.04783322,-0.008556094,-5.491393e-23,50.944,-0.66667,0.0
-4.5279012e-07,0.04790598,-0.008419713,4.3246295e-23,51.25,-0.66667,0.0
1.9684849e-06,0.04736536,-0.0086127855,-3.3865736e-23,51.556,-0.66667,0.0
-3.2266325e-07,0.047039263,-0.008362733,-5.0546673e-23,51.861,-0.66667,0.0
-4.5355832e-06,0.046860576,-0.008930509,-5.7923847e-25,52.167,-0.66667,0.0
-1.9274088e-05,0.04653506,-0.009344651,4.9716110000000006e-23,52.472,-0.66667,0.0
-3.6362399e-06,0.04615649,-0.009831589,1.6654810000000003e-23,52.778,-0.66667,0.0
-4.817135e-06,0.046055995,-0.009705287,-3.4019418e-23,53.083,-0.66667,0.0
7.8997255e-06,0.046041142,-0.009352986,1.2672520000000001e-23,53.389,-0.66667,0.0
3.9625884e-06,0.046008293,-0.010265412,1.1163959500000001e-23,53.694,-0.66667,0.0
-2.276108e-05,0.046400346,-0.009681108,-3.9040965999999996e-23,54.0,-0.66667,0.0
-8.3315435e-06,0.04662033,-0.008846548,1.3199144999999999e-23,54.306,-0.66667,0.0
-7.5333264e-06,0.046499472,-0.008107049,8.202866e-24,54.611,-0.66667,0.0
-5.6090757e-06,0.04715176,-0.00663656,3.5298244e-23,54.917,-0.66667,0.0
3.3698052e-06,0.04746766,-0.00510309,-3.0261815e-23,55.222,-0.66667,0.0
4.8002657e-06,0.048064385,-0.0040954947,6.6109826e-24,55.528,-0.66667,0.0
-1.40853035e-05,0.048270106,-0.0012947167,-6.240458e-23,55.833,-0.66667,0.0
-1.162407e-05,0.048774526,0.00033495855,-2.5556116e-23,56.139,-0.66667,0.0
-3.0779393e-06,0.049141183,0.0022954403,-1.0371564500000001e-23,56.444,-0.66667,0.0
1.837268e-07,0.049625155,0.0036265063,3.4609688e-23,56.75,-0.66667,0.0
3.6116035e-09,0.04961344,0.005176405,-6.8383764e-24,57.056,-0.66667,0.0
-1.9227018e-05,0.049653474,0.0064204857,1.3303729e-23,57.361,-0.66667,0.0
3.4200207e-06,0.049296163,0.00677271,5.367687e-23,57.667,-0.66667,0.0
-1.5548336e-05,0.049314007,0.0068533504,-3.9796555999999997e-23,57.972,-0.66667,0.0
7.7867026e-07,0.04887182,0.0072990973,6.311511000000001e-23,58.278,-0.66667,0.0
7.486051e-08,0.048772834,0.007236947,-3.9480456e-23,58.583,-0.66667,0.0
-3.1892614e-06,0.04873722,0.0071447445,8.350818e-25,58.889,-0.66667,0.0
-1.0514064e-05,0.04876942,0.00714342,-1.3697314e-23,59.194,-0.66667,0.0
-1.1973625e-06,0.048365444,0.0072658276,2.3317870000000002e-23,59.5,-0.66667,0.0
-1.10444635e-05,0.048402008,0.0064384495,-9.011013e-24,59.806,-0.66667,0.0
-7.722667e-06,0.048039027,0.006530921,4.9659867000000004e-24,60.111,-0.66667,0.0
-7.707313e-07,0.047749378,0.0065989383,-1.7194290000000003e-23,60.417,-0.66667,0.0
-3.58513e-06,0.047704134,0.0072330376,-1.1678095e-23,60.722,-0.66667,0.0
-8.056266e-06,0.047121048,0.007155339,-6.863157000000001e-23,61.028,-0.66667,0.0
-6.291608e-06,0.04685227,0.008087097,3.6053786e-23,61.333,-0.66667,0.0
-1.2164637e-06,0.04639991,0.0072856317,-2.6003317e-23,61.639,-0.66667,0.0
-3.2054054e-06,0.04621724,0.007945489,-4.1848805999999997e-23,61.944,-0.66667,0.0
-4.894412e-06,0.0459088,0.007613619,4.618186e-23,62.25,-0.66667,0.0
9.387699e-06,0.045869935,0.006789428,8.812632000000001e-23,62.556,-0.66667,0.0
1.387564e-06,0.04612323,0.0065574036,-3.1928937e-23,62.861,-0.66667,0.0
3.7670852e-06,0.046066083,0.005761817,-1.5753944e-23,63.167,-0.66667,0.0
-2.9507573e-06,0.046547685,0.0043146526,7.512042000000001e-23,63.472,-0.66667,0.0
-4.7130525e-06,0.04643877,0.0028123371,3.2768246999999997e-23,63.778,-0.66667,0.0
6.2933686e-06,0.0470106,0.0014965264,-6.7713927e-23,64.083,-0.66667,0.0
-1.03361035e-05,0.047343764,0.00048289262,1.8311973e-23,64.389,-0.66667,0.0
1.6901649e-06,0.047016274,-0.0016699748,-6.165575e-23,64.694,-0.66667,0.0
1.0316096e-05,0.047112167,-0.0023289244,7.3616424e-23,65.0,-0.66667,0.0
-0.00018981606,0.027914032,0.007632576,8.694418499999999e-23,10.306,0.0,0.0
-0.00016998814,0.032475676,0.015150579,-5.9220886e-23,10.611,0.0,0.0
-0.00017473252,0.036989782,0.020170253,2.3936640000000002e-23,10.917,0.0,0.0
-0.00015423675,0.040232867,0.023102038,-1.2935804e-23,11.222,0.0,0.0
-0.00014664495,0.04232361,0.023169834,-5.1358480000000007e-23,11.528,0.0,0.0
-0.00012497202,0.043504912,0.021566361,5.1996990000000006e-23,11.833,0.0,0.0
-0.00013879946,0.043975055,0.019343743,-3.5133164e-23,12.139,0.0,0.0
-0.00012260309,0.04382527,0.017839111,3.7190110000000004e-23,12.444,0.0,0.0
-0.00010228671,0.04337444,0.016271833,6.382228000000001e-23,12.75,0.0,0.0
-0.000108105254,0.042517707,0.015622642,4.3861850000000004e-23,13.056,0.0,0.0
-0.00010119079,0.04137203,0.016431583,7.2849197e-23,13.361,0.0,0.0
-7.797911e-05,0.03925076,0.016402924,2.4693365999999998e-23,13.667,0.0,0.0
-0.00010224666,0.0383332,0.01726635,1.7582012e-23,13.972,0.0,0.0
-9.049103e-05,0.03689189,0.01723866,-1.0470013000000001e-22,14.278,0.0,0.0
-8.68943e-05,0.035802253,0.017659202,1.7318261e-23,14.583,0.0,0.0
-0.000100646765,0.03465847,0.016930042,2.0914836e-23,14.889,0.0,0.0
-7.962568e-05,0.03387388,0.01656823,1.7578169e-23,15.194,0.0,0.0
-5.887398e-05,0.03389627,0.014934261,7.728436000000001e-23,15.5,0.0,0.0
-6.9771566e-05,0.034080133,0.014289843,-5.6986655e-23,15.806,0.0,0.0
-7.223833e-05,0.034775343,0.012320797,-3.410969e-23,16.111,0.0,0.0
-6.0314505e-05,0.03620281,0.008323217,7.935427e-23,16.417,0.0,0.0
-6.944151e-05,0.03771968,0.0037024943,5.751046e-23,16.722,0.0,0.0
-6.360555e-05,0.039236374,-0.0015736772,1.4590266e-23,17.028,0.0,0.0
-6.318082e-05,0.041510895,-0.007516692,-2.4482305e-23,17.333,0.0,0.0
-5.7454046e-05,0.04327327,-0.01163489,-6.773657000000001e-23,17.639,0.0,0.0
-6.965527e-05,0.04417148,-0.015152051,4.4973162e-23,17.944000000000003,0.0,0.0
-6.29111e-05,0.045361213,-0.017491164,-5.947915000000001e-23,18.25,0.0,0.0
-7.6748314e-05,0.046563037,-0.017543368,1.006791e-22,18.556,0.0,0.0
-4.095219e-05,0.046877593,-0.01729083,-6.7071e-23,18.861,0.0,0.0
-4.5187575e-05,0.046786893,-0.015825907,-4.5496500000000004e-23,19.167,0.0,0.0
-6.592346e-05,0.047013834,-0.014570402,3.6578974999999997e-23,19.472,-2.9605999999999997e-16,0.0
-4.8561396e-05,0.046319723,-0.014057096,-1.907039e-23,19.778,0.0,0.0
-6.2161664e-05,0.045508236,-0.013349179,2.2177935e-23,20.083,0.0,0.0
-5.3207732e-05,0.045272887,-0.012949175,2.8389804e-23,20.389,0.0,0.0
-5.126825e-05,0.044168457,-0.0131375175,-2.5159715e-23,20.694000000000003,0.0,0.0
-4.9375303e-05,0.04293453,-0.0129142795,-1.9283598e-23,21.0,0.0,0.0
-6.844082e-05,0.042078137,-0.013613395,-6.837205e-23,21.306,0.0,0.0
-6.413103e-05,0.041203603,-0.013397512,3.4285712e-23,21.611,-1.4802999999999999e-16,0.0
-4.8332753e-05,0.040325284,-0.012699696,-5.721983e-23,21.917,0.0,0.0
-4.505457e-05,0.039603297,-0.014166989,-5.2344744999999997e-23,22.222,0.0,0.0
-6.18059e-05,0.039457127,-0.013353159,5.5459067e-24,22.528,0.0,0.0
-4.197953e-05,0.03902851,-0.013786971,1.04410045e-22,22.833,0.0,0.0
-3.334908e-05,0.039650105,-0.01288115,-1.2754962e-22,23.139,0.0,0.0
-4.263863e-05,0.03992962,-0.011178913,-3.575153e-23,23.444000000000003,0.0,0.0
-5.0784052e-05,0.04064905,-0.008915365,5.0655320000000004e-23,23.75,0.0,0.0
-5.6816156e-05,0.04195746,-0.0058106706,6.108666e-23,24.056,0.0,0.0
-4.5734312e-05,0.04287313,-0.0017360772,6.1719316e-23,24.361,0.0,0.0
-3.1173833e-05,0.043881975,0.0018495498,7.3136115e-24,24.667,0.0,0.0
-2.9431649e-05,0.045136467,0.00604712,-2.2859119e-23,24.972,0.0,0.0
-4.076369e-05,0.04615301,0.009017689,-1.7477775e-23,25.278,0.0,0.0
-3.453822e-05,0.046990044,0.011460991,-8.549445e-23,25.583,0.0,0.0
-3.7901373e-05,0.04791124,0.0125997905,-2.8404680000000005e-23,25.889,0.0,0.0
-3.571377e-05,0.04770077,0.012826724,5.8856546e-23,26.194000000000003,0.0,0.0
-3.0110106e-05,0.04830397,0.012640367,-6.3926259999999995e-24,26.5,0.0,0.0
-2.808958e-05,0.04776397,0.012283293,-5.2452138e-23,26.806,0.0,0.0
-3.2243504e-05,0.048173066,0.011732494,3.5508080000000004e-23,27.111,0.0,0.0
-4.258972e-05,0.047411993,0.0106952265,-3.6255693999999997e-23,27.417,0.0,0.0
-3.1068997e-05,0.046786524,0.011370719,-8.501775e-24,27.722,1.4802999999999999e-16,0.0
-2.3510884e-05,0.045993626,0.011052524,-3.278935e-24,28.028,1.4802999999999999e-16,0.0
-2.5280513e-05,0.04557749,0.010174667,8.625188000000001e-23,28.333,1.4802999999999999e-16,0.0
-3.3084092e-05,0.044452984,0.011091908,6.120298399999999e-23,28.639,0.0,0.0
-2.7249356e-05,0.0437288,0.010992615,-5.839802e-23,28.944000000000003,0.0,0.0
-4.5487897e-05,0.04326743,0.011564119,3.80703e-23,29.25,0.0,0.0
-2.8664925e-05,0.04287511,0.011702348,2.7767904e-26,29.556,-1.4802999999999999e-16,0.0
-1.840929e-05,0.042491317,0.011786727,5.6769056e-23,29.861,-1.4802999999999999e-16,0.0
-1.7272025e-05,0.04232626,0.012013966,2.1079209e-23,30.167,-1.4802999999999999e-16,0.0
-4.3448665e-05,0.042545553,0.011917464,-7.786898e-23,30.472,0.0,0.0
-3.411399e-05,0.04248109,0.011469971,2.9267270000000004e-23,30.778,0.0,0.0
-3.6147558e-05,0.042801198,0.010595972,3.0581742e-23,31.083,1.4802999999999999e-16,0.0
-2.816182e-05,0.043010194,0.009405166,-1.4586379e-23,31.389,1.4802999999999999e-16,0.0
-1.5268673e-05,0.04359209,0.007067602,-1.3804006e-23,31.694000000000003,1.4802999999999999e-16,0.0
-3.1309457e-05,0.044403274,0.004277493,-3.2552061e-24,32.0,0.0,0.0
-2.1802109e-05,0.045347936,0.0006088555,5.571918e-23,32.306,0.0,0.0
-2.7659633e-05,0.046118833,-0.0028030553,-2.1214224e-23,32.611,0.0,0.0
-2.275594e-05,0.046912007,-0.0055373195,-2.2941235999999998e-23,32.917,-1.4802999999999999e-16,0.0
-8.731748e-06,0.04752518,-0.0077908714,1.0382621e-23,33.222,-1.4802999999999999e-16,0.0
-4.7055368e-05,0.048395466,-0.009051209,3.1650614e-23,33.528,-1.4802999999999999e-16,0.0
-1.1946071e-05,0.048257314,-0.009916147,7.137132000000001e-23,33.833,0.0,0.0
-1.4067666e-05,0.048577957,-0.010450434,5.133205e-23,34.139,0.0,0.0
-2.089814e-05,0.048486225,-0.010337006,-1.009742e-27,34.444,0.0,0.0
-2.0809313e-05,0.048266567,-0.010187714,-1.2111350000000001e-23,34.75,0.0,0.0
-1.8915596e-05,0.047827587,-0.010000782,-8.266535000000001e-23,35.056,0.0,0.0
-1.2959543e-05,0.047552485,-0.009580737,-4.0873193e-23,35.361,0.0,0.0
-2.73782e-05,0.046944104,-0.0092564775,1.7970176e-23,35.667,0.0,0.0
-1.771787e-05,0.046289958,-0.009677633,-1.0281768000000001e-22,35.972,0.0,0.0
-1.4965184e-05,0.04625562,-0.009772458,6.439715000000001e-23,36.278,-1.4802999999999999e-16,0.0
-3.691596e-05,0.04527173,-0.009470822,3.342246e-25,36.583,-1.4802999999999999e-16,0.0
-1.8679588e-05,0.044520035,-0.009870302,1.9298187999999998e-23,36.889,-1.4802999999999999e-16,0.0
-1.6007285e-05,0.044261523,-0.009680634,6.2287245e-23,37.194,0.0,0.0
-2.0823745e-05,0.04419014,-0.011030654,-3.5118460000000004e-23,37.5,0.0,0.0
-1.7211445e-05,0.04377296,-0.010587452,1.0447729399999999e-22,37.806,0.0,0.0
-1.8530747e-05,0.04372283,-0.010740006,3.2886778e-23,38.111,0.0,0.0
-8.759476e-06,0.04397898,-0.010928777,3.373851e-24,38.417,0.0,0.0
-1.8406952e-05,0.0441932,-0.010489989,3.740386e-23,38.722,0.0,0.0
-1.5492376e-05,0.044261977,-0.009130762,7.7573426e-24,39.028,0.0,0.0
-1.4874204e-06,0.04472904,-0.0075165336,-3.0050627999999997e-23,39.333,0.0,0.0
-1.70662e-05,0.045280103,-0.005749228,-3.5817364999999997e-23,39.639,0.0,0.0
-2.8887953e-06,0.046045106,-0.0028963194,9.082389e-24,39.944,0.0,0.0
-1.6560207e-05,0.046636686,-0.00023527304,-7.7748313e-23,40.25,0.0,0.0
-1.0288244e-05,0.047133833,0.002369794,-8.487320399999999e-23,40.556,0.0,0.0
-1.6980988e-05,0.047997452,0.0047928016,-8.150536000000001e-23,40.861,0.0,0.0
-1.5665282e-05,0.04819404,0.006667078,3.3293717e-23,41.167,0.0,0.0
-1.0086938e-05,0.048190076,0.008080225,-1.6383726e-23,41.472,0.0,0.0
3.2182343e-06,0.048702292,0.008390994,2.0995211e-23,41.778,0.0,0.0
-1.8949666e-05,0.048143018,0.008505439,-2.1106384e-23,42.083,0.0,0.0
-1.8201164e-05,0.048085697,0.008872082,6.1398874000000004e-24,42.389,0.0,0.0
-1.6199263e-05,0.04801964,0.008644942,-4.1186567e-23,42.694,0.0,0.0
-9.878062e-06,0.047793947,0.008159525,1.6067872e-23,43.0,0.0,0.0
-6.5687964e-06,0.04762292,0.008093525,-4.0787920000000005e-23,43.306,0.0,0.0
-1.8305045e-05,0.046878066,0.00758233,-1.6524956999999999e-23,43.611,0.0,0.0
-1.4070829e-06,0.04619031,0.008054214,-3.4409570000000004e-23,43.917,0.0,0.0
-1.3918085e-05,0.04659016,0.0077193053,5.0378955e-23,44.222,0.0,0.0
-1.7542898e-05,0.04555047,0.007841755,7.505601e-23,44.528,0.0,0.0
-2.0703272e-05,0.045321107,0.008588862,-1.2868756999999999e-23,44.833,0.0,0.0
-1.2571292e-05,0.045063607,0.008331819,-1.9464922e-24,45.139,0.0,0.0
-8.75952e-06,0.04491879,0.00964197,4.7793435e-23,45.444,0.0,0.0
-2.9026894e-05,0.04488009,0.009569291,-4.391128e-24,45.75,0.0,0.0
-1.7775215e-05,0.04488148,0.009855092,1.0927932e-23,46.056,0.0,0.0
-1.9914612e-05,0.04452985,0.010069659,4.3893634e-23,46.361,0.0,0.0
-1.1144704e-05,0.044550423,0.009375909,4.3582356e-23,46.667,0.0,0.0
-1.5285636e-05,0.044923283,0.008596731,1.6091803e-23,46.972,7.401499999999998e-17,0.0
-1.6586138e-05,0.04506778,0.007075239,1.3919798e-24,47.278,7.401499999999998e-17,0.0
-5.0903996e-06,0.045436833,0.005042228,-7.206922000000001e-23,47.583,7.401499999999998e-17,0.0
-1.33833455e-05,0.046219416,0.0030255583,1.6577742e-23,47.889,7.401499999999998e-17,0.0
-8.350806e-06,0.0469572,0.00018493019,3.0404036999999997e-23,48.194,7.401499999999998e-17,0.0
-1.123676e-05,0.047110293,-0.0019395861,1.0606092e-22,48.5,7.401499999999998e-17,0.0
-1.4180689e-05,0.047771536,-0.0039194264,-8.798215e-23,48.806,0.0,0.0
-9.677195e-06,0.048041224,-0.00573824,4.2856345e-23,49.111,0.0,0.0
-1.7112852e-06,0.04852062,-0.0066178786,3.1856046e-23,49.417,0.0,0.0
1.784123e-06,0.048428997,-0.0077737886,1.23520724e-23,49.722,0.0,0.0
-1.1848233e-06,0.04877986,-0.007965958,-7.807234000000001e-23,50.028,0.0,0.0
1.069915e-06,0.048861913,-0.008523921,1.6288047e-23,50.333,0.0,0.0
4.9838054e-06,0.04866365,-0.008226657,-7.6613565e-23,50.639,0.0,0.0
-3.8096493e-06,0.048356712,-0.007765418,8.869991e-23,50.944,0.0,0.0
-3.0968797e-06,0.048274405,-0.007868918,-7.11495e-23,51.25,0.0,0.0
9.128238e-06,0.047985964,-0.007836975,7.3529914e-24,51.556,0.0,0.0
4.391637e-06,0.04765468,-0.008020112,-5.952863000000001e-23,51.861,0.0,0.0
-6.8491563e-06,0.047389213,-0.007776498,-8.362279e-24,52.167,0.0,0.0
-1.4570469e-06,0.04694674,-0.008057501,-2.7424743e-23,52.472,0.0,0.0
2.398374e-07,0.046576455,-0.008232821,7.878249000000001e-23,52.778,0.0,0.0
-2.9592156e-06,0.04662839,-0.007762475,1.9575514e-23,53.083,0.0,0.0
8.757938e-06,0.046818092,-0.008815461,2.3029033e-23,53.389,0.0,0.0
-6.9607195e-06,0.04666485,-0.008729406,-5.7344066e-24,53.694,0.0,0.0
-1.3852034e-05,0.046598706,-0.0090481965,2.697133e-23,54.0,-7.401499999999998e-17,0.0
-1.706041e-05,0.04682733,-0.008649994,2.9238997e-23,54.306,-7.401499999999998e-17,0.0
1.0008436e-05,0.046956122,-0.0081870975,-4.6567785e-23,54.611,-7.401499999999998e-17,0.0
2.396098e-07,0.046875045,-0.0072272024,-3.4800252e-23,54.917,-7.401499999999998e-17,0.0
9.1318816e-07,0.046912827,-0.0056152167,-6.994566000000001e-23,55.222,-7.401499999999998e-17,0.0
-2.4030414e-06,0.047505908,-0.004812537,-4.8778421999999997e-23,55.528,-7.401499999999998e-17,0.0
-2.1161755e-05,0.047803834,-0.0030081808,-1.5315059e-23,55.833,3.7007e-17,0.0
5.63679e-06,0.04819721,-0.0010307971,9.8140936e-23,56.139,3.7007e-17,0.0
-8.773459e-06,0.048621956,0.0012486307,4.3351655e-23,56.444,3.7007e-17,0.0
-1.1103803e-06,0.048821997,0.0027219844,3.5559627999999997e-23,56.75,3.7007e-17,0.0
-2.8039772e-06,0.0491629,0.004217321,-4.7949590000000007e-23,57.056,3.7007e-17,0.0
-7.8108515e-06,0.04930071,0.0056793895,-2.5308172e-24,57.361,-1.4802999999999999e-16,0.0
-7.6292417e-06,0.049341656,0.006490851,3.0166344e-23,57.667,1.4802999999999999e-16,0.0
-3.9549577e-06,0.04925253,0.006498055,5.1556667e-24,57.972,-1.4802999999999999e-16,0.0
-7.140323e-06,0.0489387,0.007336084,-3.0806015e-23,58.278,1.4802999999999999e-16,0.0
-8.719006e-06,0.048565526,0.007191671,1.5522964999999998e-23,58.583,-1.4802999999999999e-16,0.0
-1.2500721e-05,0.048535626,0.0069828024,-4.1918125e-23,58.889,1.4802999999999999e-16,0.0
7.7346886e-07,0.048418317,0.007502858,-7.437658e-24,59.194,-3.7007e-17,0.0
1.673372e-06,0.048127666,0.0071074865,-2.3558712e-23,59.5,-3.7007e-17,0.0
-4.0178275e-06,0.047957644,0.0074650976,-4.6985717e-23,59.806,-3.7007e-17,0.0
-9.626247e-06,0.047466926,0.0075737555,3.3114147e-23,60.111,-3.7007e-17,0.0
-1.3441477e-06,0.04701618,0.007715524,-3.3695190000000004e-23,60.417,-3.7007e-17,0.0
-6.4746673e-06,0.04677184,0.0079280315,5.5122823000000005e-24,60.722,7.401499999999998e-17,0.0
-1.1950476e-05,0.04680321,0.008089135,5.0184074e-23,61.028,7.401499999999998e-17,0.0
-1.2042983e-05,0.04671406,0.0074148118,3.16594e-23,61.333,7.401499999999998e-17,0.0
-1.3760704e-05,0.04632081,0.007823324,2.2978452e-23,61.639,7.401499999999998e-17,0.0
4.1647836e-06,0.045916166,0.0072218985,-2.3692248e-23,61.944,7.401499999999998e-17,0.0
2.696579e-07,0.045949154,0.0073281564,-7.519984000000001e-23,62.25,7.401499999999998e-17,0.0
-3.7960256e-06,0.045992456,0.0068075284,-1.2310007000000002e-22,62.556,-1.1102e-16,0.0
2.7352944e-06,0.045606382,0.0061738123,1.2422464e-23,62.861,-1.1102e-16,0.0
1.4696398e-06,0.046281617,0.0047490033,6.9857887e-23,63.167,-1.1102e-16,0.0
1.3561523e-05,0.046559606,0.0034369435,1.4474641999999998e-23,63.472,-1.1102e-16,0.0
-1.2021067e-05,0.046556037,0.002444656,-7.299423e-23,63.778,-1.1102e-16,0.0
1.0630696e-05,0.046998955,0.0006216997,-3.0634056e-24,64.083,-1.1102e-16,0.0
5.313146e-06,0.04789495,-0.00039233547,-4.7083181999999996e-23,64.389,0.0,0.0
-4.5628403e-06,0.04784917,-0.0024430738,1.4958475e-23,64.694,0.0,0.0
-4.863996e-06,0.04816333,-0.0025977553,4.4681876999999997e-23,65.0,0.0,0.0
-0.00018735159,0.01973883,-0.0065104305,-3.0022506e-23,10.306,0.66667,0.0
-0.00017503511,0.023356717,0.0008806959,1.179934e-24,10.611,0.66667,0.0
-0.00016883106,0.027461361,0.008876595,7.2473724e-23,10.917,0.66667,0.0
-0.00016817833,0.031770118,0.01565686,-1.9321752999999998e-23,11.222,0.66667,0.0
-0.00014451561,0.03610387,0.020577427,-2.7631589e-24,11.528,0.66667,0.0
-0.00015452233,0.039597206,0.021881348,2.0368111e-23,11.833,0.66667,0.0
-0.00012850114,0.042493075,0.021354342,-2.6443653e-23,12.139,0.66667,0.0
-0.00011733226,0.043620672,0.020449437,7.3902206e-23,12.444,0.66667,0.0
-0.0001128652,0.043886617,0.017997716,2.6194726000000002e-24,12.75,0.66667,0.0
-0.00012574081,0.042649396,0.01715585,-1.1215873e-23,13.056,0.66667,0.0
-0.00011741959,0.04116567,0.017363334,6.169309e-23,13.361,0.66667,0.0
-0.00011268183,0.039077748,0.017471384,1.7179534999999998e-23,13.667,0.66667,0.0
-8.322894e-05,0.0370959,0.018023495,4.1062544999999997e-23,13.972,0.66667,0.0
-7.881745e-05,0.034925204,0.017703444,-6.061451000000001e-23,14.278,0.66667,0.0
-8.257565e-05,0.03372869,0.01949798,-3.0333002e-23,14.583,0.66667,0.0
-7.9349775e-05,0.033075385,0.01987104,1.380865e-23,14.889,0.66667,0.0
-7.741855e-05,0.032590896,0.01920487,1.6754648e-24,15.194,0.66667,0.0
-7.7415694e-05,0.033826686,0.01755303,-2.9102353999999997e-23,15.5,0.66667,0.0
-7.057908e-05,0.035078947,0.0129230395,2.2866743e-24,15.806,0.66667,0.0
-6.993256e-05,0.037516706,0.008697166,1.159108e-23,16.111,0.66667,0.0
-6.844483e-05,0.039757594,0.0024670917,-4.4036664e-23,16.417,0.66667,0.0
-5.8599544e-05,0.042618737,-0.0037600705,-2.5278789e-23,16.722,0.66667,0.0
-6.7079614e-05,0.044694304,-0.009268753,4.079509e-23,17.028,0.66667,0.0
-5.1110055e-05,0.046991717,-0.013021928,1.2678834999999999e-23,17.333,0.66667,0.0
-5.3916927e-05,0.048228126,-0.01588257,-4.8603930000000004e-23,17.639,0.66667,0.0
-7.43523e-05,0.049040545,-0.016855549,-5.8281296000000005e-24,17.944000000000003,0.66667,0.0
-5.935253e-05,0.048934802,-0.016637906,-6.904752000000001e-23,18.25,0.66667,0.0
-6.686793e-05,0.048743654,-0.01604458,-4.5516340000000005e-23,18.556,0.66667,0.0
-3.4275014e-05,0.048764564,-0.015270562,4.8805878000000005e-24,18.861,0.66667,0.0
-5.7455374e-05,0.04821009,-0.013282446,8.890273e-25,19.167,0.66667,0.0
-5.6143672e-05,0.047326066,-0.013116252,-2.8567922e-23,19.472,0.66667,0.0
-4.8978294e-05,0.04702869,-0.012202576,1.1984249e-23,19.778,0.66667,0.0
-5.8042166e-05,0.046177343,-0.012265233,-2.5326214999999998e-23,20.083,0.66667,0.0
-5.4561682e-05,0.04612051,-0.012404257,5.7649154e-24,20.389,0.66667,0.0
-4.9729526e-05,0.045270942,-0.012801401,-2.2094971999999998e-23,20.694000000000003,0.66667,0.0
-6.372542e-05,0.04484167,-0.012951031,-3.0010516e-23,21.0,0.66667,0.0
-5.0584888e-05,0.04384886,-0.01266445,-2.775927e-23,21.306,0.66667,0.0
-4.9738035e-05,0.0431175,-0.011730989,5.2091098e-23,21.611,0.66667,0.0
-5.6729652e-05,0.042351473,-0.011229391,-1.1035182000000001e-22,21.917,0.66667,0.0
-4.269799e-05,0.041843377,-0.0112829385,4.6439750000000006e-23,22.222,0.66667,0.0
-4.159075e-05,0.04071278,-0.011397625,1.7375210000000002e-23,22.528,0.66667,0.0
-4.385069e-05,0.04039944,-0.011668911,-4.9361260000000003e-23,22.833,0.66667,0.0
-3.8692036e-05,0.039655615,-0.011687447,-2.8883113e-23,23.139,0.66667,0.0
-3.71299e-05,0.039787915,-0.011425983,-1.1239740999999999e-23,23.444000000000003,0.66667,0.0
-4.2282445e-05,0.039651193,-0.010219557,4.6574954e-23,23.75,0.66667,0.0
-3.351721e-05,0.040005833,-0.0086638685,-2.649563e-25,24.056,0.66667,0.0
-3.657699e-05,0.040915113,-0.0050075282,3.0541060000000003e-23,24.361,0.66667,0.0
-3.4127843e-05,0.041564867,-0.0011277013,-2.2742985999999998e-23,24.667,0.66667,0.0
-3.2026375e-05,0.042846255,0.003365694,-3.0075530000000005e-23,24.972,0.66667,0.0
-2.2276872e-05,0.043982744,0.006493112,1.9499278e-23,25.278,0.66667,0.0
-3.6371217e-05,0.04507866,0.009487876,4.6855530000000006e-23,25.583,0.66667,0.0
-3.6732145e-05,0.046003174,0.011454686,-4.0286280000000004e-23,25.889,0.66667,0.0
-3.6869722e-05,0.046781503,0.012832346,1.3285276e-23,26.194000000000003,0.66667,0.0
-2.6381038e-05,0.047149695,0.013071012,2.8082893e-23,26.5,0.66667,0.0
-3.5923375e-05,0.04740403,0.013076613,5.9449015e-24,26.806,0.66667,0.0
-4.81291e-05,0.047444545,0.012339458,-9.409457e-24,27.111,0.66667,0.0
-5.281504e-05,0.04687412,0.011570868,-8.862051000000001e-23,27.417,0.66667,0.0
-2.478827e-05,0.04652644,0.011724031,-3.6547055e-23,27.722,0.66667,0.0
-3.6590627e-05,0.045582503,0.010754668,-4.7983341999999996e-23,28.028,0.66667,0.0
-3.292953e-05,0.04460165,0.011352537,-5.7738055000000005e-24,28.333,0.66667,0.0
-4.3706386e-05,0.04410445,0.011461681,-3.1216072e-23,28.639,0.66667,0.0
-3.365959e-05,0.04307477,0.012220487,-7.305710000000001e-23,28.944000000000003,0.66667,0.0
-4.0732008e-05,0.04224892,0.01257682,6.069498299999999e-23,29.25,0.66667,0.0
-4.2581087e-05,0.041823424,0.013299955,-6.120456000000001e-23,29.556,0.66667,0.0
-2.7249078e-05,0.041626845,0.013879806,-1.3227216e-23,29.861,0.66667,0.0
-1.5583159e-05,0.04155487,0.013754055,9.819023e-24,30.167,0.66667,0.0
-3.485204e-05,0.041731834,0.013612257,1.26452005e-23,30.472,0.66667,0.0
-3.344799e-05,0.041988086,0.012225263,-3.4066018e-23,30.778,0.66667,0.0
-2.2811608e-05,0.042895023,0.010652274,-6.821337000000001e-23,31.083,0.66667,0.0
-2.4330708e-05,0.043510206,0.007847323,-1.5056464e-23,31.389,0.66667,0.0
-4.0586292e-05,0.04479899,0.0042960215,-6.0172846e-23,31.694000000000003,0.66667,0.0
-2.0456697e-05,0.04570382,0.0014013359,-7.153113e-24,32.0,0.66667,0.0
-1.9177904e-05,0.04684926,-0.0017410717,-6.343421e-23,32.306,0.66667,0.0
-2.4550762e-05,0.0478407,-0.005434758,-5.361111299999999e-23,32.611,0.66667,0.0
-2.1605236e-05,0.047935035,-0.0074175415,-9.125644000000001e-23,32.917,0.66667,0.0
-2.52719e-05,0.048478357,-0.008960272,-3.735919e-23,33.222,0.66667,0.0
-2.0883217e-06,0.048967224,-0.009291898,2.8490248e-23,33.528,0.66667,0.0
-1.3887682e-05,0.048990447,-0.010086854,5.8899965e-23,33.833,0.66667,0.0
-2.8328239e-05,0.049211785,-0.010139556,4.12523e-23,34.139,0.66667,0.0
-1.5816786e-05,0.048968844,-0.010027489,-2.0925754e-23,34.444,0.66667,0.0
-2.473585e-05,0.04885506,-0.009361805,-4.2988653e-23,34.75,0.66667,0.0
-2.050505e-05,0.048512712,-0.0094125,9.0823695e-23,35.056,0.66667,0.0
-1.325956e-05,0.04797641,-0.009369917,-9.652123e-25,35.361,0.66667,0.0
-1.6386848e-05,0.047651466,-0.0089232065,-3.598382e-23,35.667,0.66667,0.0
-1.990717e-05,0.04683142,-0.008525396,-5.2159735e-23,35.972,0.66667,0.0
-1.522683e-05,0.046525843,-0.008784044,1.3833061e-23,36.278,0.66667,0.0
-1.7458518e-05,0.04600336,-0.008748241,-1.7741898e-23,36.583,0.66667,0.0
-1.9752413e-05,0.04587298,-0.008235993,1.4302835e-23,36.889,0.66667,0.0
-2.802267e-05,0.04530192,-0.00857684,-4.1587062e-23,37.194,0.66667,0.0
-1.8625107e-05,0.044855975,-0.008693223,1.972026e-24,37.5,0.66667,0.0
-8.984349e-06,0.04487613,-0.009028469,-1.0477714e-23,37.806,0.66667,0.0
-1.8570217e-05,0.044010222,-0.009041123,1.0480796000000001e-22,38.111,0.66667,0.0
-2.7164468e-05,0.04446458,-0.010045867,-1.2704649e-23,38.417,0.66667,0.0
-1.73917e-05,0.044093944,-0.009838843,-6.4986204e-24,38.722,0.66667,0.0
-2.1941174e-05,0.044246722,-0.00924848,-6.0392193e-24,39.028,0.66667,0.0
-1.7292088e-05,0.044110976,-0.008016791,4.295609e-23,39.333,0.66667,0.0
-2.4466266e-05,0.044955447,-0.0071084653,6.378353e-23,39.639,0.66667,0.0
-9.638125e-06,0.045171402,-0.0042353454,-3.947508e-23,39.944,0.66667,0.0
-5.826496e-06,0.045743152,-0.0013861803,-9.606533500000001e-24,40.25,0.66667,0.0
-8.446606e-06,0.046300218,0.0010011797,3.0069017e-23,40.556,0.66667,0.0
-2.0547728e-05,0.046847872,0.003385779,-4.05681e-23,40.861,0.66667,0.0
-2.223855e-05,0.047114287,0.005394792,-6.945823e-23,41.167,0.66667,0.0
-1.7028204e-05,0.047811538,0.0072782375,1.1394275e-24,41.472,0.66667,0.0
-6.5221984e-06,0.047771037,0.008056452,-4.66316e-23,41.778,0.66667,0.0
-3.969406e-06,0.047739897,0.008465817,5.498242000000001e-23,42.083,0.66667,0.0
-2.017171e-05,0.047650356,0.008891196,-1.0753984e-22,42.389,0.66667,0.0
-1.4449282e-05,0.04772731,0.008955999,6.805883e-23,42.694,0.66667,0.0
-1.2229913e-05,0.047283076,0.008024475,4.1813213e-23,43.0,0.66667,0.0
-1.7111142e-05,0.04683978,0.008136042,-1.2010161e-23,43.306,0.66667,0.0
-2.295123e-05,0.04678375,0.008009131,-3.8499795e-23,43.611,0.66667,0.0
-6.002101e-06,0.046142817,0.008584876,-7.270031e-23,43.917,0.66667,0.0
-5.44887e-06,0.045850158,0.009486152,9.163509e-24,44.222,0.66667,0.0
-8.279205e-06,0.045343015,0.00924354,-1.6055527999999999e-25,44.528,0.66667,0.0
-2.4086094e-06,0.04550354,0.010247368,-2.1090834e-23,44.833,0.66667,0.0
-2.744736e-05,0.044928532,0.010128794,-1.4399021e-23,45.139,0.66667,0.0
-2.4426274e-05,0.044978157,0.010543911,6.0811205e-24,45.444,0.66667,0.0
-2.2266298e-05,0.04490895,0.010861553,7.776919e-23,45.75,0.66667,0.0
-1.1150807e-05,0.044876568,0.010111995,1.6686794e-23,46.056,0.66667,0.0
-1.2078792e-05,0.045176286,0.010333052,7.329833e-23,46.361,0.66667,0.0
-1.6898863e-05,0.04547272,0.008470275,1.7130979e-23,46.667,0.66667,0.0
-1.3531577e-05,0.04548897,0.007463346,1.05989584e-23,46.972,0.66667,0.0
-7.744402e-06,0.046184108,0.0057333703,2.6216196e-23,47.278,0.66667,0.0
-8.163937e-06,0.046587672,0.003358733,1.4521945e-23,47.583,0.66667,0.0
-1.9830077e-05,0.047214814,0.0017423874,7.619321000000001e-23,47.889,0.66667,0.0
-1.0908363e-05,0.04783369,-0.0013578848,-2.8407525e-23,48.194,0.66667,0.0
-1.1004016e-05,0.048133783,-0.0035947636,-5.789845000000001e-23,48.5,0.66667,0.0
-2.8787326e-08,0.048474967,-0.005577053,1.04774865e-23,48.806,0.66667,0.0
-5.4103675e-06,0.04871767,-0.00677135,4.446568e-23,49.111,0.66667,0.0
-6.9720554e-06,0.04906925,-0.007053992,7.8324674e-23,49.417,0.66667,0.0
-1.2223787e-05,0.049145564,-0.007993426,3.9141385e-23,49.722,0.66667,0.0
-1.0497868e-05,0.049117114,-0.007862895,-3.7681538e-23,50.028,0.66667,0.0
-2.2477507e-05,0.048872158,-0.0076252115,1.9509578e-23,50.333,0.66667,0.0
5.3740496e-06,0.048824817,-0.0070895576,9.469158e-24,50.639,0.66667,0.0
-1.0232403e-05,0.048882633,-0.0075278208,9.0300916e-24,50.944,0.66667,0.0
5.6134013e-07,0.04849747,-0.007892277,4.484143e-23,51.25,0.66667,0.0
-5.581269e-06,0.048448484,-0.00707178,4.0287694000000004e-24,51.556,0.66667,0.0
-5.0040617e-06,0.048171118,-0.0067969714,-1.2425481e-23,51.861,0.66667,0.0
3.9680817e-06,0.0475704,-0.0067927213,-4.0415224999999996e-23,52.167,0.66667,0.0
4.019981e-06,0.04761786,-0.006049502,5.434858000000001e-23,52.472,0.66667,0.0
-1.4622332e-05,0.04727129,-0.007135489,1.5053738e-24,52.778,0.66667,0.0
-7.780109e-06,0.047063187,-0.0071765804,3.4214292e-23,53.083,0.66667,0.0
-1.6216109e-05,0.046886813,-0.0075059365,6.377904e-23,53.389,0.66667,0.0
-1.1132264e-05,0.04684747,-0.0076801945,-1.6585769e-23,53.694,0.66667,0.0
-2.5102308e-06,0.046509903,-0.008557138,-5.1760988e-23,54.0,0.66667,0.0
-2.6620364e-07,0.046437256,-0.008340001,4.523697e-23,54.306,0.66667,0.0
-7.309544e-06,0.046365667,-0.007677999,2.7548878e-23,54.611,0.66667,0.0
-1.3107565e-06,0.04643611,-0.0076760966,-9.033197000000001e-23,54.917,0.66667,0.0
-8.715491e-06,0.046405762,-0.006012941,3.6687257999999997e-23,55.222,0.66667,0.0
-1.0080221e-05,0.046739034,-0.00541409,-2.2753929e-23,55.528,0.66667,0.0
1.8250885e-06,0.0468734,-0.0039797975,4.6902514e-26,55.833,0.66667,0.0
-8.392073e-06,0.04721839,-0.0020822892,2.8278922e-23,56.139,0.66667,0.0
-1.2905533e-05,0.04730195,-9.051524e-05,-2.061233e-23,56.444,0.66667,0.0
-8.246068e-06,0.04783631,0.0016254068,-2.2611502e-23,56.75,0.66667,0.0
-1.854245e-05,0.048184168,0.0033884933,-1.0260861499999999e-22,57.056,0.66667,0.0
-1.0666681e-06,0.047915615,0.004304544,-1.671224e-24,57.361,0.66667,0.0
3.1094696e-06,0.048169076,0.006036999,1.8258659e-24,57.667,0.66667,0.0
-1.3270408e-05,0.048316233,0.007088816,7.571469e-23,57.972,0.66667,0.0
-3.0019146e-07,0.048177686,0.007013993,-4.7174750000000007e-23,58.278,0.66667,0.0
-8.753832e-06,0.047797956,0.0074534304,-4.3328608e-23,58.583,0.66667,0.0
-4.6814366e-06,0.04790254,0.008263655,1.8319583999999998e-23,58.889,0.66667,0.0
-6.5568083e-06,0.047161803,0.007659984,4.9372463e-23,59.194,0.66667,0.0
-1.2786721e-05,0.04721108,0.008021054,-4.056406e-23,59.5,0.66667,0.0
4.485155e-07,0.047366776,0.0075980714,-1.6927465999999998e-23,59.806,0.66667,0.0
3.43578e-06,0.046975598,0.007983028,-8.496676e-24,60.111,0.66667,0.0
-4.2066e-06,0.046607208,0.007859549,3.3237727e-23,60.417,0.66667,0.0
6.825998e-06,0.046737965,0.008098726,4.9288944e-23,60.722,0.66667,0.0
-2.2357199e-07,0.04645986,0.008695147,-1.7898989e-23,61.028,0.66667,0.0
2.1256601e-05,0.0464722,0.008337753,2.709573e-23,61.333,0.66667,0.0
-1.3033819e-05,0.04616932,0.008483449,-4.6497383e-23,61.639,0.66667,0.0
-2.2034692e-06,0.046018455,0.007689569,4.324119e-24,61.944,0.66667,0.0
1.2063012e-05,0.046265654,0.007611297,6.165535e-24,62.25,0.66667,0.0
-3.9728147e-06,0.046607092,0.0066177547,-7.8952834e-23,62.556,0.66667,0.0
-4.030244e-07,0.04671783,0.0061631333,-3.4145333e-23,62.861,0.66667,0.0
1.9727337e-05,0.047019184,0.0046337685,1.134131e-22,63.167,0.66667,0.0
-1.1540069e-05,0.04750604,0.0030700336,-3.040217e-23,63.472,0.66667,0.0
6.056991e-06,0.047863994,0.0010607354,-1.602511e-24,63.778,0.66667,0.0
8.777617e-06,0.048152506,-4.4548884e-05,1.9278587e-23,64.083,0.66667,0.0
-7.5807748e-06,0.04827995,-0.0017166955,-6.0378177e-23,64.389,0.66667,0.0
8.073555e-06,0.048993755,-0.003605303,-2.0568140000000002e-23,64.694,0.66667,0.0
2.0711868e-05,0.04894377,-0.0033468422,-5.625545e-23,65.0,0.66667,0.0
-0.0002125207,0.021326045,-0.008026173,2.0310050000000002e-23,10.306,1.3333,0.0
-0.00019538219,0.02219064,-0.0042830333,2.2834810000000003e-23,10.611,1.3333,0.0
-0.00019611778,0.024511967,0.0005729636,5.365328000000001e-23,10.917,1.3333,0.0
-0.00017327152,0.028047549,0.0062132366,-6.2467245e-23,11.222,1.3333,0.0
-0.00017472451,0.03262389,0.010749489,3.0126573e-23,11.528,1.3333,0.0
-0.000157792,0.036530413,0.015273197,1.7077942e-23,11.833,1.3333,0.0
-0.00015472175,0.039062195,0.017777612,-6.9728337e-23,12.139,1.3333,0.0
-0.00014153899,0.04095947,0.019121667,-7.9234653e-23,12.444,1.3333,0.0
-0.00013688298,0.041137338,0.019551197,-7.8853526e-23,12.75,1.3333,0.0
-0.000120705605,0.04071188,0.019655965,5.1469172999999997e-23,13.056,1.3333,0.0
-0.000112014604,0.039369173,0.018917236,8.2533026e-24,13.361,1.3333,0.0
-9.415922e-05,0.037498012,0.019552257,-4.4036412e-23,13.667,1.3333,0.0
-0.000112981674,0.03581971,0.020160884,3.181808e-23,13.972,1.3333,0.0
-8.541925e-05,0.034275196,0.020660851,-9.0253765e-24,14.278,1.3333,0.0
-7.629048e-05,0.03368277,0.020771543,-5.322687e-23,14.583,1.3333,0.0
-8.8033965e-05,0.033499956,0.020594813,-2.0573013e-23,14.889,1.3333,0.0
-7.2968316e-05,0.03463792,0.018629659,-3.3995992000000004e-24,15.194,1.3333,0.0
-8.886689e-05,0.036502235,0.014308758,-3.3613780000000003e-23,15.5,1.3333,0.0
-6.664238e-05,0.039588913,0.008969743,9.306034e-24,15.806,1.3333,0.0
-7.715745e-05,0.042495318,0.0015624962,5.1248847e-23,16.111,1.3333,0.0
-5.4892604e-05,0.04593545,-0.0052149943,2.8004183e-23,16.417,1.3333,0.0
-6.344613e-05,0.048845753,-0.010419864,1.25878724e-23,16.722,1.3333,0.0
-5.5756354e-05,0.050723467,-0.015048111,4.3002183999999996e-23,17.028,1.3333,0.0
-6.4028936e-05,0.05215311,-0.017227588,4.647148e-23,17.333,1.3333,0.0
-5.666054e-05,0.052434705,-0.017554782,-2.8721870000000003e-23,17.639,1.3333,0.0
-5.9391106e-05,0.052686296,-0.016430443,1.4062020000000003e-23,17.944000000000003,1.3333,0.0
-5.678292e-05,0.051753957,-0.015312973,-3.691748e-23,18.25,1.3333,0.0
-5.2923882e-05,0.051013798,-0.013208568,-2.5521733e-24,18.556,1.3333,0.0
-4.5874185e-05,0.049765293,-0.012661204,-7.869939e-23,18.861,1.3333,0.0
-5.4042015e-05,0.048704743,-0.0114437565,4.335226e-24,19.167,1.3333,0.0
-5.573725e-05,0.04784058,-0.011838133,-1.9039543e-23,19.472,1.3333,0.0
-4.073259e-05,0.04730452,-0.012107905,5.9384464e-23,19.778,1.3333,0.0
-3.6475798e-05,0.046943814,-0.01187859,1.1662338e-22,20.083,1.3333,0.0
-3.726886e-05,0.046622463,-0.012532788,5.0218658e-23,20.389,1.3333,0.0
-4.6214074e-05,0.046260748,-0.012222555,-2.7370267e-23,20.694000000000003,1.3333,0.0
-5.6292523e-05,0.04578223,-0.012266757,-6.7146376e-23,21.0,1.3333,0.0
-4.961114e-05,0.045856096,-0.01140512,-2.8704288e-23,21.306,1.3333,0.0
-5.3837124e-05,0.045244485,-0.010180639,3.5007325e-23,21.611,1.3333,0.0
-5.585364e-05,0.044562154,-0.009901749,-2.8195378e-23,21.917,1.3333,0.0
-4.801459e-05,0.043878928,-0.009117409,-3.3613653e-23,22.222,1.3333,0.0
-3.3694843e-05,0.042638667,-0.008653567,-4.9721512e-23,22.528,1.3333,0.0
-3.8698297e-05,0.04198452,-0.009503037,-2.7703002999999997e-23,22.833,1.3333,0.0
-3.014349e-05,0.040822253,-0.009917397,1.30618705e-23,23.139,1.3333,0.0
-5.8971975e-05,0.040030748,-0.009968293,2.7769680000000005e-23,23.444000000000003,1.3333,0.0
-2.0667143e-05,0.03999818,-0.010165409,2.6815566e-23,23.75,1.3333,0.0
-4.3731343e-05,0.039753094,-0.00905996,-2.5109253e-23,24.056,1.3333,0.0
-4.0013838e-05,0.03958515,-0.006178461,1.9661506e-23,24.361,1.3333,0.0
-4.3435823e-05,0.04038178,-0.0037103298,-3.3093586e-23,24.667,1.3333,0.0
-4.061174e-05,0.041219022,0.00030895462,-3.7600467999999996e-23,24.972,1.3333,0.0
-3.9118542e-05,0.04231353,0.0033025106,-1.4029254e-23,25.278,1.3333,0.0
-3.935099e-05,0.04376253,0.0071149417,2.0780287999999999e-23,25.583,1.3333,0.0
-5.305595e-05,0.04440707,0.009589065,7.30516e-23,25.889,1.3333,0.0
-4.813695e-05,0.04531209,0.011414428,3.920828e-23,26.194000000000003,1.3333,0.0
-2.5835467e-05,0.046095185,0.012852515,-3.0381596e-23,26.5,1.3333,0.0
-3.3892815e-05,0.04655104,0.013137713,-8.131553e-24,26.806,1.3333,0.0
-4.7972135e-05,0.046383496,0.013017264,-1.4760610000000001e-23,27.111,1.3333,0.0
-4.2964097e-05,0.046401367,0.012419016,2.3385927e-23,27.417,1.3333,0.0
-3.6501868e-05,0.045304596,0.01224149,4.9588402e-23,27.722,1.3333,0.0
-3.4494227e-05,0.044585943,0.011408783,6.819383000000001e-23,28.028,1.3333,0.0
-2.4630193e-05,0.043846786,0.01156446,2.0992535000000002e-24,28.333,1.3333,0.0
-5.360627e-05,0.042928196,0.012335609,5.603760000000001e-23,28.639,1.3333,0.0
-2.1742577e-05,0.042245977,0.012878273,3.2255904e-23,28.944000000000003,1.3333,0.0
-4.585938e-05,0.04161992,0.0146985445,1.9353194e-23,29.25,1.3333,0.0
-4.5891564e-05,0.041259944,0.01568384,-1.8800183999999998e-23,29.556,1.3333,0.0
-4.172512e-05,0.041138373,0.0152653735,2.0425968999999999e-23,29.861,1.3333,0.0
-2.2427e-05,0.041403636,0.015085756,-3.595388e-24,30.167,1.3333,0.0
-1.0031872e-05,0.041835636,0.013245894,2.3525170000000003e-23,30.472,1.3333,0.0
-1.8470193e-05,0.04301689,0.011786153,-3.115131e-23,30.778,1.3333,0.0
-4.6447643e-05,0.044138618,0.008609017,-3.585094e-23,31.083,1.3333,0.0
-2.420776e-05,0.045574978,0.005043661,4.76163e-23,31.389,1.3333,0.0
-2.2143304e-05,0.04691667,0.0013173406,-7.470889e-23,31.694000000000003,1.3333,0.0
-3.1286516e-05,0.047951795,-0.0025272416,9.610088000000001e-23,32.0,1.3333,0.0
-1.861848e-05,0.048647955,-0.0053514047,-9.233514699999999e-23,32.306,1.3333,0.0
-3.3174183e-05,0.04932636,-0.0076989727,-3.6424080000000005e-23,32.611,1.3333,0.0
-2.5955313e-05,0.04986372,-0.008768508,4.6462166e-23,32.917,1.3333,0.0
-1.6178634e-05,0.049846187,-0.009718047,-3.2924706999999997e-23,33.222,1.3333,0.0
-1.786655e-05,0.050032068,-0.00990592,-9.4083414e-23,33.528,1.3333,0.0
-2.8562019e-05,0.04974167,-0.009976517,-3.0419740000000004e-23,33.833,1.3333,0.0
-2.7715309e-05,0.049321733,-0.009071259,1.3721888e-24,34.139,1.3333,0.0
-3.356822e-05,0.04904291,-0.008647855,5.24513e-23,34.444,1.3333,0.0
-1.769206e-05,0.048742507,-0.008807588,-2.3594540000000002e-23,34.75,1.3333,0.0
-1.6034504e-05,0.04838928,-0.008505639,-1.1142629000000001e-24,35.056,1.3333,0.0
-4.463073e-05,0.04857461,-0.009204719,2.3129503e-23,35.361,1.3333,0.0
-1.2214592e-05,0.048188105,-0.009137624,1.1634550000000001e-23,35.667,1.3333,0.0
-1.6050533e-05,0.04779982,-0.008152677,8.906707e-24,35.972,1.3333,0.0
-2.8302531e-05,0.04721664,-0.008306129,-2.919992e-23,36.278,1.3333,0.0
-2.5769934e-05,0.047122326,-0.0080432175,-5.689896e-24,36.583,1.3333,0.0
-2.8821978e-05,0.046926998,-0.007611419,3.0171197e-23,36.889,1.3333,0.0
-1.7334136e-05,0.046327695,-0.00736202,2.5859794e-23,37.194,1.3333,0.0
-1.3685187e-05,0.04583001,-0.0070488052,-2.4634877e-23,37.5,1.3333,0.0
-7.2755283e-06,0.045616917,-0.007537271,3.6443330000000005e-23,37.806,1.3333,0.0
-2.4929315e-05,0.045174196,-0.0075823274,6.913857000000001e-23,38.111,1.3333,0.0
-2.8121276e-05,0.044575907,-0.008802392,-5.7774e-23,38.417,1.3333,0.0
-1.6660093e-05,0.044341587,-0.00861109,-5.0412276e-23,38.722,1.3333,0.0
-2.6707106e-05,0.04430403,-0.008272322,-3.4354956e-24,39.028,1.3333,0.0
-7.131299e-06,0.04430169,-0.0076117683,-1.6762550000000003e-23,39.333,1.3333,0.0
-1.9738905e-05,0.043975838,-0.0069044577,-3.0084403e-23,39.639,1.3333,0.0
-3.3706128e-06,0.04429084,-0.0046591545,-4.5603986000000005e-24,39.944,1.3333,0.0
-1.16922965e-05,0.044822875,-0.003214363,-3.0267217e-23,40.25,1.3333,0.0
-1.8186278e-06,0.045487497,-4.8510265e-05,9.123458000000001e-23,40.556,1.3333,0.0
-3.076952e-05,0.046201523,0.0018779493,8.197994000000001e-23,40.861,1.3333,0.0
-2.584088e-05,0.04652081,0.0043989765,-8.3633645e-24,41.167,1.3333,0.0
-1.528146e-05,0.046621755,0.0059747677,-2.8035864e-24,41.472,1.3333,0.0
-2.1825992e-05,0.04691817,0.007749208,6.0699325e-23,41.778,1.3333,0.0
-1.8912973e-05,0.04741153,0.008456027,5.1782192999999996e-23,42.083,1.3333,0.0
-2.8903894e-05,0.04733906,0.008659774,1.1422958e-23,42.389,1.3333,0.0
-1.3727331e-06,0.04729318,0.00901479,-4.0175310000000005e-23,42.694,1.3333,0.0
-2.5029254e-05,0.04692276,0.009122934,2.4664361e-23,43.0,1.3333,0.0
-1.4824581e-05,0.046972074,0.008657135,4.201718e-23,43.306,1.3333,0.0
-5.2474443e-06,0.04646336,0.008617106,1.6344982999999998e-23,43.611,1.3333,0.0
-4.6171335e-06,0.04612416,0.008970804,-3.4063288e-23,43.917,1.3333,0.0
-1.0533819e-05,0.04562422,0.009521277,4.7876107e-23,44.222,1.3333,0.0
-2.5106903e-05,0.045273602,0.010977849,-1.7512434e-23,44.528,1.3333,0.0
1.0884167e-05,0.04520775,0.010650851,2.8329257e-24,44.833,1.3333,0.0
-2.420674e-05,0.044731624,0.011477949,1.1024565e-23,45.139,1.3333,0.0
-1.0240201e-05,0.04489544,0.011288542,-4.4683100000000006e-24,45.444,1.3333,0.0
-9.73803e-06,0.044693153,0.0113388,1.5663875e-23,45.75,1.3333,0.0
6.8680615e-06,0.045090493,0.010925463,1.1441033e-23,46.056,1.3333,0.0
-1.7904833e-05,0.04527688,0.00935542,4.2136733999999997e-23,46.361,1.3333,0.0
-3.7236132e-06,0.04604443,0.008521393,-2.132209e-24,46.667,1.3333,0.0
-8.1192e-06,0.046657637,0.006411938,1.4155396e-23,46.972,1.3333,0.0
-6.2062754e-06,0.047321156,0.004436866,7.790411599999999e-25,47.278,1.3333,0.0
-5.1850293e-06,0.047774054,0.0022259967,-3.2184170000000006e-23,47.583,1.3333,0.0
-1.0347043e-05,0.048184,2.844911e-05,-2.0884998e-23,47.889,1.3333,0.0
-4.8459146e-06,0.048918944,-0.0025306782,3.0372028e-23,48.194,1.3333,0.0
-6.407934e-06,0.049229886,-0.0048716655,1.0289523000000001e-22,48.5,1.3333,0.0
-1.7566217e-05,0.049642123,-0.005759293,-3.9236048e-23,48.806,1.3333,0.0
-1.1057418e-05,0.049562298,-0.007387348,1.5554469e-23,49.111,1.3333,0.0
-4.0836894e-06,0.049721777,-0.007704757,-6.469566000000001e-23,49.417,1.3333,0.0
-7.803392e-06,0.049816176,-0.008271926,7.5598876e-24,49.722,1.3333,0.0
-5.901209e-06,0.049774297,-0.0075331107,3.1599117e-23,50.028,1.3333,0.0
-1.6905058e-05,0.04936296,-0.0075329803,-4.2374630000000004e-23,50.333,1.3333,0.0
4.72278e-06,0.04941959,-0.0073952293,-2.6804736e-24,50.639,1.3333,0.0
-2.3284338e-05,0.048717387,-0.007200311,-4.2934026e-23,50.944,1.3333,0.0
-1.0705335e-05,0.04866983,-0.007112602,-4.7991016000000004e-24,51.25,1.3333,0.0
-2.0611807e-05,0.048691455,-0.006406783,1.9643722e-23,51.556,1.3333,0.0
-6.818723e-06,0.048632108,-0.006422729,-2.201702e-23,51.861,1.3333,0.0
-3.3490123e-06,0.048037477,-0.006390166,2.8824600000000003e-23,52.167,1.3333,0.0
-1.588084e-05,0.04808937,-0.0065844087,2.49482e-23,52.472,1.3333,0.0
3.3954457e-06,0.047899254,-0.0060844407,7.239047000000001e-23,52.778,1.3333,0.0
-4.9109613e-06,0.047447424,-0.0062967823,-3.1516684e-23,53.083,1.3333,0.0
1.6047898e-06,0.04686669,-0.0064166496,-9.883733e-23,53.389,1.3333,0.0
-2.0356785e-05,0.04670118,-0.006561606,-2.9844994e-23,53.694,1.3333,0.0
-1.8806273e-05,0.046636347,-0.00713523,-2.6132204e-23,54.0,1.3333,0.0
-1.64728e-05,0.046273492,-0.0076511847,-4.8000065999999997e-23,54.306,1.3333,0.0
-8.30012e-06,0.046165697,-0.0077788085,4.1288854e-23,54.611,1.3333,0.0
5.5955752e-08,0.046045125,-0.0071138293,1.8043281e-23,54.917,1.3333,0.0
6.762689e-06,0.04609564,-0.0062927753,-2.2661916e-23,55.222,1.3333,0.0
-1.5522819e-05,0.046432618,-0.005251656,3.4469864e-23,55.528,1.3333,0.0
-2.9458753e-05,0.04681856,-0.0041212817,7.906088000000001e-23,55.833,1.3333,0.0
-8.590254e-06,0.04670738,-0.0026415368,-1.8613797999999998e-23,56.139,1.3333,0.0
3.4726327e-06,0.047146276,-0.0010515563,-3.0143928e-23,56.444,1.3333,0.0
5.8758014e-06,0.047329083,0.00058128126,8.150662e-24,56.75,1.3333,0.0
-2.1866246e-05,0.047416095,0.002674927,7.368006000000001e-23,57.056,1.3333,0.0
-1.4714788e-06,0.047510386,0.004427946,5.1559444e-24,57.361,1.3333,0.0
-5.026509e-06,0.04750459,0.0054270416,-3.8181878e-24,57.667,1.3333,0.0
-2.6035636e-06,0.047526382,0.0057698064,3.714558e-23,57.972,1.3333,0.0
5.5629407e-06,0.04759062,0.006738322,-2.5909827e-23,58.278,1.3333,0.0
-2.0182451e-06,0.04748137,0.0072936155,-3.8680285999999997e-23,58.583,1.3333,0.0
-1.3728368e-07,0.047198333,0.007282329,7.4688644e-23,58.889,1.3333,0.0
-1.1253684e-05,0.046942588,0.0077635674,1.6172986e-23,59.194,1.3333,0.0
-1.8904757e-08,0.047128,0.007901962,-7.106173e-24,59.5,1.3333,0.0
8.293162e-06,0.047053207,0.008611709,4.8681174e-23,59.806,1.3333,0.0
6.6230677e-06,0.046816994,0.008588629,7.977204000000001e-23,60.111,1.3333,0.0
1.5434125e-06,0.046126757,0.009157065,1.5763536e-23,60.417,1.3333,0.0
3.6120327e-06,0.04614591,0.0096827755,5.2936858e-23,60.722,1.3333,0.0
6.875095e-06,0.046111394,0.009817299,4.0652312e-23,61.028,1.3333,0.0
-5.9735867e-06,0.046199612,0.008523732,4.9011359999999995e-24,61.333,1.3333,0.0
-1.865695e-05,0.04646842,0.009169983,6.341513000000001e-23,61.639,1.3333,0.0
-6.167751e-06,0.046630844,0.00832037,-2.6836897e-23,61.944,1.3333,0.0
8.590261e-06,0.046997223,0.007712707,-2.2103277e-23,62.25,1.3333,0.0
1.4772895e-05,0.047466014,0.00689477,2.5803450999999998e-23,62.556,1.3333,0.0
4.4740245e-06,0.047889754,0.0055678836,-8.056403e-24,62.861,1.3333,0.0
8.255736e-06,0.04816831,0.003364469,2.4006615e-25,63.167,1.3333,0.0
3.2223616e-06,0.048554987,0.0019264072,2.7030944e-23,63.472,1.3333,0.0
-4.072761e-06,0.048913985,0.00010198075,7.0976075e-23,63.778,1.3333,0.0
-1.552288e-05,0.049295858,-0.0006568376,3.7815860000000006e-23,64.083,1.3333,0.0
-1.3486406e-06,0.04947738,-0.002505694,-4.9672173e-24,64.389,1.3333,0.0
1.3943178e-05,0.049560897,-0.0034740032,8.151344e-24,64.694,1.3333,0.0
-1.7955972e-06,0.049884282,-0.004038378,2.8322934e-23,65.0,1.3333,0.0
-0.00021011216,0.02980508,-0.0037282826,-4.6952092e-23,10.306,2.0,0.0
-0.00021873365,0.02929177,-0.002428376,-2.6410697e-23,10.611,2.0,0.0
-0.00021379902,0.030580588,-0.00035878085,5.8466735e-23,10.917,2.0,0.0
-0.00020566375,0.031576797,0.0012571458,1.9327673e-23,11.222,2.0,0.0
-0.00019756358,0.033072054,0.003283346,1.4845750000000002e-23,11.528,2.0,0.0
-0.00019006737,0.034621283,0.0075832056,4.6787403e-24,11.833,2.0,0.0
-0.00017017547,0.036331486,0.011539892,7.232331699999999e-23,12.139,2.0,0.0
-0.00016804413,0.036929484,0.014592072,8.137801e-23,12.444,2.0,0.0
-0.00014540792,0.037538633,0.017504456,-2.3418390000000003e-23,12.75,2.0,0.0
-0.00013422531,0.037354764,0.019826394,3.8627679999999996e-24,13.056,2.0,0.0
-0.00012160575,0.036977038,0.021275584,9.403146e-24,13.361,2.0,0.0
-0.00012252107,0.036500372,0.021998003,-1.0146140000000001e-23,13.667,2.0,0.0
-0.00011064121,0.03600158,0.022881864,7.854258e-25,13.972,2.0,0.0
-0.0001137452,0.035738654,0.022126669,-6.671466000000001e-23,14.278,2.0,0.0
-7.766069e-05,0.036742926,0.020882323,-5.4400605e-24,14.583,2.0,0.0
-8.1106075e-05,0.038171023,0.018033128,-6.1049e-24,14.889,2.0,0.0
-8.011662e-05,0.040682577,0.013890935,-3.9575776e-23,15.194,2.0,0.0
-7.594847e-05,0.043475464,0.0072478224,3.0030685e-23,15.5,2.0,0.0
-6.121685e-05,0.047017626,0.0010978244,-2.0157327e-23,15.806,2.0,0.0
-7.8918354e-05,0.049532685,-0.0061203362,7.619286e-24,16.111,2.0,0.0
-7.960352e-05,0.05242127,-0.011144624,1.3997371e-23,16.417,2.0,0.0
-8.102926e-05,0.054266542,-0.01496988,5.531947e-23,16.722,2.0,0.0
-6.131568e-05,0.054866955,-0.016555315,2.2262235e-23,17.028,2.0,0.0
-5.4735934e-05,0.055365786,-0.01705569,-3.5750798e-23,17.333,2.0,0.0
-5.3890308e-05,0.05540608,-0.015284641,-1.7105786e-23,17.639,2.0,0.0
-6.078958e-05,0.054411825,-0.014496359,3.3041988e-23,17.944000000000003,2.0,0.0
-5.3575444e-05,0.05352339,-0.012864446,-4.3920594999999996e-23,18.25,2.0,0.0
-5.3495896e-05,0.052133653,-0.010977233,6.074229e-26,18.556,2.0,0.0
-5.8583417e-05,0.05073049,-0.010596594,1.2117509e-23,18.861,2.0,0.0
-4.6348716e-05,0.0496345,-0.010692008,-4.079163e-23,19.167,2.0,0.0
-5.890565e-05,0.04896372,-0.011127347,-3.3226468e-23,19.472,2.0,0.0
-6.3798e-05,0.04823892,-0.011072606,8.75835e-24,19.778,2.0,0.0
-5.2781812e-05,0.04747338,-0.01167194,-1.5770831e-23,20.083,2.0,0.0
-5.885439e-05,0.047315255,-0.011163201,2.6224412e-23,20.389,2.0,0.0
-6.2459425e-05,0.04719379,-0.0108537795,-4.0678427e-23,20.694000000000003,2.0,0.0
-4.2654996e-05,0.04758805,-0.010250487,-2.7466496e-24,21.0,2.0,0.0
-3.9798964e-05,0.047141373,-0.00958603,2.5368176e-23,21.306,2.0,0.0
-4.4777433e-05,0.04683118,-0.008623195,-1.2276392e-22,21.611,2.0,0.0
-3.868044e-05,0.046422064,-0.008010177,1.9895602e-23,21.917,2.0,0.0
-4.4026823e-05,0.045245234,-0.0083644055,3.2503543e-23,22.222,2.0,0.0
-4.4279164e-05,0.04433949,-0.007450738,2.253383e-23,22.528,2.0,0.0
-3.6933576e-05,0.04362359,-0.008414373,-2.8092182e-23,22.833,2.0,0.0
-5.5378987e-05,0.042570766,-0.007952515,5.6913676e-23,23.139,2.0,0.0
-4.590895e-05,0.04163575,-0.008568698,-1.3758895e-23,23.444000000000003,2.0,0.0
-3.6330333e-05,0.04032615,-0.008394459,9.769935000000001e-23,23.75,2.0,0.0
-3.8657327e-05,0.04002005,-0.00757018,1.6521297e-23,24.056,2.0,0.0
-5.985934e-05,0.040265,-0.0062916204,5.7727453e-24,24.361,2.0,0.0
-3.0902153e-05,0.040118292,-0.004712008,-5.2613236e-23,24.667,2.0,0.0
-4.1819134e-05,0.04089805,-0.0017823046,4.4843094999999997e-23,24.972,2.0,0.0
-4.6973048e-05,0.041839436,0.0013914211,-7.345778e-24,25.278,2.0,0.0
-5.3353742e-05,0.042787995,0.0049491157,4.7761997e-23,25.583,2.0,0.0
-2.527942e-05,0.043944344,0.007401536,3.8257608e-23,25.889,2.0,0.0
-3.5099638e-05,0.044627562,0.010369588,-1.7784585e-23,26.194000000000003,2.0,0.0
-2.9047746e-05,0.045478143,0.011757094,9.190356000000001e-23,26.5,2.0,0.0
-3.152612e-05,0.04571294,0.0129455775,-6.852563e-24,26.806,2.0,0.0
-2.9413965e-05,0.045693412,0.012638935,4.005076e-23,27.111,2.0,0.0
-4.59587e-05,0.045128256,0.0125449095,8.475355000000001e-23,27.417,2.0,0.0
-4.439442e-05,0.044544224,0.01270178,-7.7632496e-24,27.722,2.0,0.0
-3.9908955e-05,0.043974716,0.0123813525,1.2090448e-23,28.028,2.0,0.0
-4.9531434e-05,0.0430127,0.012952173,-2.3523171e-23,28.333,2.0,0.0
-3.389865e-05,0.041885294,0.013548555,-1.33551e-23,28.639,2.0,0.0
-2.3153161e-05,0.041726075,0.014743527,3.29965e-23,28.944000000000003,2.0,0.0
-4.691194e-05,0.041117933,0.015883423,-2.2727322e-23,29.25,2.0,0.0
-2.8494174e-05,0.041107707,0.01575471,3.6690893e-23,29.556,2.0,0.0
-2.7270919e-05,0.04163039,0.016003275,1.2385740999999999e-23,29.861,2.0,0.0
-3.8611717e-05,0.042255532,0.014173731,6.105566000000001e-23,30.167,2.0,0.0
-3.0511957e-05,0.04357496,0.012345834,2.5479828999999998e-23,30.472,2.0,0.0
-1.8815837e-05,0.045106366,0.007931959,2.5535870000000003e-23,30.778,2.0,0.0
-3.3102788e-05,0.04610492,0.004777792,-4.2969493e-23,31.083,2.0,0.0
-2.7514225e-05,0.0480457,0.0007003299,-6.406348e-23,31.389,2.0,0.0
-3.508375e-05,0.049134817,-0.0027501336,-4.9275408e-23,31.694000000000003,2.0,0.0
-1.4632324e-05,0.050070673,-0.005457946,6.663704e-24,32.0,2.0,0.0
-1.8165098e-05,0.051231757,-0.0070123514,-2.2069400000000002e-23,32.306,2.0,0.0
-3.4622255e-05,0.05115278,-0.008841503,1.2713964e-23,32.611,2.0,0.0
-2.2609398e-05,0.05096569,-0.009051501,-9.2316416e-24,32.917,2.0,0.0
-3.1215706e-05,0.051266536,-0.009208917,-4.2351607000000005e-24,33.222,2.0,0.0
-1.707832e-05,0.05051091,-0.0089343935,-7.769611000000001e-23,33.528,2.0,0.0
-1.628557e-05,0.050247878,-0.008282373,-9.749816e-24,33.833,2.0,0.0
-5.5809433e-06,0.050282013,-0.008367036,2.2172242e-23,34.139,2.0,0.0
-1.3261879e-05,0.049710654,-0.007969588,7.943712e-23,34.444,2.0,0.0
-2.097854e-05,0.049137577,-0.007950823,4.5166060000000006e-23,34.75,2.0,0.0
-1.4487376e-05,0.048591778,-0.008295088,-2.5964467e-23,35.056,2.0,0.0
-1.1562188e-05,0.048564732,-0.008736587,3.8160673e-24,35.361,2.0,0.0
-1.3305671e-05,0.048468288,-0.008069104,8.625367e-23,35.667,2.0,0.0
-1.9008121e-05,0.048140902,-0.008401663,-3.6749787e-24,35.972,2.0,0.0
-6.6694843e-06,0.047748357,-0.007886509,-4.7004353e-23,36.278,2.0,0.0
-1.5829206e-05,0.047955215,-0.0073875925,1.5573386e-23,36.583,2.0,0.0
-3.1405354e-05,0.047817692,-0.0065647075,-1.8181161e-24,36.889,2.0,0.0
-8.2413135e-06,0.047177598,-0.0063623954,9.2409565e-24,37.194,2.0,0.0
-1.1116355e-05,0.046814933,-0.0063017304,-2.9536972000000002e-24,37.5,2.0,0.0
-1.6478738e-05,0.046419147,-0.006745596,4.896163e-24,37.806,2.0,0.0
-5.8196383e-06,0.04588058,-0.0068041477,8.907388e-24,38.111,2.0,0.0
-5.804797e-06,0.04508153,-0.006920328,-9.6494476e-24,38.417,2.0,0.0
-1.4148965e-05,0.04478606,-0.007868512,4.5181055e-23,38.722,2.0,0.0
-2.495058e-05,0.044213176,-0.007390279,-3.7849622e-23,39.028,2.0,0.0
-1.9114905e-05,0.043948196,-0.007121479,-4.2690072e-23,39.333,2.0,0.0
-2.1419028e-05,0.04427261,-0.006354991,-4.7490637999999997e-23,39.639,2.0,0.0
-1.1609044e-05,0.044282332,-0.005369367,3.6914350000000004e-23,39.944,2.0,0.0
-1.3633009e-05,0.04463762,-0.0030545187,4.0726882e-23,40.25,2.0,0.0
1.1802513e-05,0.045143254,-0.00092464127,-3.4606836e-23,40.556,2.0,0.0
-9.350602e-06,0.045745324,0.00081796176,4.6225028e-23,40.861,2.0,0.0
-1.1089147e-05,0.046459533,0.0032483602,-2.3407460000000002e-23,41.167,2.0,0.0
-9.39226e-06,0.046763055,0.0049664206,-6.970501e-25,41.472,2.0,0.0
-3.4796205e-05,0.04698779,0.0068636364,-1.5226960000000003e-23,41.778,2.0,0.0
-1.9625706e-05,0.047032326,0.007418819,5.2479622e-23,42.083,2.0,0.0
-8.115603e-08,0.047172256,0.008321559,-8.307e-24,42.389,2.0,0.0
-1.6894193e-05,0.04704057,0.008972802,-4.0586680000000004e-23,42.694,2.0,0.0
-1.3057623e-05,0.046745412,0.008857517,9.572591000000001e-23,43.0,2.0,0.0
-2.4231384e-05,0.046709165,0.008862881,2.2141041e-23,43.306,2.0,0.0
-2.0663574e-05,0.04615686,0.009157821,-5.8872096e-23,43.611,2.0,0.0
-1.5643274e-05,0.04570344,0.009767073,3.2157315e-23,43.917,2.0,0.0
-2.8126871e-05,0.04521878,0.010564899,-3.4812420000000004e-23,44.222,2.0,0.0
-6.2840845e-06,0.04486247,0.011485885,-6.049364e-24,44.528,2.0,0.0
-8.171528e-06,0.044761732,0.012352785,-6.852205e-23,44.833,2.0,0.0
-1.8356079e-05,0.044637732,0.011913661,3.4604260000000006e-23,45.139,2.0,0.0
-5.08632e-06,0.04459974,0.012149287,2.3482155e-23,45.444,2.0,0.0
-1.640692e-07,0.044898625,0.011491514,2.5648455e-24,45.75,2.0,0.0
-7.688803e-06,0.04585585,0.010760827,-6.803843e-24,46.056,2.0,0.0
-7.945721e-06,0.046196632,0.00922222,6.133309000000001e-23,46.361,2.0,0.0
-2.8381237e-06,0.046699166,0.0069637694,7.734805e-23,46.667,2.0,0.0
-1.9235371e-05,0.04781408,0.004238534,2.0984557999999998e-23,46.972,2.0,0.0
-6.7656183e-06,0.048465535,0.0024792356,6.63977e-23,47.278,2.0,0.0
-8.576403e-07,0.04920331,-0.00010225759,-5.542254000000001e-23,47.583,2.0,0.0
-3.4539153e-06,0.04955523,-0.0024180752,8.29918e-23,47.889,2.0,0.0
-1.1150463e-05,0.04999118,-0.004111955,-1.1710536e-23,48.194,2.0,0.0
-7.0387396e-06,0.05049389,-0.0058429483,-3.8946808e-23,48.5,2.0,0.0
-1.0574562e-05,0.05045154,-0.0062154224,6.928105e-24,48.806,2.0,0.0
-2.3989873e-05,0.050487295,-0.006586027,-3.1934100000000004e-24,49.111,2.0,0.0
-2.2215823e-05,0.05072013,-0.00733913,-1.1054655e-23,49.417,2.0,0.0
-3.7855061e-06,0.050488904,-0.00730352,7.001854e-24,49.722,2.0,0.0
-1.981617e-05,0.050197095,-0.007546768,1.9363871999999998e-23,50.028,2.0,0.0
-4.493969e-06,0.049963214,-0.0077955993,6.236903399999999e-23,50.333,2.0,0.0
3.3573633e-06,0.04968894,-0.0073090876,-1.069971e-22,50.639,2.0,0.0
1.5443833e-05,0.04944038,-0.0065953303,2.4878325e-23,50.944,2.0,0.0
3.8251528e-07,0.04944035,-0.006863978,-2.5955796e-23,51.25,2.0,0.0
8.298692e-06,0.04910418,-0.006509768,-4.5631148e-23,51.556,2.0,0.0
2.156878e-06,0.048717417,-0.006147893,-5.308062e-24,51.861,2.0,0.0
6.206654e-06,0.04884063,-0.005569011,-2.6943147e-23,52.167,2.0,0.0
-3.262332e-06,0.04836367,-0.005725874,-1.6986334e-23,52.472,2.0,0.0
-5.476393e-06,0.047953762,-0.005563667,-4.4200040000000003e-23,52.778,2.0,0.0
-1.3274966e-06,0.047828846,-0.005351063,2.4041451000000002e-24,53.083,2.0,0.0
-1.0239906e-05,0.047036607,-0.005650095,-6.0623897000000006e-24,53.389,2.0,0.0
9.375612e-06,0.046758726,-0.0063326466,4.1180205e-23,53.694,2.0,0.0
-4.6133528e-07,0.046683025,-0.006955157,-4.0852645e-24,54.0,2.0,0.0
-8.712639e-06,0.046580877,-0.0064978637,1.6602380000000002e-23,54.306,2.0,0.0
-1.018439e-05,0.046222568,-0.0069003585,-2.7032812e-24,54.611,2.0,0.0
6.804403e-07,0.046445064,-0.006869108,3.586159e-23,54.917,2.0,0.0
-4.13423e-06,0.045871727,-0.006519085,-3.7000075999999997e-23,55.222,2.0,0.0
-2.8755658e-06,0.04638971,-0.005442057,-1.5478019e-23,55.528,2.0,0.0
-6.3966686e-06,0.046522975,-0.004228184,6.257704e-23,55.833,2.0,0.0
1.0460108e-05,0.046580635,-0.0027228757,-1.5650357e-23,56.139,2.0,0.0
-6.432578e-06,0.046931308,-0.0017219605,9.662104000000001e-23,56.444,2.0,0.0
-2.9274288e-06,0.046884917,-0.0001229099,-5.813377000000001e-23,56.75,2.0,0.0
-2.6640228e-06,0.04710446,0.0019201967,4.419516e-24,57.056,2.0,0.0
-6.9541966e-06,0.047191262,0.003654729,-1.2030827e-23,57.361,2.0,0.0
2.4063775e-07,0.047356833,0.0050827917,-1.7937258e-23,57.667,2.0,0.0
-5.646005e-06,0.047648754,0.005727091,-3.2805734e-23,57.972,2.0,0.0
-1.448585e-06,0.047621913,0.0065383827,1.09410085e-23,58.278,2.0,0.0
3.077901e-06,0.047137287,0.007992197,-9.987282e-24,58.583,2.0,0.0
7.191529e-06,0.04748899,0.0077513866,1.2296082e-23,58.889,2.0,0.0
1.9893996e-06,0.04714541,0.007933668,-3.5673502e-23,59.194,2.0,0.0
-2.0269927e-05,0.046854496,0.009010965,9.063292e-24,59.5,2.0,0.0
-7.756391e-06,0.04708923,0.008893533,1.1788585999999999e-23,59.806,2.0,0.0
-1.5560807e-05,0.046575062,0.009666268,-6.718268e-24,60.111,2.0,0.0
1.5412326e-05,0.04616742,0.0102289,1.0635208e-23,60.417,2.0,0.0
-3.3487431e-06,0.04605028,0.0096779615,9.113325e-24,60.722,2.0,0.0
-6.8714853e-06,0.045967147,0.009810506,-3.9654053e-23,61.028,2.0,0.0
-1.5206115e-05,0.046450227,0.010310001,-3.4760770000000006e-23,61.333,2.0,0.0
-6.497943e-06,0.04641731,0.009808224,5.5205117e-24,61.639,2.0,0.0
5.1160678e-06,0.04717896,0.008937588,1.7988755e-23,61.944,2.0,0.0
5.413338e-06,0.047594752,0.008127151,3.5496802999999996e-23,62.25,2.0,0.0
-5.95444e-06,0.04835618,0.006173112,-4.5227856999999997e-23,62.556,2.0,0.0
-6.587816e-07,0.04861926,0.004598111,-4.90156e-23,62.861,2.0,0.0
2.8453055e-06,0.049321275,0.0022465591,8.763247500000001e-24,63.167,2.0,0.0
-1.8118808e-06,0.049559057,0.00079264096,2.4579946999999998e-23,63.472,2.0,0.0
9.231215e-06,0.049828827,-0.0005085021,-5.890293000000001e-23,63.778,2.0,0.0
-1.08790155e-05,0.050108507,-0.001952467,-2.7194888e-23,64.083,2.0,0.0
-2.643901e-07,0.050259434,-0.0031583174,5.035684e-24,64.389,2.0,0.0
1.9614878e-05,0.05053708,-0.004698012,1.470154e-23,64.694,2.0,0.0
1.3840441e-05,0.05010977,-0.005151557,-7.746817000000001e-23,65.0,2.0,0.0
-0.00020417228,0.039509393,-0.00089118816,3.8543952e-23,10.306,2.6667,0.0
-0.00022348463,0.03918907,-0.00034472346,-1.7125981e-23,10.611,2.6667,0.0
-0.00023949254,0.038756125,0.00013916194,-3.0712412e-23,10.917,2.6667,0.0
-0.00020978066,0.03770841,0.0012989892,-1.3853660000000002e-25,11.222,2.6667,0.0
-0.0002033231,0.036489204,0.0027352646,7.516317e-24,11.528,2.6667,0.0
-0.00020399409,0.0358888,0.004676665,-2.6275808e-23,11.833,2.6667,0.0
-0.0001895419,0.035295725,0.007473168,3.2522375e-23,12.139,2.6667,0.0
-0.00019152812,0.03530734,0.010442125,-5.3061939999999996e-24,12.444,2.6667,0.0
-0.00016943633,0.035270795,0.014323626,1.5878994e-23,12.75,2.6667,0.0
-0.00015666067,0.03593509,0.01727923,-4.8902510000000005e-23,13.056,2.6667,0.0
-0.00013904786,0.036801845,0.020908354,-4.1888893000000005e-24,13.361,2.6667,0.0
-0.00011212982,0.0376037,0.022634903,-2.9192195e-23,13.667,2.6667,0.0
-0.000109960514,0.03941677,0.022349395,-3.0245306e-23,13.972,2.6667,0.0
-9.598363e-05,0.041307487,0.020449176,-2.2226691999999998e-23,14.278,2.6667,0.0
-9.708015e-05,0.04398657,0.017347869,2.7595535e-23,14.583,2.6667,0.0
-8.6487256e-05,0.04671356,0.0119978925,-3.2460880000000003e-23,14.889,2.6667,0.0
-7.8181794e-05,0.050258994,0.0064052134,-1.0275740000000001e-23,15.194,2.6667,0.0
-7.208738e-05,0.053027168,-0.00023640599,3.353439e-23,15.5,2.6667,0.0
-9.129699e-05,0.055120036,-0.0060831364,-5.8621276e-23,15.806,2.6667,0.0
-8.039197e-05,0.05687339,-0.011013302,-4.0855018e-23,16.111,2.6667,0.0
-7.865011e-05,0.057985727,-0.013203107,-9.758833e-23,16.417,2.6667,0.0
-7.114778e-05,0.058468103,-0.01499313,-2.1783643e-23,16.722,2.6667,0.0
-7.730823e-05,0.058090154,-0.0150495935,2.6975760000000003e-23,17.028,2.6667,0.0
-7.818978e-05,0.05742959,-0.0145826405,1.665322e-23,17.333,2.6667,0.0
-7.528946e-05,0.056565985,-0.012986556,3.6686096e-23,17.639,2.6667,0.0
-5.849725e-05,0.055038106,-0.011495425,2.9437865999999997e-23,17.944000000000003,2.6667,0.0
-6.791628e-05,0.05408321,-0.010174591,7.379295e-24,18.25,2.6667,0.0
-4.984931e-05,0.053103536,-0.010414593,4.6306968e-23,18.556,2.6667,0.0
-5.0728304e-05,0.051563893,-0.009947587,-5.0722368e-24,18.861,2.6667,0.0
-5.713518e-05,0.05075925,-0.010094109,3.1197038e-23,19.167,2.6667,0.0
-4.8978683e-05,0.04991734,-0.010214685,4.4459544e-23,19.472,2.6667,0.0
-4.859885e-05,0.049154833,-0.01052992,-4.8146743e-23,19.778,2.6667,0.0
-6.127831e-05,0.049126934,-0.009945951,-1.5156328e-23,20.083,2.6667,0.0
-4.8412145e-05,0.04869294,-0.009276292,-1.6444077e-23,20.389,2.6667,0.0
-4.4582106e-05,0.048646092,-0.008875804,1.9437659e-23,20.694000000000003,2.6667,0.0
-5.5832308e-05,0.04866866,-0.008490711,-1.32083336e-23,21.0,2.6667,0.0
-4.508055e-05,0.04846803,-0.008215607,-4.1342572e-23,21.306,2.6667,0.0
-5.5600234e-05,0.048302114,-0.007618496,6.912660599999999e-23,21.611,2.6667,0.0
-4.4130826e-05,0.047956366,-0.007003643,-3.4560490000000004e-23,21.917,2.6667,0.0
-3.6039215e-05,0.046976034,-0.0073197316,1.6944858e-23,22.222,2.6667,0.0
-3.9846138e-05,0.046084344,-0.0065972307,1.4820235e-24,22.528,2.6667,0.0
-3.9523406e-05,0.044989742,-0.007104816,-8.630719e-23,22.833,2.6667,0.0
-5.990387e-05,0.043864697,-0.007209182,-2.0086178e-23,23.139,2.6667,0.0
-3.8936425e-05,0.042672984,-0.0073034232,-1.5761062000000001e-24,23.444000000000003,2.6667,0.0
-4.1936004e-05,0.04187681,-0.0064806063,-1.8024714e-23,23.75,2.6667,0.0
-4.185277e-05,0.04154001,-0.006246204,-1.7574887e-23,24.056,2.6667,0.0
-3.5231245e-05,0.040894404,-0.0056187264,8.700573e-23,24.361,2.6667,0.0
-2.3483293e-05,0.040971763,-0.004240067,1.3221561e-23,24.667,2.6667,0.0
-4.2116306e-05,0.04138229,-0.003083463,-3.4500863e-23,24.972,2.6667,0.0
-3.2471035e-05,0.042097606,0.00024024025,-1.7566430000000003e-23,25.278,2.6667,0.0
-3.7218404e-05,0.04306721,0.0025189063,7.823582e-24,25.583,2.6667,0.0
-2.9832589e-05,0.04386603,0.0051454753,-1.3241251e-23,25.889,2.6667,0.0
-3.0331918e-05,0.044429265,0.007919513,-8.537772e-24,26.194000000000003,2.6667,0.0
-2.305278e-05,0.044973493,0.010370978,-7.782485000000001e-23,26.5,2.6667,0.0
-3.4257297e-05,0.04506785,0.01147684,2.0468680999999998e-23,26.806,2.6667,0.0
-5.401467e-05,0.045058884,0.012553958,1.0231184999999999e-23,27.111,2.6667,0.0
-3.496759e-05,0.044860773,0.012700789,3.8938224999999997e-23,27.417,2.6667,0.0
-5.806075e-05,0.043981727,0.013585062,1.9579553e-23,27.722,2.6667,0.0
-2.8504226e-05,0.04311878,0.014506467,1.6156073e-23,28.028,2.6667,0.0
-4.3067983e-05,0.0427643,0.0149841895,-7.334074000000001e-23,28.333,2.6667,0.0
-4.9508795e-05,0.042192377,0.015376391,9.273117e-24,28.639,2.6667,0.0
-4.2279695e-05,0.042299777,0.016478445,1.0272105e-23,28.944000000000003,2.6667,0.0
-4.195057e-05,0.042383805,0.01706381,3.1884117000000002e-24,29.25,2.6667,0.0
-3.5067183e-05,0.04314638,0.01639602,6.317486e-23,29.556,2.6667,0.0
-3.770923e-05,0.043783262,0.014482062,-2.6510775e-23,29.861,2.6667,0.0
-2.6251091e-05,0.04503835,0.011978831,2.4369793999999998e-23,30.167,2.6667,0.0
-3.1339998e-05,0.046305075,0.008697156,-6.121298e-23,30.472,2.6667,0.0
-1.9102596e-05,0.047762364,0.0049814694,1.9569178e-23,30.778,2.6667,0.0
-3.279526e-05,0.049424082,0.001257898,-3.3694332e-23,31.083,2.6667,0.0
-3.1847947e-05,0.05072258,-0.0032260027,6.849554000000001e-23,31.389,2.6667,0.0
-3.5010882e-05,0.0517916,-0.005251851,-6.630198e-23,31.694000000000003,2.6667,0.0
-1.1919363e-05,0.052328944,-0.0068456186,-1.3025671e-25,32.0,2.6667,0.0
-3.334e-05,0.052970644,-0.008719754,-7.840848e-24,32.306,2.6667,0.0
-1.5488824e-05,0.052958917,-0.008967738,-3.0095914e-23,32.611,2.6667,0.0
-1.9279973e-05,0.05269392,-0.008332069,-2.779562e-23,32.917,2.6667,0.0
-2.489084e-05,0.052038297,-0.0083998125,-5.7401205e-23,33.222,2.6667,0.0
-1.5376892e-05,0.05175983,-0.0074600796,2.7470737e-23,33.528,2.6667,0.0
-1.1283435e-05,0.05120312,-0.007417248,3.3717657e-23,33.833,2.6667,0.0
-1.7625349e-05,0.050895475,-0.0071496256,-5.506981e-24,34.139,2.6667,0.0
-2.350802e-05,0.050533697,-0.007976587,-9.364991e-24,34.444,2.6667,0.0
-1.461602e-05,0.049833093,-0.008214412,1.8430012e-23,34.75,2.6667,0.0
-1.2334727e-05,0.049334798,-0.008317102,-1.437398e-23,35.056,2.6667,0.0
-2.9921084e-05,0.049132906,-0.007618939,1.7610708e-23,35.361,2.6667,0.0
-5.2813266e-06,0.04909806,-0.007756724,-2.6029633e-23,35.667,2.6667,0.0
-1.7828928e-05,0.048919022,-0.0074560046,1.3018376e-23,35.972,2.6667,0.0
-1.7373088e-05,0.04905007,-0.0067964867,-5.4841358e-24,36.278,2.6667,0.0
-7.832899e-06,0.048539363,-0.006549918,3.6147664e-23,36.583,2.6667,0.0
-2.4347246e-05,0.048564717,-0.0064575593,5.9563365e-23,36.889,2.6667,0.0
-2.7249553e-06,0.047779515,-0.005741011,7.744143e-23,37.194,2.6667,0.0
-1.6380218e-05,0.047566753,-0.005515945,-9.4807954e-23,37.5,2.6667,0.0
-9.144413e-06,0.046766922,-0.0057886345,1.29882856e-23,37.806,2.6667,0.0
-2.0539086e-05,0.046486452,-0.0058805193,-4.0441377e-23,38.111,2.6667,0.0
-1.6499142e-05,0.045890532,-0.006251676,1.1173553e-22,38.417,2.6667,0.0
-1.4595138e-05,0.045458723,-0.0062310966,-6.274321e-23,38.722,2.6667,0.0
-1.7415587e-05,0.045058943,-0.007236667,3.3445696e-23,39.028,2.6667,0.0
-1.6284064e-05,0.04468921,-0.0064674844,-4.6599473e-24,39.333,2.6667,0.0
-2.5529276e-05,0.04456871,-0.0061873496,-1.6586779e-23,39.639,2.6667,0.0
-1.6477654e-05,0.04476849,-0.004684023,-2.7064610000000005e-23,39.944,2.6667,0.0
-1.3907531e-05,0.045214497,-0.003262653,-7.6259515e-24,40.25,2.6667,0.0
-1.6039827e-05,0.04559258,-0.0016857139,-2.0275190000000002e-23,40.556,2.6667,0.0
-2.2472366e-05,0.04586897,0.00016434211,-3.9213934999999997e-23,40.861,2.6667,0.0
-1.2899669e-05,0.046270423,0.0017079907,8.784387999999999e-24,41.167,2.6667,0.0
-1.602231e-05,0.04648093,0.0040916568,-1.0725832500000001e-23,41.472,2.6667,0.0
-1.0627599e-05,0.046918064,0.005319231,-2.4165194999999998e-23,41.778,2.6667,0.0
-7.167804e-06,0.04674238,0.0067593027,-1.3611448000000001e-24,42.083,2.6667,0.0
-2.2316883e-05,0.04684876,0.00805863,1.8099071e-23,42.389,2.6667,0.0
-1.3620702e-05,0.0464442,0.008868488,1.9778370999999998e-23,42.694,2.6667,0.0
-1.0964835e-05,0.046720337,0.009158105,3.6121297e-23,43.0,2.6667,0.0
-2.9884071e-05,0.046396803,0.009233689,-2.9635976999999997e-23,43.306,2.6667,0.0
-3.822859e-06,0.04545112,0.010041552,8.061655000000001e-23,43.611,2.6667,0.0
-1.18339485e-05,0.045881763,0.010973202,-7.277296000000001e-23,43.917,2.6667,0.0
-9.512554e-06,0.04503836,0.011949062,-2.2582854e-23,44.222,2.6667,0.0
-1.9608164e-05,0.04476993,0.012318405,-1.3598346e-23,44.528,2.6667,0.0
-1.7917073e-05,0.044897337,0.012948257,-4.652992e-23,44.833,2.6667,0.0
-1.5184041e-05,0.045402013,0.013007367,-4.461709e-24,45.139,2.6667,0.0
-3.7544007e-05,0.045272306,0.012317324,-3.7671e-23,45.444,2.6667,0.0
-3.4312652e-06,0.04615867,0.01121041,-5.588705000000001e-23,45.75,2.6667,0.0
-2.682499e-05,0.047039896,0.00949101,-5.6988953e-24,46.056,2.6667,0.0
-2.0566367e-06,0.04771205,0.008059591,-8.045484000000001e-23,46.361,2.6667,0.0
-1.0373475e-05,0.04878345,0.0050069424,5.06843e-23,46.667,2.6667,0.0
-1.15187795e-05,0.0498532,0.002388805,-5.1996360000000006e-23,46.972,2.6667,0.0
-2.2496883e-05,0.050402015,-0.00074880396,6.789060599999999e-23,47.278,2.6667,0.0
-1.2793716e-06,0.05085031,-0.0019098399,-1.6765351999999999e-23,47.583,2.6667,0.0
-2.559802e-06,0.051396288,-0.00372476,-5.463966000000001e-23,47.889,2.6667,0.0
-9.160176e-07,0.051407874,-0.005149271,2.2572095e-23,48.194,2.6667,0.0
-2.3717941e-05,0.051369697,-0.005982563,5.445993e-23,48.5,2.6667,0.0
-1.9774598e-06,0.051725876,-0.00666437,6.167206e-23,48.806,2.6667,0.0
8.9107225e-06,0.05139666,-0.0066571007,-1.7714408e-23,49.111,2.6667,0.0
-8.175615e-07,0.051441453,-0.006795617,1.0492027e-23,49.417,2.6667,0.0
-5.542337e-06,0.050995275,-0.006771303,-1.9942505e-23,49.722,2.6667,0.0
-1.4187809e-05,0.050570942,-0.006976518,-6.048165000000001e-23,50.028,2.6667,0.0
-9.320652e-06,0.05089537,-0.007116494,1.7330302e-23,50.333,2.6667,0.0
7.1169743e-06,0.050143085,-0.0060785743,8.775742999999999e-24,50.639,2.6667,0.0
-2.092604e-05,0.049955823,-0.006522596,3.4963980000000006e-23,50.944,2.6667,0.0
-2.1946616e-05,0.049933046,-0.0060350574,-9.052468000000001e-23,51.25,2.6667,0.0
-2.4645744e-05,0.049871303,-0.006120304,-6.502157599999999e-23,51.556,2.6667,0.0
2.902616e-06,0.049356364,-0.0049164444,-3.6152044e-23,51.861,2.6667,0.0
1.29827e-05,0.049338453,-0.005388825,-3.6487682e-23,52.167,2.6667,0.0
-1.3843486e-05,0.04886667,-0.0051559643,2.5063461e-23,52.472,2.6667,0.0
8.265997e-07,0.048618626,-0.0049690474,-3.0673435999999997e-23,52.778,2.6667,0.0
-1.2353888e-05,0.048201848,-0.004141757,-2.5096581e-23,53.083,2.6667,0.0
-1.0821358e-05,0.047710866,-0.0049937153,3.2224097e-23,53.389,2.6667,0.0
-1.4520783e-05,0.04741019,-0.0052211955,-9.814501e-23,53.694,2.6667,0.0
4.827598e-06,0.046953704,-0.006205594,5.340111e-23,54.0,2.6667,0.0
-9.583757e-06,0.046756536,-0.0063256985,4.223425e-23,54.306,2.6667,0.0
-1.2826042e-05,0.046555042,-0.006741125,-5.650011e-25,54.611,2.6667,0.0
-7.2952544e-06,0.04657078,-0.0065595256,1.848883e-23,54.917,2.6667,0.0
-2.2679451e-05,0.046567615,-0.0060524535,1.0520956e-22,55.222,2.6667,0.0
-1.707812e-05,0.04644706,-0.0054478697,8.612493e-24,55.528,2.6667,0.0
-1.3096353e-05,0.046730824,-0.0046077017,3.6602654e-23,55.833,2.6667,0.0
-4.886624e-06,0.046696115,-0.003145846,-6.9415266e-23,56.139,2.6667,0.0
-2.0996304e-06,0.047034405,-0.0019082269,-3.5600963999999997e-23,56.444,2.6667,0.0
-1.3730289e-05,0.04680366,0.00022036163,-2.2215939e-23,56.75,2.6667,0.0
1.5635669e-07,0.047117747,0.0018007206,7.139562000000001e-23,57.056,2.6667,0.0
9.392543e-06,0.047058746,0.0033859042,9.011748e-24,57.361,2.6667,0.0
-1.2175664e-05,0.047210995,0.004478667,-1.4693942e-23,57.667,2.6667,0.0
-7.096267e-06,0.04730785,0.0051305685,-6.494347e-23,57.972,2.6667,0.0
-7.149425e-06,0.047324393,0.006188658,1.11252864e-23,58.278,2.6667,0.0
9.924872e-06,0.047036193,0.007599054,-3.6298507e-23,58.583,2.6667,0.0
5.361158e-06,0.0470019,0.008345256,4.9094916e-23,58.889,2.6667,0.0
-5.589518e-07,0.04702069,0.008925098,-5.1130203e-23,59.194,2.6667,0.0
-1.954502e-05,0.046667695,0.009348873,2.3589591999999998e-23,59.5,2.6667,0.0
-1.3504193e-05,0.04662021,0.009927504,9.063469e-24,59.806,2.6667,0.0
-2.8996874e-06,0.04621376,0.010431228,6.9234724e-23,60.111,2.6667,0.0
-2.1618796e-06,0.046270713,0.01085747,3.6420360000000005e-23,60.417,2.6667,0.0
3.0158399e-06,0.046679594,0.011370094,6.917621000000001e-23,60.722,2.6667,0.0
-2.3399843e-06,0.046877846,0.010852848,-4.163031e-23,61.028,2.6667,0.0
-1.0700016e-05,0.047002867,0.011145128,-1.80556e-23,61.333,2.6667,0.0
-3.6631318e-06,0.04756306,0.009443439,2.961028e-23,61.639,2.6667,0.0
-1.5325273e-05,0.048168726,0.008348451,-8.126125600000001e-24,61.944,2.6667,0.0
-5.0241233e-06,0.048882,0.0065246937,-2.3846874e-23,62.25,2.6667,0.0
-7.99225e-06,0.04944843,0.004993935,1.6080507e-23,62.556,2.6667,0.0
6.4402484e-06,0.049918868,0.0027193427,3.5912028e-23,62.861,2.6667,0.0
-5.603148e-06,0.050255008,0.0009466568,-5.2235466e-23,63.167,2.6667,0.0
4.8998645e-06,0.05085741,-0.0009181639,-5.2711963e-23,63.472,2.6667,0.0
-7.236542e-06,0.05105915,-0.0019804877,1.9608230000000002e-23,63.778,2.6667,0.0
-6.64423e-06,0.05109978,-0.003350994,3.6298986e-23,64.083,2.6667,0.0
-6.140219e-06,0.051011875,-0.004569795,5.972714599999999e-23,64.389,2.6667,0.0
-1.3083991e-06,0.051095568,-0.0053032623,2.0158892e-23,64.694,2.6667,0.0
-3.9706465e-06,0.051343367,-0.00585773,2.9145268e-23,65.0,2.6667,0.0
-0.00021114253,0.04529912,-0.0010086903,3.5517470000000005e-23,10.306,3.3333,0.0
-0.0002018291,0.044302702,0.00017161295,8.716807000000001e-23,10.611,3.3333,0.0
-0.00019813908,0.04323363,0.001144453,-3.345452e-24,10.917,3.3333,0.0
-0.00021054992,0.04088992,0.002541115,3.4644953e-23,11.222,3.3333,0.0
-0.00020480988,0.03970171,0.00417976,-2.3081944e-23,11.528,3.3333,0.0
-0.00018925391,0.03852289,0.0054600164,1.2014932e-23,11.833,3.3333,0.0
-0.00017464011,0.03786127,0.0075389794,-2.1238307e-23,12.139,3.3333,0.0
-0.00017529828,0.037930932,0.0098015405,3.6773553e-23,12.444,3.3333,0.0
-0.00016174986,0.038243905,0.0123072015,4.9249254999999996e-23,12.75,3.3333,0.0
-0.00013543184,0.039857086,0.015274835,3.8897027e-23,13.056,3.3333,0.0
-0.00012432023,0.041715078,0.017930865,9.296644e-24,13.361,3.3333,0.0
-0.00012732578,0.04442186,0.019111475,-4.1477990000000005e-23,13.667,3.3333,0.0
-0.00010221627,0.04728005,0.018185817,7.274560000000001e-23,13.972,3.3333,0.0
-9.0881185e-05,0.05067361,0.014540932,-1.2987150000000002e-23,14.278,3.3333,0.0
-9.419021e-05,0.054073974,0.010253731,-1.2796157e-23,14.583,3.3333,0.0
-9.18967e-05,0.057190888,0.004709252,1.1656662999999999e-23,14.889,3.3333,0.0
-9.5997704e-05,0.059350632,-0.0009778155,-2.1601776e-23,15.194,3.3333,0.0
-7.6958175e-05,0.060810477,-0.0055316817,2.4266170000000002e-23,15.5,3.3333,0.0
-8.5941094e-05,0.061764456,-0.00898211,-4.5259866e-23,15.806,3.3333,0.0
-0.00010356305,0.06148479,-0.011614181,-3.2713102e-23,16.111,3.3333,0.0
-7.212625e-05,0.06125976,-0.012450145,-4.0872990000000004e-23,16.417,3.3333,0.0
-7.311884e-05,0.06055066,-0.0121583445,-8.2313155e-24,16.722,3.3333,0.0
-7.6101845e-05,0.059588067,-0.0114484755,-4.3420495e-23,17.028,3.3333,0.0
-5.4759214e-05,0.058060586,-0.010466138,2.3421241999999998e-23,17.333,3.3333,0.0
-6.332741e-05,0.05665031,-0.009623126,4.9709647e-23,17.639,3.3333,0.0
-7.264192e-05,0.055767618,-0.009590948,3.2531110000000005e-23,17.944000000000003,3.3333,0.0
-4.8553462e-05,0.054336302,-0.009720139,3.9336215e-23,18.25,3.3333,0.0
-4.2093565e-05,0.053224184,-0.008791762,2.4013456e-23,18.556,3.3333,0.0
-5.5227665e-05,0.0523045,-0.009384052,-1.9741314e-23,18.861,3.3333,0.0
-4.1424155e-05,0.051483415,-0.009087606,-3.4689988e-23,19.167,3.3333,0.0
-4.8664555e-05,0.05097931,-0.009343457,1.2197181e-23,19.472,3.3333,0.0
-6.1786035e-05,0.050462157,-0.009166958,5.3301407e-23,19.778,3.3333,0.0
-4.352663e-05,0.05033926,-0.008818917,2.0636070999999998e-23,20.083,3.3333,0.0
-5.3336164e-05,0.050046165,-0.008085555,1.4770354e-23,20.389,3.3333,0.0
-5.24816e-05,0.050063178,-0.0073303436,5.321012e-24,20.694000000000003,3.3333,0.0
-5.9290418e-05,0.049953803,-0.007502415,4.5519167000000004e-24,21.0,3.3333,0.0
-5.452058e-05,0.049417987,-0.006461532,3.531936e-23,21.306,3.3333,0.0
-5.1073814e-05,0.04946375,-0.006502185,-1.9298946e-24,21.611,3.3333,0.0
-4.21443e-05,0.04880578,-0.0063582887,3.9656177e-23,21.917,3.3333,0.0
-3.804876e-05,0.04812919,-0.0066298493,-6.836054e-24,22.222,3.3333,0.0
-3.4168555e-05,0.04678513,-0.0061829863,1.6370189e-23,22.528,3.3333,0.0
-4.2801028e-05,0.04574606,-0.0057191555,1.0316332e-23,22.833,3.3333,0.0
-3.3314172e-05,0.04470866,-0.0049646213,-3.426418e-23,23.139,3.3333,0.0
-4.026588e-05,0.04369507,-0.0050013107,-3.7874335e-23,23.444000000000003,3.3333,0.0
-2.9409413e-05,0.04343107,-0.0045245574,-7.52285e-23,23.75,3.3333,0.0
-2.7728243e-05,0.04272886,-0.004531026,1.8054590000000002e-23,24.056,3.3333,0.0
-3.2735865e-05,0.042742163,-0.0040722443,-5.301297e-23,24.361,3.3333,0.0
-3.1473206e-05,0.042947315,-0.0032883561,-2.844808e-23,24.667,3.3333,0.0
-4.1232037e-05,0.04283787,-0.0024835207,-1.9621154e-23,24.972,3.3333,0.0
-3.055849e-05,0.043048255,-0.0009907819,2.006645e-23,25.278,3.3333,0.0
-4.222924e-05,0.044073373,0.0010076417,2.9212170000000003e-23,25.583,3.3333,0.0
-5.2372794e-05,0.044312116,0.0032207104,6.38353e-23,25.889,3.3333,0.0
-3.515363e-05,0.044397227,0.0060714483,1.2097264e-23,26.194000000000003,3.3333,0.0
-4.1345946e-05,0.044657964,0.008038935,-7.683126599999999e-25,26.5,3.3333,0.0
-3.678864e-05,0.04440263,0.01016362,-2.8198610000000004e-23,26.806,3.3333,0.0
-4.837161e-05,0.044150867,0.011468644,3.1069154e-23,27.111,3.3333,0.0
-3.5435514e-05,0.044046976,0.013392115,-1.5249476e-23,27.417,3.3333,0.0
-4.027736e-05,0.04377802,0.014603352,3.22761e-23,27.722,3.3333,0.0
-4.051773e-05,0.043239295,0.01619124,-7.2189684e-23,28.028,3.3333,0.0
-4.421239e-05,0.0434128,0.016256483,-4.4964414999999996e-23,28.333,3.3333,0.0
-4.7065027e-05,0.043480057,0.016702464,7.033766599999999e-23,28.639,3.3333,0.0
-2.5114536e-05,0.043857954,0.017288893,-3.3193020000000003e-23,28.944000000000003,3.3333,0.0
-2.5414285e-05,0.044582874,0.015893362,-3.868979e-23,29.25,3.3333,0.0
-1.0484811e-05,0.045843124,0.014795054,4.4581117e-23,29.556,3.3333,0.0
-3.335704e-05,0.046911895,0.012093647,4.4654753e-23,29.861,3.3333,0.0
-2.17979e-05,0.04830105,0.008786648,6.819686e-23,30.167,3.3333,0.0
-2.4732897e-05,0.049518473,0.0047353692,-2.2883580000000003e-23,30.472,3.3333,0.0
-3.6830395e-05,0.05125469,0.001058796,-5.23738e-24,30.778,3.3333,0.0
-2.8926417e-05,0.052615322,-0.002369728,2.1224876999999998e-23,31.083,3.3333,0.0
-3.4206838e-05,0.05347255,-0.0050597787,-1.1958879e-24,31.389,3.3333,0.0
-2.1104779e-05,0.05403296,-0.0069099152,3.1809548e-23,31.694000000000003,3.3333,0.0
-2.3691799e-05,0.054452866,-0.007802492,4.9412833e-23,32.0,3.3333,0.0
-1.5701502e-05,0.05433337,-0.008457964,-9.149903e-24,32.306,3.3333,0.0
-3.0221567e-05,0.054047525,-0.008090233,1.382569e-23,32.611,3.3333,0.0
-2.4838879e-05,0.05391764,-0.0074748853,1.9756359e-23,32.917,3.3333,0.0
-2.5747864e-05,0.05295173,-0.006884997,-4.7709266e-24,33.222,3.3333,0.0
-2.1917733e-05,0.052550934,-0.0070782234,2.9360203999999997e-23,33.528,3.3333,0.0
-2.2325956e-05,0.05212657,-0.00701221,5.724434e-23,33.833,3.3333,0.0
-3.2570537e-05,0.051197916,-0.0067115575,8.6730877e-23,34.139,3.3333,0.0
-1.41522905e-05,0.05066485,-0.0070098694,6.106682e-23,34.444,3.3333,0.0
-1.2560302e-05,0.050493054,-0.0072743446,-6.958455000000001e-23,34.75,3.3333,0.0
-1.3180976e-05,0.05020763,-0.0071000736,3.779227e-23,35.056,3.3333,0.0
-5.804328e-06,0.05000429,-0.007484202,-7.749265e-24,35.361,3.3333,0.0
-2.4612451e-05,0.050041065,-0.006935034,1.9691079e-23,35.667,3.3333,0.0
-6.1894607e-06,0.04972732,-0.005968931,-1.1637730500000001e-23,35.972,3.3333,0.0
-6.45822e-06,0.049685214,-0.006406335,8.617491e-24,36.278,3.3333,0.0
-2.648845e-06,0.049601793,-0.006092525,8.362986e-24,36.583,3.3333,0.0
-1.9556954e-05,0.049042188,-0.0060422053,1.188537e-23,36.889,3.3333,0.0
-6.0553575e-06,0.048947975,-0.0057530394,-3.3582705e-23,37.194,3.3333,0.0
-1.7460374e-05,0.048484765,-0.0049151815,-2.6206438999999998e-23,37.5,3.3333,0.0
-1.539401e-05,0.047377855,-0.0052029276,7.5122934e-23,37.806,3.3333,0.0
-1.44354e-05,0.047320418,-0.0055061732,-8.0857586e-23,38.111,3.3333,0.0
-2.0855105e-05,0.046853606,-0.0050883754,5.502907e-23,38.417,3.3333,0.0
-1.6115906e-05,0.04610784,-0.005024065,2.0923684e-23,38.722,3.3333,0.0
-3.1430474e-05,0.045673568,-0.0049748053,3.1251514e-25,39.028,3.3333,0.0
-1.20340555e-05,0.045772914,-0.0054745004,3.2023133e-23,39.333,3.3333,0.0
-1.1288248e-06,0.045784608,-0.0051020943,5.963334000000001e-23,39.639,3.3333,0.0
-1.4112375e-05,0.045633398,-0.0047015063,9.198891000000001e-23,39.944,3.3333,0.0
-6.8356476e-06,0.04588875,-0.0037744422,4.5192768e-23,40.25,3.3333,0.0
-1.710629e-05,0.046165682,-0.0024368388,-2.045813e-24,40.556,3.3333,0.0
-1.610151e-05,0.046258014,-0.00064550526,3.2315480000000004e-23,40.861,3.3333,0.0
-1.2785855e-05,0.04641039,0.001438675,5.184722e-23,41.167,3.3333,0.0
-2.516188e-05,0.046388693,0.002332611,-1.3896838999999998e-23,41.472,3.3333,0.0
-2.660653e-05,0.046831667,0.0045863944,-1.8829668e-24,41.778,3.3333,0.0
-1.9247804e-05,0.046724502,0.005972079,5.479057e-23,42.083,3.3333,0.0
-2.4132914e-05,0.046552498,0.0072267093,-3.3923998e-23,42.389,3.3333,0.0
-1.31915895e-05,0.046376087,0.008313076,5.6513844e-23,42.694,3.3333,0.0
-1.7128496e-05,0.046369217,0.009302529,-7.201126e-24,43.0,3.3333,0.0
-1.2398449e-05,0.045900963,0.010182333,6.0958425e-23,43.306,3.3333,0.0
-1.288806e-05,0.04561442,0.010896884,-1.428179e-23,43.611,3.3333,0.0
-9.225212e-06,0.045389872,0.011706107,2.5727468000000003e-24,43.917,3.3333,0.0
-1.8405626e-05,0.04547193,0.0130664725,-2.1791241000000002e-24,44.222,3.3333,0.0
-2.1802924e-05,0.045801856,0.012940168,-5.8025276e-23,44.528,3.3333,0.0
-1.0503839e-05,0.045826983,0.013419915,-1.7355142e-23,44.833,3.3333,0.0
2.3223402e-06,0.046206895,0.012796551,-5.1967985e-23,45.139,3.3333,0.0
-7.9502215e-06,0.046814527,0.011329627,-2.7995522e-24,45.444,3.3333,0.0
-2.5628597e-06,0.047626697,0.009766165,-1.0290179e-23,45.75,3.3333,0.0
2.4017118e-06,0.04898368,0.007644098,2.2266754e-23,46.056,3.3333,0.0
-6.46837e-06,0.04948195,0.0052529275,1.0124481e-23,46.361,3.3333,0.0
-1.4329495e-05,0.050943993,0.0025591184,4.6187238e-23,46.667,3.3333,0.0
-2.846893e-06,0.05120936,7.396331e-05,6.5726326e-23,46.972,3.3333,0.0
2.9850526e-07,0.051791698,-0.0020479206,-3.1336332e-23,47.278,3.3333,0.0
2.5282588e-06,0.05265356,-0.0033554293,5.393774e-23,47.583,3.3333,0.0
8.749485e-06,0.052700605,-0.004660397,2.2442020000000002e-23,47.889,3.3333,0.0
-2.692481e-06,0.052823827,-0.0064701545,5.5752145e-24,48.194,3.3333,0.0
-9.894538e-07,0.052943803,-0.006557281,-8.4238165e-23,48.5,3.3333,0.0
-3.4648328e-06,0.05244803,-0.006738847,-2.6298729999999998e-24,48.806,3.3333,0.0
-2.8959112e-06,0.05227724,-0.0071409326,-3.7020876e-23,49.111,3.3333,0.0
-3.4262412e-06,0.05192603,-0.0062887003,2.449937e-24,49.417,3.3333,0.0
-1.566947e-05,0.05206039,-0.006537361,1.5991839e-23,49.722,3.3333,0.0
-7.0020724e-06,0.05120332,-0.0069298176,-2.9254395e-23,50.028,3.3333,0.0
-9.799833e-06,0.051199146,-0.006744298,8.116089000000001e-23,50.333,3.3333,0.0
3.346455e-06,0.050921265,-0.0060024173,5.7968175e-23,50.639,3.3333,0.0
-1.012705e-05,0.050521612,-0.0060042194,-4.9223052e-23,50.944,3.3333,0.0
-5.944701e-06,0.05018886,-0.005217696,2.4222536e-23,51.25,3.3333,0.0
-1.1224518e-05,0.049945317,-0.005352553,8.395550000000001e-23,51.556,3.3333,0.0
6.8045047e-06,0.04972283,-0.004757818,7.1566723e-23,51.861,3.3333,0.0
-2.772159e-06,0.049519904,-0.0051147887,-1.2202916e-23,52.167,3.3333,0.0
5.9568265e-08,0.04898084,-0.0043058144,-3.0046488e-23,52.472,3.3333,0.0
-3.8121107e-07,0.049016,-0.0048129177,4.0955942e-23,52.778,3.3333,0.0
-3.4561663e-06,0.048584606,-0.0042875744,3.3901575e-23,53.083,3.3333,0.0
-6.2813606e-06,0.04824783,-0.004895078,-2.5970285e-23,53.389,3.3333,0.0
1.6784543e-06,0.04784947,-0.0050721,4.4184125e-23,53.694,3.3333,0.0
-2.0818652e-05,0.04759547,-0.0055432324,-1.7928675e-23,54.0,3.3333,0.0
-4.1633684e-06,0.04783229,-0.0055276295,4.628112e-23,54.306,3.3333,0.0
-4.3980654e-06,0.047295675,-0.00518319,1.8606919e-23,54.611,3.3333,0.0
-1.3200386e-05,0.047409236,-0.005284577,-6.7315887e-23,54.917,3.3333,0.0
-2.5794841e-05,0.047111593,-0.004996988,2.2332135e-23,55.222,3.3333,0.0
7.101255e-06,0.046924986,-0.005216388,-4.8156860000000004e-23,55.528,3.3333,0.0
-1.0840402e-05,0.047166232,-0.004435287,-5.6409235e-24,55.833,3.3333,0.0
8.238432e-06,0.046988457,-0.0038797492,-1.5280577e-23,56.139,3.3333,0.0
-3.80446e-06,0.047115564,-0.002171189,5.1692468e-23,56.444,3.3333,0.0
-2.2782551e-06,0.047097713,-0.00048785843,4.1999510000000005e-23,56.75,3.3333,0.0
6.9491944e-07,0.047231913,0.00024798606,8.195974500000001e-24,57.056,3.3333,0.0
2.753659e-06,0.047156017,0.0027052732,7.446882000000001e-23,57.361,3.3333,0.0
-2.48173e-06,0.047159262,0.0040590484,-5.9427353000000005e-24,57.667,3.3333,0.0
-7.146129e-06,0.046911873,0.005471862,4.969902e-23,57.972,3.3333,0.0
-5.352522e-06,0.04685591,0.0066648955,-6.228144000000001e-23,58.278,3.3333,0.0
-1.1520338e-05,0.04703973,0.007826811,-5.7816815e-24,58.583,3.3333,0.0
-1.7582272e-05,0.04700021,0.008587293,-9.863715000000001e-23,58.889,3.3333,0.0
-1.0989772e-05,0.04651478,0.009508383,-6.575197e-23,59.194,3.3333,0.0
-4.1972953e-06,0.04653471,0.010638468,-3.2517085999999996e-23,59.5,3.3333,0.0
-1.4608488e-05,0.04662364,0.011367979,3.5954917e-23,59.806,3.3333,0.0
-3.7925165e-06,0.046789743,0.011110242,-5.032049e-24,60.111,3.3333,0.0
-2.1253465e-05,0.046761192,0.0116764195,8.809405e-24,60.417,3.3333,0.0
9.318064e-07,0.047282115,0.011784669,4.808366e-24,60.722,3.3333,0.0
-1.1716065e-06,0.047832202,0.011016668,-4.1749296000000004e-24,61.028,3.3333,0.0
1.9515199e-05,0.048439175,0.009832645,6.0990636e-23,61.333,3.3333,0.0
-9.887561e-06,0.04896354,0.008790112,2.8211667e-23,61.639,3.3333,0.0
5.4729862e-06,0.04956603,0.007069626,-5.2300746e-23,61.944,3.3333,0.0
-1.3254667e-05,0.04996124,0.0051505817,-9.1653975e-23,62.25,3.3333,0.0
1.072105e-05,0.050783243,0.0037634373,-5.5942683e-23,62.556,3.3333,0.0
-3.1899544e-06,0.05091261,0.0013653548,-5.5197544e-24,62.861,3.3333,0.0
7.600018e-06,0.051533744,-0.00040444854,1.5096853999999998e-23,63.167,3.3333,0.0
1.5241676e-06,0.05173532,-0.002050621,3.1221575e-23,63.472,3.3333,0.0
6.828588e-06,0.0517148,-0.0033176963,-3.7310672e-23,63.778,3.3333,0.0
2.264241e-06,0.05167073,-0.0047195326,-2.0238788e-23,64.083,3.3333,0.0
7.7903496e-07,0.051800944,-0.004877378,2.9049582e-23,64.389,3.3333,0.0
-3.0913097e-06,0.051720005,-0.005545906,8.585078600000001e-24,64.694,3.3333,0.0
-5.1068637e-06,0.051721677,-0.0056357165,-3.365278e-23,65.0,3.3333,0.0
-0.00019507995,0.047630668,-6.0014427e-06,-2.1519141e-23,10.306,4.0,0.0
-0.0001739987,0.04645069,0.0011987863,-2.4101506e-23,10.611,4.0,0.0
-0.0001632737,0.04564578,0.0025316253,-1.2233781e-24,10.917,4.0,0.0
-0.00017192533,0.045264073,0.00334105,4.7198772e-23,11.222,4.0,0.0
-0.00015660773,0.04469282,0.0047817817,-9.498188e-24,11.528,4.0,0.0
-0.00016607674,0.04422437,0.00676811,-2.9245030000000003e-23,11.833,4.0,0.0
-0.00014333449,0.04456538,0.008339454,-6.474324e-23,12.139,4.0,0.0
-0.000118860924,0.04591905,0.009811529,7.182027000000001e-23,12.444,4.0,0.0
-0.00014638875,0.047070224,0.011699895,-5.866091000000001e-23,12.75,4.0,0.0
-0.00012282666,0.049029928,0.012696857,-2.0099772e-23,13.056,4.0,0.0
-0.000109288914,0.051951915,0.013112715,-2.6267780000000003e-23,13.361,4.0,0.0
-0.00010288252,0.054847784,0.012367555,7.665890000000001e-23,13.667,4.0,0.0
-9.060975e-05,0.057880066,0.010820688,-7.517554e-24,13.972,4.0,0.0
-8.3346706e-05,0.0605876,0.007395479,-3.636775e-23,14.278,4.0,0.0
-8.016241e-05,0.06268576,0.0032991497,1.0018963e-23,14.583,4.0,0.0
-8.933559e-05,0.06398992,6.647315e-07,7.4577925e-23,14.889,4.0,0.0
-9.006361e-05,0.065554604,-0.003723288,-3.9789690000000006e-23,15.194,4.0,0.0
-9.269657e-05,0.065337524,-0.007019843,-3.7046776e-23,15.5,4.0,0.0
-8.477154e-05,0.064738125,-0.008014542,3.5697925e-23,15.806,4.0,0.0
-9.000707e-05,0.06329564,-0.008841234,-5.4375614e-23,16.111,4.0,0.0
-8.246447e-05,0.062267914,-0.008519451,-8.441342e-24,16.417,4.0,0.0
-7.7447374e-05,0.06063219,-0.008004982,5.3078853e-24,16.722,4.0,0.0
-5.7100184e-05,0.059522584,-0.007252376,-1.7271788e-23,17.028,4.0,0.0
-5.5761615e-05,0.057843592,-0.0076053757,3.1289884e-23,17.333,4.0,0.0
-5.7418423e-05,0.056773767,-0.007201325,-9.438386e-24,17.639,4.0,0.0
-6.3826796e-05,0.0552063,-0.0075805034,1.5228171e-24,17.944000000000003,4.0,0.0
-5.49129e-05,0.054655768,-0.008525841,-1.2786981e-23,18.25,4.0,0.0
-5.8734026e-05,0.05360344,-0.008616106,-5.549933e-23,18.556,4.0,0.0
-4.69679e-05,0.053098515,-0.0083028935,-2.2671230999999998e-23,18.861,4.0,0.0
-3.913721e-05,0.052393593,-0.008079554,4.5936494e-23,19.167,4.0,0.0
-4.6812234e-05,0.052127413,-0.0076248934,7.2177996e-23,19.472,4.0,0.0
-4.8673795e-05,0.051847544,-0.007677406,-5.356974e-23,19.778,4.0,0.0
-6.0789967e-05,0.05129627,-0.0064407703,-6.618253e-24,20.083,4.0,0.0
-5.059385e-05,0.051617496,-0.0060669817,-6.597816000000001e-23,20.389,4.0,0.0
-4.764785e-05,0.05106177,-0.005660071,3.2100910000000004e-23,20.694000000000003,4.0,0.0
-5.7216024e-05,0.050294302,-0.0054641683,-3.1073597e-23,21.0,4.0,0.0
-5.471465e-05,0.049965113,-0.0066955965,-1.9231545e-24,21.306,4.0,0.0
-4.0079227e-05,0.04940709,-0.0062106973,2.4977886e-23,21.611,4.0,0.0
-4.7482492e-05,0.048839115,-0.005850958,3.8898592e-23,21.917,4.0,0.0
-4.491583e-05,0.04814712,-0.005626509,1.1370651999999999e-23,22.222,4.0,0.0
-3.513931e-05,0.047249034,-0.0055634584,1.801392e-23,22.528,4.0,0.0
-3.0013334e-05,0.046487115,-0.004183527,-2.1600829e-23,22.833,4.0,0.0
-4.7454756e-05,0.046081536,-0.004454841,-2.2083164e-23,23.139,4.0,0.0
-3.1926098e-05,0.0455714,-0.004130829,-5.0287497e-23,23.444000000000003,4.0,0.0
-4.3524604e-05,0.04528825,-0.0032423695,6.4453495e-23,23.75,4.0,0.0
-5.1008286e-05,0.044721603,-0.003299626,1.3575779e-23,24.056,4.0,0.0
-3.5564663e-05,0.044895966,-0.002160374,-3.5529640000000006e-23,24.361,4.0,0.0
-3.3234115e-05,0.044352025,-0.0024237875,-5.6655422e-24,24.667,4.0,0.0
-2.4038602e-05,0.044605106,-0.0016035363,-5.2648498e-23,24.972,4.0,0.0
-3.2467055e-05,0.04470147,-0.0009975135,-3.6937875e-23,25.278,4.0,0.0
-2.7723692e-05,0.04435767,0.00035376847,-6.643092299999999e-23,25.583,4.0,0.0
-3.692052e-05,0.04437567,0.00212741,4.924259e-24,25.889,4.0,0.0
-3.7836064e-05,0.044553943,0.004405001,-7.1765946e-23,26.194000000000003,4.0,0.0
-4.7370973e-05,0.044389665,0.005870619,-2.0760800000000002e-24,26.5,4.0,0.0
-5.0078583e-05,0.04409414,0.009423126,6.497938e-23,26.806,4.0,0.0
-4.386318e-05,0.04404837,0.011360147,-2.6220777e-23,27.111,4.0,0.0
-4.7016518e-05,0.04374276,0.013767477,1.0706702000000002e-22,27.417,4.0,0.0
-4.7424743e-05,0.044096235,0.015578141,-3.9661200000000004e-23,27.722,4.0,0.0
-4.1511375e-05,0.04434044,0.016778111,-1.7334581e-23,28.028,4.0,0.0
-3.9041377e-05,0.04511177,0.017162642,-8.542846e-24,28.333,4.0,0.0
-3.164953e-05,0.04588996,0.016590487,3.6928472e-23,28.639,4.0,0.0
-4.462613e-05,0.04714389,0.015670702,-3.3382020000000005e-23,28.944000000000003,4.0,0.0
-2.9025166e-05,0.048294775,0.013827465,2.2648189e-23,29.25,4.0,0.0
-3.3518834e-05,0.049853906,0.011208685,-2.9795718e-24,29.556,4.0,0.0
-1.7473743e-05,0.05112979,0.007460396,6.098685e-23,29.861,4.0,0.0
-1.8140134e-05,0.052471757,0.004288247,1.6538362e-23,30.167,4.0,0.0
-3.002723e-05,0.053911567,0.0010726164,4.2947355000000004e-24,30.472,4.0,0.0
-3.6903337e-05,0.054970227,-0.0024107425,3.6361818e-23,30.778,4.0,0.0
-8.168114e-06,0.055499025,-0.004376326,1.1949337e-23,31.083,4.0,0.0
-1.4785763e-05,0.05631673,-0.0061446684,-7.329626000000001e-23,31.389,4.0,0.0
-2.3958994e-05,0.05638978,-0.0072372546,-2.0146876e-24,31.694000000000003,4.0,0.0
-2.6296864e-05,0.055999447,-0.007572149,-4.32398e-24,32.0,4.0,0.0
-9.21735e-06,0.05566254,-0.0071168197,3.8724060000000005e-23,32.306,4.0,0.0
-2.4411787e-05,0.05500591,-0.0071037407,1.7885155e-23,32.611,4.0,0.0
-1.7043221e-05,0.054536097,-0.0066067763,-1.2083172e-23,32.917,4.0,0.0
-1.354183e-05,0.053944618,-0.006756141,1.6463792e-23,33.222,4.0,0.0
-9.116093e-06,0.053135395,-0.0065755695,2.0570867e-23,33.528,4.0,0.0
-1.14944505e-05,0.05247732,-0.0062053613,2.2275766e-23,33.833,4.0,0.0
-2.0391863e-05,0.05212956,-0.0067455657,4.5381035e-23,34.139,4.0,0.0
-4.5107536e-06,0.051522378,-0.0065066023,6.912691e-23,34.444,4.0,0.0
-4.557216e-06,0.051312134,-0.0064678434,6.082815e-24,34.75,4.0,0.0
-3.5709672e-06,0.05114254,-0.006397591,1.1748095e-23,35.056,4.0,0.0
-2.0715379e-05,0.050967917,-0.00659846,2.0274520000000002e-23,35.361,4.0,0.0
-1.1650525e-05,0.051048815,-0.006023509,-3.4977612999999997e-23,35.667,4.0,0.0
2.677437e-06,0.05100152,-0.0056375847,-3.9823213e-23,35.972,4.0,0.0
-2.302689e-05,0.05079836,-0.0057849125,-5.1058864000000005e-24,36.278,4.0,0.0
-1.1437025e-05,0.050278246,-0.0056865145,2.3149849e-23,36.583,4.0,0.0
-2.754815e-05,0.050162487,-0.0051277126,-1.3556518e-23,36.889,4.0,0.0
-2.4943904e-05,0.04969494,-0.004547435,-5.0615638e-23,37.194,4.0,0.0
-1.3420744e-05,0.048863105,-0.004291263,-1.0551412e-23,37.5,4.0,0.0
-2.6092446e-05,0.04873184,-0.0045634066,2.8598417e-23,37.806,4.0,0.0
3.130972e-06,0.04827444,-0.0043095443,4.8913668e-24,38.111,4.0,0.0
-1.3127384e-05,0.047744516,-0.0045510554,6.3511987e-23,38.417,4.0,0.0
-1.774032e-05,0.047182053,-0.0047447807,1.3851236e-23,38.722,4.0,0.0
-2.503606e-06,0.047161028,-0.0047383476,3.3528128e-23,39.028,4.0,0.0
-8.874593e-06,0.047200136,-0.0040265396,-3.5983265e-23,39.333,4.0,0.0
-8.741154e-06,0.046782717,-0.0041653784,-1.739119e-23,39.639,4.0,0.0
-4.014146e-06,0.046481274,-0.004174577,5.8629834e-23,39.944,4.0,0.0
-1.787494e-05,0.0467479,-0.00282164,5.1072243000000004e-24,40.25,4.0,0.0
-1.4776764e-05,0.046597347,-0.0021556374,-2.4756550000000003e-23,40.556,4.0,0.0
-2.0516014e-05,0.046485655,-0.0011753663,-5.540482000000001e-23,40.861,4.0,0.0
-8.925041e-06,0.046390254,0.00028441008,-3.0858724e-23,41.167,4.0,0.0
-5.7517245e-06,0.046676416,0.0019624876,3.4761124e-23,41.472,4.0,0.0
-6.144018e-06,0.046516526,0.003405585,-5.3330986e-23,41.778,4.0,0.0
-8.357674e-07,0.04676738,0.005431828,3.278242e-23,42.083,4.0,0.0
-2.4871286e-05,0.046474263,0.0072334358,-5.333729699999999e-23,42.389,4.0,0.0
-1.757644e-05,0.046185806,0.008508349,-1.4190055e-23,42.694,4.0,0.0
-6.0365146e-06,0.04634892,0.009594343,1.0233785e-23,43.0,4.0,0.0
-1.8617739e-05,0.045921255,0.011292173,-2.8764873e-23,43.306,4.0,0.0
-4.803145e-06,0.04589472,0.012261124,-6.0405604000000005e-24,43.611,4.0,0.0
-4.601602e-06,0.04600422,0.012943917,3.1736953e-23,43.917,4.0,0.0
-1.37597635e-05,0.04638099,0.012845217,-2.1519368000000002e-24,44.222,4.0,0.0
-6.3864245e-06,0.047145873,0.0133567145,-4.7035221999999997e-23,44.528,4.0,0.0
-1.8711511e-05,0.04764182,0.012767086,1.3634697e-23,44.833,4.0,0.0
-6.366845e-07,0.048032936,0.011205753,-4.4146247e-23,45.139,4.0,0.0
1.104719e-05,0.049011793,0.010512691,-3.1995693e-23,45.444,4.0,0.0
-2.225165e-05,0.05004429,0.008391268,5.6400147e-24,45.75,4.0,0.0
-1.8628018e-05,0.05073916,0.0053522703,5.808859000000001e-23,46.056,4.0,0.0
-3.3798096e-06,0.052014384,0.002676501,-1.0971654e-23,46.361,4.0,0.0
-1.1572676e-05,0.05266825,0.0005769287,1.8420167e-23,46.667,4.0,0.0
-9.574014e-07,0.053516626,-0.0022292458,-3.8659213999999997e-23,46.972,4.0,0.0
-7.655617e-07,0.05350861,-0.003764119,-7.6417473e-23,47.278,4.0,0.0
-1.4932702e-06,0.053939868,-0.0048443247,-3.2339410000000004e-23,47.583,4.0,0.0
-7.4263357e-06,0.054099914,-0.00532165,-5.2264723e-23,47.889,4.0,0.0
-1.8936906e-05,0.053831283,-0.0063682105,9.802777e-24,48.194,4.0,0.0
3.5594567e-06,0.053950705,-0.0060541974,8.995286e-24,48.5,4.0,0.0
-1.4189847e-05,0.05341225,-0.006156542,-4.3708448e-23,48.806,4.0,0.0
1.1451175e-06,0.05320857,-0.005921594,2.6153831e-23,49.111,4.0,0.0
-2.1261163e-05,0.052741416,-0.0058762194,3.5677137e-23,49.417,4.0,0.0
-7.252771e-06,0.052029554,-0.0058541084,6.406664000000001e-23,49.722,4.0,0.0
1.6088961e-06,0.051946223,-0.0062676873,-1.7710874e-24,50.028,4.0,0.0
-9.018313e-06,0.051301144,-0.0059561357,7.737923000000001e-23,50.333,4.0,0.0
-8.791644e-06,0.05126898,-0.005913579,2.5613613e-23,50.639,4.0,0.0
-1.0395022e-05,0.050883237,-0.0054458417,-4.5328415e-23,50.944,4.0,0.0
1.4680845e-06,0.050528415,-0.004882839,1.7254067e-23,51.25,4.0,0.0
-3.302308e-06,0.050541684,-0.004823562,-2.806285e-23,51.556,4.0,0.0
-1.0788921e-05,0.050034612,-0.0046169907,-6.614472499999999e-25,51.861,4.0,0.0
-1.1103276e-05,0.04974189,-0.00449664,6.408731000000001e-23,52.167,4.0,0.0
-1.9920044e-06,0.04956063,-0.0043561724,4.4340800000000005e-24,52.472,4.0,0.0
-9.824926e-06,0.04941746,-0.004265449,-7.954343e-24,52.778,4.0,0.0
-1.1405064e-05,0.0490868,-0.003576605,-4.1852794e-23,53.083,4.0,0.0
-1.4359131e-05,0.048759185,-0.004057688,1.6613991e-23,53.389,4.0,0.0
3.805789e-06,0.048506342,-0.0043966533,-2.7910883e-23,53.694,4.0,0.0
-1.0644524e-05,0.048384942,-0.00489463,-6.3046773e-24,54.0,4.0,0.0
7.474018e-07,0.04811914,-0.0045093284,-5.402887000000001e-23,54.306,4.0,0.0
-6.7568217e-06,0.047786728,-0.004992403,-1.8763227e-23,54.611,4.0,0.0
-2.9077128e-06,0.04736425,-0.00507659,-6.4571787e-23,54.917,4.0,0.0
-3.087645e-06,0.047395498,-0.0053009526,-1.6974873e-23,55.222,4.0,0.0
-2.4807843e-05,0.047662355,-0.0051065045,1.8166268000000002e-24,55.528,4.0,0.0
-8.680545e-06,0.04745189,-0.004458459,-3.7654767e-23,55.833,4.0,0.0
-1.4147509e-05,0.047256242,-0.0035687264,2.4823420000000002e-23,56.139,4.0,0.0
-1.6671012e-05,0.04755579,-0.0018126154,-4.0115508e-23,56.444,4.0,0.0
4.888221e-06,0.0470775,-0.00052316906,1.7940742e-23,56.75,4.0,0.0
-1.3498757e-06,0.047626197,7.29505e-05,-6.2579036e-23,57.056,4.0,0.0
-1.0469739e-05,0.047543664,0.002201518,3.114428e-23,57.361,4.0,0.0
6.8642585e-06,0.04716065,0.003931701,2.4396199e-23,57.667,4.0,0.0
-1.14647264e-07,0.046952233,0.005747934,7.272534e-23,57.972,4.0,0.0
-1.3883106e-05,0.047184825,0.007357438,-3.5524754e-23,58.278,4.0,0.0
-9.797139e-06,0.046967804,0.008556621,3.7971296e-23,58.583,4.0,0.0
6.6873235e-06,0.046828024,0.009538148,-1.1055766e-23,58.889,4.0,0.0
-9.2908886e-07,0.047151893,0.010804438,-3.3824084e-23,59.194,4.0,0.0
-1.0726311e-05,0.047170054,0.011777524,-6.127806e-23,59.5,4.0,0.0
-8.3338455e-07,0.047189027,0.011850448,-7.34042e-23,59.806,4.0,0.0
1.6753947e-06,0.047167324,0.012419177,3.6065963e-23,60.111,4.0,0.0
-1.0216435e-05,0.04806613,0.012049597,2.6492170000000005e-23,60.417,4.0,0.0
-3.2387761e-06,0.048551288,0.011007331,-4.393867e-23,60.722,4.0,0.0
-7.692608e-06,0.04885378,0.010028121,5.836268000000001e-23,61.028,4.0,0.0
-1.3907097e-05,0.04951052,0.00948905,2.0302882e-23,61.333,4.0,0.0
3.8641174e-06,0.050124414,0.00768713,1.8992362999999998e-23,61.639,4.0,0.0
-8.17265e-06,0.050653666,0.0058249515,1.0275109e-23,61.944,4.0,0.0
-2.7000874e-06,0.05108513,0.0040724603,-7.8967375e-23,62.25,4.0,0.0
-7.079426e-06,0.05190625,0.0017055776,-2.9585692e-24,62.556,4.0,0.0
1.2894085e-05,0.051975377,-0.00013549533,3.3937604e-23,62.861,4.0,0.0
-1.0159705e-05,0.051905006,-0.0015763533,5.8953305e-23,63.167,4.0,0.0
-3.8029393e-06,0.05215843,-0.0033642906,1.0440983999999999e-23,63.472,4.0,0.0
7.882626e-06,0.052192576,-0.00454771,2.1570562e-23,63.778,4.0,0.0
1.0555053e-05,0.052478544,-0.0055267946,-2.657483e-24,64.083,4.0,0.0
-8.379469e-06,0.052568726,-0.006105121,1.8350343999999998e-23,64.389,4.0,0.0
-7.778795e-06,0.052481778,-0.005562057,-1.8453792e-24,64.694,4.0,0.0
-1.3194491e-05,0.05235202,-0.0055305436,-4.4713393e-24,65.0,4.0,0.0
-0.0001716518,0.050108798,0.00019224826,7.074719e-24,10.306,4.6667,0.0
-0.0001867797,0.049570214,0.0011038864,2.0184640000000002e-23,10.611,4.6667,0.0
-0.00016548326,0.04955561,0.0021176748,-4.9094462e-23,10.917,4.6667,0.0
-0.00014863242,0.04960026,0.0027217162,-2.1908673999999998e-23,11.222,4.6667,0.0
-0.00014549051,0.050214276,0.0034505734,2.1740273999999998e-23,11.528,4.6667,0.0
-0.00015149923,0.05100319,0.004909764,-4.3168867e-24,11.833,4.6667,0.0
-0.0001334857,0.0518851,0.006490904,-7.0914935e-23,12.139,4.6667,0.0
-0.00012593355,0.053360246,0.0070652575,-7.347595999999999e-24,12.444,4.6667,0.0
-0.00011900745,0.055384643,0.008589365,5.303998000000001e-23,12.75,4.6667,0.0
-0.00011030328,0.057588767,0.008343884,-2.9882240000000005e-23,13.056,4.6667,0.0
-0.00010512903,0.059670616,0.008453447,3.2577102999999997e-23,13.361,4.6667,0.0
-0.00010243687,0.06179256,0.0073238015,1.7546084e-23,13.667,4.6667,0.0
-8.259719e-05,0.06339418,0.0060352255,-4.7312406e-23,13.972,4.6667,0.0
-8.4249135e-05,0.06503416,0.0038527728,3.9655747e-23,14.278,4.6667,0.0
-8.1164704e-05,0.06555761,0.0018318701,2.2931290000000003e-23,14.583,4.6667,0.0
-7.476608e-05,0.0658143,-0.0007273565,3.010316e-23,14.889,4.6667,0.0
-8.55521e-05,0.06548904,-0.0023699142,4.9008330000000006e-23,15.194,4.6667,0.0
-8.153719e-05,0.064560026,-0.0041718003,1.3184504e-23,15.5,4.6667,0.0
-7.692109e-05,0.063317984,-0.0043947203,3.744618e-23,15.806,4.6667,0.0
-7.569499e-05,0.0621163,-0.005263483,9.8079266e-24,16.111,4.6667,0.0
-5.585471e-05,0.061031744,-0.0053882143,3.830636e-24,16.417,4.6667,0.0
-7.0928625e-05,0.059402425,-0.0057352926,6.447046e-23,16.722,4.6667,0.0
-6.216325e-05,0.058533907,-0.005631348,-2.4906093e-23,17.028,4.6667,0.0
-6.923943e-05,0.05742021,-0.0059123626,-2.6693942e-23,17.333,4.6667,0.0
-5.6216963e-05,0.05683941,-0.0066828523,-2.0793881e-23,17.639,4.6667,0.0
-6.644323e-05,0.05602812,-0.0068845344,1.9181096e-23,17.944000000000003,4.6667,0.0
-4.8446593e-05,0.055034894,-0.0070125526,-5.8240704e-23,18.25,4.6667,0.0
-5.322592e-05,0.054760825,-0.007076158,-3.095455e-23,18.556,4.6667,0.0
-5.4202515e-05,0.054015405,-0.0069431216,1.8294050000000002e-23,18.861,4.6667,0.0
-4.6007233e-05,0.053593308,-0.006178543,2.2013687e-23,19.167,4.6667,0.0
-3.1548025e-05,0.053608634,-0.0058135353,-2.5228731e-23,19.472,4.6667,0.0
-5.1846724e-05,0.05339899,-0.0054107336,3.631494e-23,19.778,4.6667,0.0
-4.5673652e-05,0.05285331,-0.0052264715,7.612379e-23,20.083,4.6667,0.0
-3.8428796e-05,0.052660093,-0.0049191993,-2.7920930000000005e-23,20.389,4.6667,0.0
-5.9828486e-05,0.052201547,-0.0054975376,-4.7956887e-23,20.694000000000003,4.6667,0.0
-3.8500435e-05,0.051535383,-0.0046735154,-1.5171171e-23,21.0,4.6667,0.0
-3.545775e-05,0.05024439,-0.0052804756,6.0498084e-23,21.306,4.6667,0.0
-4.3720698e-05,0.049705543,-0.005384537,-9.060503000000001e-23,21.611,4.6667,0.0
-3.543482e-05,0.048456322,-0.0046372223,-1.2299528e-23,21.917,4.6667,0.0
-3.8751077e-05,0.048129693,-0.004782879,4.3947832e-23,22.222,4.6667,0.0
-2.8432954e-05,0.047781385,-0.004102784,-5.2098847999999997e-23,22.528,4.6667,0.0
-3.4935783e-05,0.047519162,-0.0031298539,-5.2334824999999996e-23,22.833,4.6667,0.0
-3.3542707e-05,0.047248892,-0.0028922753,1.3055812e-23,23.139,4.6667,0.0
-3.9523642e-05,0.047192484,-0.0025891042,3.4319362e-24,23.444000000000003,4.6667,0.0
-3.947097e-05,0.046858966,-0.0023615093,2.5190235e-23,23.75,4.6667,0.0
-2.6390724e-05,0.047079533,-0.002410069,-3.3131653e-23,24.056,4.6667,0.0
-3.8478287e-05,0.04673391,-0.00201537,2.3674322e-23,24.361,4.6667,0.0
-2.9884857e-05,0.046358347,-0.0015068678,3.8769244e-23,24.667,4.6667,0.0
-3.597213e-05,0.04627195,-0.0017688964,-8.4774906e-24,24.972,4.6667,0.0
-2.0524029e-05,0.045532085,-0.0008838549,3.6100446e-23,25.278,4.6667,0.0
-2.4054374e-05,0.04527323,-0.000578735,9.310073e-24,25.583,4.6667,0.0
-3.48916e-05,0.044913776,0.0012712711,3.499917e-23,25.889,4.6667,0.0
-2.3659259e-05,0.045103498,0.0033238027,6.071654e-24,26.194000000000003,4.6667,0.0
-4.162411e-05,0.044428557,0.0061282916,-3.8091607e-23,26.5,4.6667,0.0
-3.6262645e-05,0.044401437,0.00912268,3.4658333e-23,26.806,4.6667,0.0
-3.2092972e-05,0.045092806,0.011769975,5.7245300000000004e-24,27.111,4.6667,0.0
-4.0333536e-05,0.045239836,0.014081941,-1.7473427e-23,27.417,4.6667,0.0
-4.309797e-05,0.045850486,0.016194649,1.9876815e-23,27.722,4.6667,0.0
-3.9779916e-06,0.047169596,0.016503686,-3.3704984999999997e-23,28.028,4.6667,0.0
-2.9326504e-05,0.048371553,0.016958509,5.8108883000000005e-24,28.333,4.6667,0.0
-4.8140424e-05,0.049642578,0.01557044,-1.3148645e-23,28.639,4.6667,0.0
-1.9663887e-05,0.050720923,0.012979436,5.30575e-23,28.944000000000003,4.6667,0.0
-2.4959198e-05,0.052434735,0.010661207,-1.7509935e-24,29.25,4.6667,0.0
-3.3738288e-05,0.05420275,0.0073521268,7.09888e-23,29.556,4.6667,0.0
-2.3910765e-05,0.055334188,0.003720555,-1.5547653e-23,29.861,4.6667,0.0
-2.7038872e-05,0.05665847,0.0013085082,3.8708270000000004e-23,30.167,4.6667,0.0
-1.762897e-05,0.05764568,-0.0022350242,-1.20955475e-23,30.472,4.6667,0.0
-1.1689766e-05,0.058179796,-0.0043244893,6.18032e-23,30.778,4.6667,0.0
-1.9032563e-05,0.058247358,-0.005737775,-1.2035152e-23,31.083,4.6667,0.0
-1.6673686e-05,0.05842753,-0.005801604,2.6678392e-23,31.389,4.6667,0.0
-2.118275e-05,0.05799227,-0.0063275686,4.0465755999999997e-23,31.694000000000003,4.6667,0.0
-2.9105839e-05,0.057136267,-0.0059324466,-2.8220723e-23,32.0,4.6667,0.0
-1.0847281e-05,0.056529798,-0.006036575,-1.4908941e-23,32.306,4.6667,0.0
-1.27792355e-05,0.05581627,-0.0058766813,-1.595776e-23,32.611,4.6667,0.0
-1.0956422e-05,0.055126026,-0.0054762117,4.4318534e-23,32.917,4.6667,0.0
-1.3264815e-05,0.05451101,-0.005931152,-1.5714008e-23,33.222,4.6667,0.0
-3.276959e-05,0.053789496,-0.005312929,7.08132e-24,33.528,4.6667,0.0
-2.0651616e-05,0.053001933,-0.005812157,-4.533186e-23,33.833,4.6667,0.0
-1.0465128e-05,0.05263686,-0.0063600168,-1.7522153e-23,34.139,4.6667,0.0
-1.3894987e-05,0.05232568,-0.0058616214,5.6667703e-23,34.444,4.6667,0.0
-2.2934604e-05,0.052251972,-0.005732989,-2.65236e-23,34.75,4.6667,0.0
-1.6230919e-05,0.052186254,-0.005278184,-1.293812e-23,35.056,4.6667,0.0
-1.6043865e-05,0.052286692,-0.0051391143,-5.365294e-23,35.361,4.6667,0.0
-1.5069625e-05,0.051767528,-0.004662535,4.8535393e-23,35.667,4.6667,0.0
-8.024037e-06,0.051824052,-0.0053605,2.4047129999999998e-24,35.972,4.6667,0.0
-1.1134311e-05,0.05138441,-0.005523231,3.4961306e-23,36.278,4.6667,0.0
-1.3999489e-05,0.050944,-0.0044798795,2.4796183e-23,36.583,4.6667,0.0
-1.3052133e-05,0.050594218,-0.0045184535,-4.4690144e-23,36.889,4.6667,0.0
-1.7337425e-05,0.050065048,-0.004494772,1.7640085e-23,37.194,4.6667,0.0
-9.495845e-06,0.049454987,-0.0042148037,-4.4607093e-23,37.5,4.6667,0.0
-3.3422606e-05,0.04940152,-0.0036161768,4.1640496e-23,37.806,4.6667,0.0
-6.3850894e-07,0.04911231,-0.0041242135,4.3060495999999997e-23,38.111,4.6667,0.0
-1.2595164e-05,0.048820823,-0.0029543443,4.6596966e-23,38.417,4.6667,0.0
-1.676642e-05,0.04810164,-0.0030931178,-1.02922114e-23,38.722,4.6667,0.0
-3.6170652e-06,0.04782433,-0.0035280888,-8.3593e-23,39.028,4.6667,0.0
-5.8871456e-06,0.04790552,-0.002932256,2.5258114e-23,39.333,4.6667,0.0
-3.558057e-05,0.047526076,-0.0032239566,2.3266525e-23,39.639,4.6667,0.0
-3.0342417e-05,0.047333293,-0.003655605,-6.732100999999999e-24,39.944,4.6667,0.0
-3.269215e-06,0.04702819,-0.0025354642,-4.6785384000000004e-24,40.25,4.6667,0.0
-1.4519233e-05,0.047190785,-0.0021882402,-1.4494846e-24,40.556,4.6667,0.0
-2.078563e-05,0.047225777,-0.0010334989,3.3408777e-23,40.861,4.6667,0.0
-1.5133178e-05,0.046827104,0.00017633755,2.0569005e-23,41.167,4.6667,0.0
-2.0118685e-05,0.04684557,0.000834358,3.3710234999999997e-25,41.472,4.6667,0.0
-1.6690758e-05,0.04663869,0.002789273,-3.3906428e-23,41.778,4.6667,0.0
-1.914578e-05,0.04630076,0.0050569577,-3.2915670000000004e-23,42.083,4.6667,0.0
-1.0555275e-05,0.046459727,0.0072890925,2.5483413e-23,42.389,4.6667,0.0
-2.3976127e-05,0.04689899,0.009359765,-7.004348e-23,42.694,4.6667,0.0
-3.193396e-06,0.046539687,0.0111056715,-7.119852e-23,43.0,4.6667,0.0
-3.251219e-05,0.046437964,0.0123548275,2.2358211e-23,43.306,4.6667,0.0
-2.6577472e-06,0.046868086,0.012764869,-2.5317360999999998e-23,43.611,4.6667,0.0
-9.379284e-06,0.047599476,0.013328511,-4.5540927e-23,43.917,4.6667,0.0
4.767574e-06,0.047899712,0.013097449,2.8491977e-23,44.222,4.6667,0.0
-3.1848522e-06,0.048267826,0.012461446,1.4832504e-23,44.528,4.6667,0.0
-7.623832e-06,0.04960364,0.011297455,-9.59995e-23,44.833,4.6667,0.0
-1.5573656e-05,0.05068831,0.009601064,3.9993708e-23,45.139,4.6667,0.0
-1.9613099e-06,0.051379815,0.0072859596,-8.1417804e-23,45.444,4.6667,0.0
-1.111667e-05,0.052460976,0.005353903,-4.1442233e-23,45.75,4.6667,0.0
-1.0513957e-05,0.05324036,0.0027944976,-9.631474e-24,46.056,4.6667,0.0
-5.430684e-06,0.053889066,2.1041837e-05,-1.7370036e-23,46.361,4.6667,0.0
-1.564301e-05,0.054443765,-0.0016794392,2.0239975e-23,46.667,4.6667,0.0
-7.2719995e-06,0.055098597,-0.0034532985,-1.5412979e-23,46.972,4.6667,0.0
-4.9924106e-06,0.055026,-0.0042334227,2.1309443e-23,47.278,4.6667,0.0
-3.68163e-06,0.054910816,-0.0053046336,2.7883106e-23,47.583,4.6667,0.0
-1.260639e-05,0.05460145,-0.005945529,-2.3437171e-23,47.889,4.6667,0.0
-1.0399432e-05,0.05477231,-0.0061989604,-4.7159090000000006e-23,48.194,4.6667,0.0
-1.8501523e-06,0.054209094,-0.006043772,-4.120984e-24,48.5,4.6667,0.0
-1.4969417e-05,0.05384427,-0.0053849583,-5.0961046e-25,48.806,4.6667,0.0
-1.3346458e-05,0.053552084,-0.0054450165,5.8455716e-23,49.111,4.6667,0.0
6.8670925e-06,0.05281307,-0.0059270347,1.510445e-23,49.417,4.6667,0.0
-1.968474e-07,0.052370258,-0.005567581,7.308159e-23,49.722,4.6667,0.0
7.695358e-06,0.052158464,-0.0055135135,-2.3573234e-23,50.028,4.6667,0.0
-3.5434932e-06,0.05157126,-0.004174376,-3.5973976e-23,50.333,4.6667,0.0
5.8603437e-06,0.051514022,-0.005129719,-2.4337407e-23,50.639,4.6667,0.0
3.4380064e-06,0.05112431,-0.004796438,1.7219e-23,50.944,4.6667,0.0
-5.1769675e-06,0.051016744,-0.0049580284,-3.432638e-23,51.25,4.6667,0.0
-6.596252e-06,0.05072721,-0.004490031,-2.1180196e-23,51.556,4.6667,0.0
-2.6273556e-06,0.05027269,-0.00410901,4.1944277e-23,51.861,4.6667,0.0
8.810044e-06,0.050196152,-0.004132332,9.1003196e-23,52.167,4.6667,0.0
3.596033e-06,0.04983726,-0.004263127,-6.367521e-24,52.472,4.6667,0.0
-4.975882e-06,0.04997936,-0.003855207,-3.2377578e-23,52.778,4.6667,0.0
-3.06547e-06,0.049136862,-0.0034990031,1.1141498e-22,53.083,4.6667,0.0
-9.038095e-06,0.04904569,-0.0033911336,-5.256401e-24,53.389,4.6667,0.0
-1.1345441e-05,0.04897912,-0.0033819596,1.5564566e-23,53.694,4.6667,0.0
-8.239316e-06,0.0488531,-0.0039668595,5.0147017e-23,54.0,4.6667,0.0
-2.3935518e-05,0.048242364,-0.0039715604,-1.3385341e-23,54.306,4.6667,0.0
7.935119e-06,0.04871082,-0.0040394217,-2.7420805e-23,54.611,4.6667,0.0
1.0113581e-07,0.048786484,-0.0048388233,2.1946805000000002e-24,54.917,4.6667,0.0
-1.6295755e-05,0.048410907,-0.0038822675,2.0139783e-23,55.222,4.6667,0.0
-1.7739485e-05,0.047974177,-0.0044078426,-3.2109190000000006e-23,55.528,4.6667,0.0
-3.5306039e-06,0.04805411,-0.0041101305,-4.6083285e-23,55.833,4.6667,0.0
-3.1558266e-06,0.048217602,-0.0030861348,6.072515e-23,56.139,4.6667,0.0
-2.4185028e-06,0.0478547,-0.0024520806,-2.1746106e-23,56.444,4.6667,0.0
-9.398154e-06,0.04751975,-0.00082894973,1.9019828e-23,56.75,4.6667,0.0
4.186866e-06,0.047742877,0.00013786089,-8.111964e-24,57.056,4.6667,0.0
-4.3539458e-06,0.047838185,0.0015986601,-3.7608950000000004e-23,57.361,4.6667,0.0
-1.4207677e-05,0.047447465,0.0035779378,-2.7221002e-24,57.667,4.6667,0.0
-1.2727232e-06,0.047422666,0.005528966,3.9860574e-23,57.972,4.6667,0.0
-3.2597163e-06,0.047375783,0.007153211,1.4900661e-23,58.278,4.6667,0.0
-9.575655e-06,0.047177333,0.009145563,1.1444163e-23,58.583,4.6667,0.0
-1.9901228e-05,0.047530487,0.010702782,3.1134813e-23,58.889,4.6667,0.0
-1.1976892e-05,0.047661368,0.011190847,-1.0547916e-23,59.194,4.6667,0.0
-1.570132e-05,0.047993682,0.011529461,1.1303965e-22,59.5,4.6667,0.0
-1.4635979e-05,0.048436813,0.011790749,-4.2308352e-23,59.806,4.6667,0.0
2.4759356e-07,0.048805747,0.011446757,1.6576978e-23,60.111,4.6667,0.0
-1.8495168e-05,0.049535885,0.011600637,5.2200024e-23,60.417,4.6667,0.0
-2.3223947e-06,0.04998649,0.010419406,-1.9663715e-23,60.722,4.6667,0.0
1.8193051e-06,0.05054169,0.00947834,-8.484347e-23,61.028,4.6667,0.0
-1.4521182e-05,0.050987463,0.007861755,-2.6807336e-23,61.333,4.6667,0.0
-2.2667591e-05,0.051781043,0.0053232475,6.763446e-23,61.639,4.6667,0.0
9.242565e-06,0.052211918,0.003833908,3.8743660000000004e-23,61.944,4.6667,0.0
-2.124601e-05,0.05261033,0.0018208148,4.4254340000000006e-23,62.25,4.6667,0.0
-7.793684e-06,0.05271852,-6.1872415e-05,-4.7411424e-24,62.556,4.6667,0.0
-3.0687713e-06,0.052882083,-0.0018524725,-5.1768593e-23,62.861,4.6667,0.0
-2.5169531e-06,0.053370632,-0.0037879606,4.8058970000000006e-23,63.167,4.6667,0.0
-1.3707316e-05,0.05360012,-0.0043717334,-6.4258956e-23,63.472,4.6667,0.0
-1.0816137e-05,0.053447947,-0.005465237,-4.801752e-24,63.778,4.6667,0.0
-1.8862826e-05,0.053612843,-0.0059869457,-6.796992000000001e-23,64.083,4.6667,0.0
2.5215431e-06,0.053647816,-0.005918868,-2.0795989e-23,64.389,4.6667,0.0
-9.374282e-06,0.053437814,-0.0055685528,-6.022924e-23,64.694,4.6667,0.0
-7.6076685e-06,0.053400256,-0.005241653,6.313304000000001e-23,65.0,4.6667,0.0
-0.00017918805,0.05255737,-0.00010344735,4.2867055e-23,10.306,5.3333,0.0
-0.00019213046,0.05217543,0.0006065429,3.2961852e-23,10.611,5.3333,0.0
-0.00016431349,0.05255896,0.0006360747,1.5251445e-23,10.917,5.3333,0.0
-0.00016176078,0.05290316,0.0015394362,-1.2158606e-23,11.222,5.3333,0.0
-0.00015337135,0.053694956,0.003071473,4.3411962e-23,11.528,5.3333,0.0
-0.0001493003,0.054172244,0.0032133614,5.4949148e-24,11.833,5.3333,0.0
-0.00013455433,0.055458367,0.0034686374,-9.791039e-24,12.139,5.3333,0.0
-0.00013365643,0.056644984,0.004713244,3.6514945e-23,12.444,5.3333,0.0
-0.0001283201,0.058194175,0.004413862,1.4579765e-23,12.75,5.3333,0.0
-0.00012501582,0.059533566,0.005235254,5.564385e-24,13.056,5.3333,0.0
-9.9199475e-05,0.060918093,0.0053790226,3.1733665e-23,13.361,5.3333,0.0
-8.60443e-05,0.062093273,0.004774269,6.9326914e-23,13.667,5.3333,0.0
-9.756692e-05,0.063065104,0.0035754847,-1.2497980000000001e-23,13.972,5.3333,0.0
-7.7126584e-05,0.06380929,0.0026901271,1.6562564e-23,14.278,5.3333,0.0
-7.883536e-05,0.06366389,0.0017337261,-2.2645420000000002e-23,14.583,5.3333,0.0
-0.000101975194,0.06347671,-0.00016898848,3.270428e-23,14.889,5.3333,0.0
-6.7881614e-05,0.06313199,-0.0010859184,-2.671636e-23,15.194,5.3333,0.0
-7.7503275e-05,0.062457964,-0.0015047025,-4.6490110000000004e-23,15.5,5.3333,0.0
-7.670003e-05,0.061534166,-0.0028865929,-1.2539758e-23,15.806,5.3333,0.0
-6.983173e-05,0.06074223,-0.0029703793,3.9703786e-23,16.111,5.3333,0.0
-7.6586104e-05,0.059392214,-0.003465678,-7.290243499999999e-23,16.417,5.3333,0.0
-7.5915115e-05,0.05911073,-0.00419202,2.2656601e-23,16.722,5.3333,0.0
-5.5619563e-05,0.05803322,-0.004575326,-7.0149904e-23,17.028,5.3333,0.0
-5.4917633e-05,0.057051886,-0.004426575,-1.9430565e-23,17.333,5.3333,0.0
-7.501617e-05,0.056614436,-0.005089095,-2.8852266e-23,17.639,5.3333,0.0
-3.862496e-05,0.056163985,-0.0051507098,-4.0235490000000005e-23,17.944000000000003,5.3333,0.0
-5.1118106e-05,0.056006595,-0.0054364754,7.082759e-24,18.25,5.3333,0.0
-5.0768995e-05,0.05553091,-0.005349406,4.1133353e-23,18.556,5.3333,0.0
-6.154249e-05,0.054975163,-0.0053324765,-6.6107805999999995e-25,18.861,5.3333,0.0
-4.4442255e-05,0.054712348,-0.0049432404,-4.4725410000000005e-23,19.167,5.3333,0.0
-6.6530556e-05,0.054159414,-0.004756511,-4.9508658e-24,19.472,5.3333,0.0
-4.7562924e-05,0.053734846,-0.004449028,-4.9948905e-24,19.778,5.3333,0.0
-4.3633125e-05,0.053563744,-0.0044208043,-1.1217829e-23,20.083,5.3333,0.0
-3.9489547e-05,0.052500866,-0.004454689,-2.0438187e-24,20.389,5.3333,0.0
-3.6231417e-05,0.05191468,-0.0041317,7.6793905e-24,20.694000000000003,5.3333,0.0
-4.678452e-05,0.050968833,-0.0043499637,8.865534400000001e-26,21.0,5.3333,0.0
-5.411221e-05,0.050489753,-0.004616436,-4.734867e-23,21.306,5.3333,0.0
-3.7227324e-05,0.049691968,-0.0047481693,1.6724836e-23,21.611,5.3333,0.0
-3.379077e-05,0.04902836,-0.0040550544,1.3931006e-23,21.917,5.3333,0.0
-3.487867e-05,0.048958063,-0.0035224073,-6.9796646e-23,22.222,5.3333,0.0
-3.1038402e-05,0.04859239,-0.003264348,5.7202259999999996e-24,22.528,5.3333,0.0
-2.9556373e-05,0.04845787,-0.0025524106,6.503748e-25,22.833,5.3333,0.0
-4.638233e-05,0.04829514,-0.0027445953,-1.3828315e-23,23.139,5.3333,0.0
-3.0417636e-05,0.048264287,-0.0017831046,1.6560980000000002e-23,23.444000000000003,5.3333,0.0
-2.560165e-05,0.048054248,-0.0017534643,1.0739181e-22,23.75,5.3333,0.0
-4.1117764e-05,0.047980152,-0.001193665,-2.4338844999999998e-23,24.056,5.3333,0.0
-1.5176607e-05,0.047611397,-0.0015317705,3.6922325e-23,24.361,5.3333,0.0
-2.7495811e-05,0.047167204,-0.0018775794,3.1606097e-23,24.667,5.3333,0.0
-2.9706764e-05,0.047157727,-0.0012040623,5.0101780000000005e-23,24.972,5.3333,0.0
-3.446375e-05,0.046398304,-0.00111828,4.2841635e-23,25.278,5.3333,0.0
-2.3613859e-05,0.045928944,-1.9235536e-05,-3.5293233e-23,25.583,5.3333,0.0
-1.9230352e-05,0.045818865,0.0012359805,-3.1928457e-23,25.889,5.3333,0.0
-3.294663e-05,0.04545674,0.0034740716,-7.781576399999999e-23,26.194000000000003,5.3333,0.0
-2.2196778e-05,0.046021324,0.0055361222,2.1476731999999998e-23,26.5,5.3333,0.0
-1.4767358e-05,0.046194147,0.009041986,7.262362000000001e-23,26.806,5.3333,0.0
-2.6880016e-05,0.0471228,0.010926418,-5.2077204999999997e-23,27.111,5.3333,0.0
-4.659657e-05,0.04784382,0.012990933,-2.1198220000000002e-23,27.417,5.3333,0.0
-1.8193554e-05,0.04953585,0.014078215,2.0794047999999998e-23,27.722,5.3333,0.0
-3.140017e-05,0.05091659,0.014391645,2.6067497999999998e-23,28.028,5.3333,0.0
-3.845163e-05,0.05221737,0.013659066,2.5451859e-23,28.333,5.3333,0.0
-2.5316032e-05,0.053904504,0.011767727,6.260365000000001e-23,28.639,5.3333,0.0
-2.06226e-05,0.055395797,0.009500903,2.3694403e-23,28.944000000000003,5.3333,0.0
-2.2634391e-05,0.056882374,0.0065061077,5.4442964e-23,29.25,5.3333,0.0
-3.192242e-05,0.058027864,0.0031521681,-4.0956478e-23,29.556,5.3333,0.0
-1.3545345e-05,0.059158817,0.00033313083,-3.8253140000000006e-23,29.861,5.3333,0.0
-1.3845785e-05,0.05967012,-0.0015989509,-3.62254e-23,30.167,5.3333,0.0
-1.2054047e-05,0.0598443,-0.0026591774,-6.424781e-23,30.472,5.3333,0.0
-1.6581253e-06,0.05992324,-0.004117499,-4.083331e-23,30.778,5.3333,0.0
-1.5214797e-05,0.059423506,-0.0039896267,2.4614328e-23,31.083,5.3333,0.0
-4.705297e-06,0.058703177,-0.004662787,4.7565157e-24,31.389,5.3333,0.0
-1.028406e-05,0.058162548,-0.00499238,1.4416162e-23,31.694000000000003,5.3333,0.0
-1.1257962e-05,0.05750887,-0.0047699986,1.1019778e-22,32.0,5.3333,0.0
-8.846171e-06,0.05682371,-0.004684481,5.5220617e-23,32.306,5.3333,0.0
-5.913358e-06,0.055731773,-0.0044727973,-5.4997716e-23,32.611,5.3333,0.0
-1.7902406e-05,0.055347092,-0.0044649937,5.0941480000000005e-25,32.917,5.3333,0.0
-1.2310669e-05,0.05414651,-0.005121345,1.3558070000000002e-23,33.222,5.3333,0.0
-1.2365092e-05,0.05416494,-0.0048541413,4.3868706e-23,33.528,5.3333,0.0
-8.508006e-06,0.053948425,-0.004851236,-2.4596708e-23,33.833,5.3333,0.0
-8.748248e-06,0.05371297,-0.0042726235,-2.1999753e-23,34.139,5.3333,0.0
-1.1383752e-05,0.053406276,-0.0041822586,3.7656054e-23,34.444,5.3333,0.0
-7.732977e-06,0.053387463,-0.004318319,8.8171236e-24,34.75,5.3333,0.0
-2.0683085e-05,0.053114593,-0.004318213,4.656627e-24,35.056,5.3333,0.0
-2.4328067e-05,0.052675292,-0.004101212,-5.86132e-23,35.361,5.3333,0.0
5.594673e-06,0.05240404,-0.004502005,6.6213955e-23,35.667,5.3333,0.0
-6.750939e-06,0.051824078,-0.004237621,2.7246928e-23,35.972,5.3333,0.0
2.8020004e-06,0.051596954,-0.004381578,-3.9168623e-23,36.278,5.3333,0.0
-3.1584066e-06,0.051211044,-0.004377319,-6.772753e-23,36.583,5.3333,0.0
8.2992005e-07,0.050743364,-0.0043296814,7.448581e-23,36.889,5.3333,0.0
-1.0230578e-06,0.050109975,-0.0044696755,1.8044594e-24,37.194,5.3333,0.0
-1.4942238e-05,0.050037853,-0.0033772038,-1.9938617e-23,37.5,5.3333,0.0
-7.844405e-06,0.049376033,-0.0032456964,-4.5597220000000007e-23,37.806,5.3333,0.0
-2.771034e-06,0.049268335,-0.0028022765,-1.0914806e-24,38.111,5.3333,0.0
-3.1023286e-05,0.049229853,-0.0029259212,-2.9147060000000004e-23,38.417,5.3333,0.0
-3.98245e-06,0.049125247,-0.0029054992,-9.741498e-24,38.722,5.3333,0.0
-1.3467401e-05,0.04893305,-0.0023214296,-3.5754458e-23,39.028,5.3333,0.0
-6.995502e-06,0.048632238,-0.0027372716,4.3878285999999996e-23,39.333,5.3333,0.0
-1.8613608e-05,0.048249923,-0.0027300473,3.2004377e-23,39.639,5.3333,0.0
-1.2571974e-05,0.048125766,-0.0029917834,5.967479000000001e-23,39.944,5.3333,0.0
-1.0649303e-05,0.048023224,-0.0029747654,2.73879e-23,40.25,5.3333,0.0
-7.5336993e-06,0.04764912,-0.0030899951,1.7728734e-23,40.556,5.3333,0.0
-9.057534e-06,0.047844227,-0.002203771,7.440652e-23,40.861,5.3333,0.0
-1.1098804e-05,0.047327057,-0.00049659796,3.5543270000000005e-23,41.167,5.3333,0.0
-2.2970424e-05,0.04737278,0.0013314234,8.444255000000001e-23,41.472,5.3333,0.0
-2.8522521e-05,0.047223613,0.0029203566,-3.4152856e-23,41.778,5.3333,0.0
-7.0158976e-06,0.047008812,0.005291608,8.0474415e-24,42.083,5.3333,0.0
-2.5557318e-05,0.047114737,0.007521862,4.71499e-24,42.389,5.3333,0.0
-2.9854571e-05,0.047215454,0.009745016,2.0457625e-24,42.694,5.3333,0.0
-1.0529628e-05,0.047534384,0.01156061,1.1519035e-23,43.0,5.3333,0.0
-1.15073635e-05,0.048011392,0.013283312,7.769111e-23,43.306,5.3333,0.0
-2.9410174e-05,0.048156,0.0130828265,7.905482000000001e-23,43.611,5.3333,0.0
-1.57966e-05,0.04935647,0.012661754,2.8889222e-24,43.917,5.3333,0.0
-4.416656e-06,0.04983317,0.012259353,-3.3456184e-23,44.222,5.3333,0.0
1.4895813e-06,0.050921023,0.011065954,2.3053570000000002e-23,44.528,5.3333,0.0
-1.4126008e-05,0.05187764,0.008842126,-3.532446e-23,44.833,5.3333,0.0
-1.31161e-05,0.05304514,0.006773502,-1.3201291e-23,45.139,5.3333,0.0
-1.5891948e-05,0.054037474,0.00423977,-4.0816894e-23,45.444,5.3333,0.0
-2.4084524e-05,0.055102486,0.0023074364,6.7890505e-23,45.75,5.3333,0.0
-1.200903e-05,0.055546988,0.00018255872,-3.2153365e-23,46.056,5.3333,0.0
1.179922e-06,0.055742674,-0.0018396256,-1.0566445000000001e-22,46.361,5.3333,0.0
-1.2678454e-05,0.056183465,-0.002891078,-1.13401595e-23,46.667,5.3333,0.0
-2.3981775e-06,0.056176998,-0.0034963088,4.541185e-24,46.972,5.3333,0.0
-1.022765e-05,0.056113448,-0.004692852,-5.1332706e-23,47.278,5.3333,0.0
-9.241201e-06,0.055742007,-0.0048176465,-1.5772567e-23,47.583,5.3333,0.0
-5.7786383e-07,0.05556044,-0.005567674,-1.0345184999999999e-23,47.889,5.3333,0.0
-1.3732035e-05,0.054990806,-0.004528613,4.447772e-23,48.194,5.3333,0.0
3.5835465e-06,0.05438181,-0.004920331,1.7878920000000003e-23,48.5,5.3333,0.0
-3.8054186e-06,0.054052297,-0.0051847408,-3.4625036e-23,48.806,5.3333,0.0
-1.3328998e-05,0.053565696,-0.00444718,1.4129218e-23,49.111,5.3333,0.0
-1.0703565e-05,0.05298192,-0.0043978286,4.8475995e-23,49.417,5.3333,0.0
1.5585465e-06,0.05320009,-0.004651571,2.7394426e-23,49.722,5.3333,0.0
-3.8390026e-05,0.052744683,-0.0044110385,4.0973207999999996e-23,50.028,5.3333,0.0
-8.529112e-06,0.052180633,-0.0042089084,9.779654e-24,50.333,5.3333,0.0
-6.5990116e-07,0.051737633,-0.004193632,1.5824979e-23,50.639,5.3333,0.0
-1.31068155e-05,0.051717646,-0.004005365,6.2943174e-23,50.944,5.3333,0.0
-1.6529339e-06,0.051510572,-0.0042562746,2.6649993e-23,51.25,5.3333,0.0
-7.45583e-06,0.051071636,-0.003929211,1.10743954e-23,51.556,5.3333,0.0
3.6470083e-06,0.050825387,-0.0033587306,-1.5259852e-23,51.861,5.3333,0.0
-3.7269601e-06,0.050496295,-0.0036583766,-5.2999614e-23,52.167,5.3333,0.0
6.112963e-06,0.050448656,-0.0028549249,-7.330171000000001e-23,52.472,5.3333,0.0
-1.1235741e-05,0.050049976,-0.0035158806,7.126660000000001e-23,52.778,5.3333,0.0
6.1775863e-06,0.050190397,-0.0029713423,2.2456005e-23,53.083,5.3333,0.0
-4.6107234e-06,0.049610592,-0.002380423,8.055449000000001e-23,53.389,5.3333,0.0
-2.523091e-06,0.049799696,-0.0033498928,1.3507621e-23,53.694,5.3333,0.0
-6.1596256e-06,0.049599282,-0.003117378,-1.9330121e-23,54.0,5.3333,0.0
1.6775994e-06,0.04908941,-0.0037335148,1.4074743e-23,54.306,5.3333,0.0
8.387358e-06,0.049044497,-0.0038662874,-3.292516e-24,54.611,5.3333,0.0
2.5101673e-07,0.04894398,-0.0044177244,5.2172357e-24,54.917,5.3333,0.0
-3.2924545e-06,0.049177058,-0.0046150037,-1.6500585e-23,55.222,5.3333,0.0
6.929011e-06,0.048824124,-0.0040778047,-6.101699000000001e-23,55.528,5.3333,0.0
9.2091796e-08,0.048466474,-0.0032670647,-3.5106506e-23,55.833,5.3333,0.0
-1.0928432e-05,0.048349664,-0.0031094176,-2.1060920000000002e-23,56.139,5.3333,0.0
5.6485405e-06,0.047958206,-0.0023337603,2.0947703e-23,56.444,5.3333,0.0
-1.0099517e-05,0.04840776,-0.0012055989,3.0757043e-23,56.75,5.3333,0.0
-1.985958e-05,0.04782466,0.0007064631,1.3255892000000001e-24,57.056,5.3333,0.0
-1.0687441e-05,0.047837555,0.002864128,3.8214656e-23,57.361,5.3333,0.0
-1.3238673e-05,0.0477342,0.004245837,8.000418e-23,57.667,5.3333,0.0
-1.2100369e-05,0.048111767,0.006504237,8.871608e-23,57.972,5.3333,0.0
-1.8993596e-05,0.047787964,0.008356372,-5.2626438e-23,58.278,5.3333,0.0
-4.342517e-06,0.048288688,0.0101632625,-3.8038392999999996e-23,58.583,5.3333,0.0
6.767794e-06,0.047921926,0.011267804,1.7770398e-23,58.889,5.3333,0.0
-2.346001e-06,0.048478063,0.011784946,-1.7816543e-23,59.194,5.3333,0.0
-3.356874e-06,0.049053796,0.011882514,1.9812248e-23,59.5,5.3333,0.0
-2.1828051e-05,0.04977949,0.0121681,-1.9861220000000002e-23,59.806,5.3333,0.0
-4.1366475e-06,0.0503357,0.011722492,3.6895012e-23,60.111,5.3333,0.0
-4.8395377e-06,0.050627142,0.011013715,2.8051818e-23,60.417,5.3333,0.0
3.2704556e-06,0.051386073,0.009261593,-9.768920000000001e-23,60.722,5.3333,0.0
-8.592218e-06,0.051752143,0.0077599394,-7.7549394e-23,61.028,5.3333,0.0
-1.4066947e-05,0.052562647,0.005731178,2.8417760000000005e-23,61.333,5.3333,0.0
1.668066e-06,0.053234797,0.0033884663,-1.9096088e-23,61.639,5.3333,0.0
-1.1457887e-06,0.053389907,0.0020644143,-2.3113700000000002e-23,61.944,5.3333,0.0
-1.4071742e-05,0.05380223,-0.0005921931,3.8681952e-24,62.25,5.3333,0.0
9.382294e-06,0.054128885,-0.0021962384,-1.0954892e-22,62.556,5.3333,0.0
-1.4521029e-06,0.05422181,-0.0038482822,5.1972995999999997e-23,62.861,5.3333,0.0
3.2404878e-06,0.05438067,-0.0056071174,3.15093e-23,63.167,5.3333,0.0
-1.90633e-06,0.054600496,-0.0054238793,2.6429783999999998e-23,63.472,5.3333,0.0
3.2042262e-06,0.054383326,-0.006039545,3.4651264e-23,63.778,5.3333,0.0
2.4902438e-06,0.054971047,-0.0059178844,-7.470474999999999e-24,64.083,5.3333,0.0
1.0460992e-05,0.054694355,-0.005851991,-2.4858017e-23,64.389,5.3333,0.0
2.066845e-06,0.054674692,-0.005295261,-1.725134e-23,64.694,5.3333,0.0
8.808711e-06,0.054146893,-0.0049548685,1.9278498e-23,65.0,5.3333,0.0
-0.00018856455,0.0537692,-0.000545362,3.171973e-23,10.306,6.0,0.0
-0.00018944748,0.053850986,-0.0001725629,-8.932935e-24,10.611,6.0,0.0
-0.00018914959,0.053887095,0.0006894227,-6.8626304e-23,10.917,6.0,0.0
-0.00016502934,0.0546033,0.0011346955,-9.80103e-23,11.222,6.0,0.0
-0.00015635906,0.05475818,0.0011624945,7.012259e-23,11.528,6.0,0.0
-0.00015369306,0.055690624,0.0019242198,-2.6192e-23,11.833,6.0,0.0
-0.00014307033,0.055956513,0.0026142374,2.5146715e-23,12.139,6.0,0.0
-0.00012319325,0.056905843,0.00263529,2.1468023e-23,12.444,6.0,0.0
-0.00013027422,0.057735175,0.0034721694,-2.1113830000000002e-23,12.75,6.0,0.0
-0.00012001866,0.058655232,0.003396642,-6.9962395e-23,13.056,6.0,0.0
-0.000116584124,0.059401575,0.003352579,-1.5666172e-23,13.361,6.0,0.0
-0.00012368559,0.05967183,0.0030381747,-2.6879022e-23,13.667,6.0,0.0
-9.3570576e-05,0.060621627,0.002798772,4.0323136e-23,13.972,6.0,0.0
-9.051118e-05,0.060782403,0.0018038206,-3.2000540000000005e-23,14.278,6.0,0.0
-9.229506e-05,0.060963213,0.0013018786,-3.195813e-23,14.583,6.0,0.0
-8.556732e-05,0.061155446,3.6468962e-05,-6.1680794e-23,14.889,6.0,0.0
-6.952889e-05,0.060792122,-0.00023703044,-5.315829000000001e-23,15.194,6.0,0.0
-7.878819e-05,0.060639575,-0.0010686961,5.8319464e-23,15.5,6.0,0.0
-7.826814e-05,0.059916697,-0.0015102278,8.2423217e-23,15.806,6.0,0.0
-6.862832e-05,0.059561733,-0.001989419,-5.0664207e-23,16.111,6.0,0.0
-6.196074e-05,0.05889921,-0.0020312439,1.0881383e-22,16.417,6.0,0.0
-4.2590797e-05,0.058155477,-0.0021369176,3.131586e-23,16.722,6.0,0.0
-6.5106324e-05,0.057785258,-0.003004578,3.3492383e-24,17.028,6.0,0.0
-6.743224e-05,0.057517715,-0.0033725232,-2.1189495e-23,17.333,6.0,0.0
-4.283442e-05,0.0566078,-0.0035488463,5.0169102e-23,17.639,6.0,0.0
-6.103396e-05,0.05638235,-0.003994945,-3.8997672999999997e-23,17.944000000000003,6.0,0.0
-5.21888e-05,0.056169838,-0.0038984357,-1.0149169e-23,18.25,6.0,0.0
-3.257396e-05,0.055732507,-0.0037316028,-2.5623261999999998e-23,18.556,6.0,0.0
-4.2509786e-05,0.05497496,-0.0034122625,4.8639725e-23,18.861,6.0,0.0
-3.8804916e-05,0.054626133,-0.003498085,7.429098000000001e-23,19.167,6.0,0.0
-3.4936635e-05,0.054375686,-0.0036999201,2.2195567e-23,19.472,6.0,0.0
-2.7935928e-05,0.053798866,-0.0033181198,-5.966636000000001e-23,19.778,6.0,0.0
-4.217151e-05,0.05292438,-0.0037978173,4.684405e-23,20.083,6.0,0.0
-3.4314042e-05,0.05246096,-0.0035880401,7.6789664e-23,20.389,6.0,0.0
-3.6609643e-05,0.051558398,-0.0034460414,2.6294791e-23,20.694000000000003,6.0,0.0
-3.7681264e-05,0.050948657,-0.003961765,-5.305824e-23,21.0,6.0,0.0
-3.6093537e-05,0.050360285,-0.0033946144,3.2686736e-23,21.306,6.0,0.0
-3.1098247e-05,0.050368253,-0.003509929,-6.3767477e-23,21.611,6.0,0.0
-1.8264494e-05,0.049600985,-0.002824145,-3.5022445e-23,21.917,6.0,0.0
-3.14746e-05,0.04948988,-0.0029220046,-4.1439103e-23,22.222,6.0,0.0
-3.4531502e-05,0.04977173,-0.0026995125,4.574131000000001e-25,22.528,6.0,0.0
-1.6064547e-05,0.04962323,-0.0024658325,2.7433527999999997e-23,22.833,6.0,0.0
-2.5689054e-05,0.049607564,-0.002129584,6.693697e-23,23.139,6.0,0.0
-2.7912087e-05,0.04937703,-0.0014410699,-8.7438605e-24,23.444000000000003,6.0,0.0
-3.0034767e-05,0.049227595,-0.0016390989,-3.4966127e-23,23.75,6.0,0.0
-2.4546702e-05,0.049044423,-0.0016940786,9.451589e-24,24.056,6.0,0.0
-2.3321198e-05,0.04859055,-0.00076203514,3.6825290000000004e-25,24.361,6.0,0.0
-3.6076613e-05,0.04788796,-0.0008714758,-4.275727e-24,24.667,6.0,0.0
-5.7799843e-06,0.047216482,-0.0009263465,-6.88009e-23,24.972,6.0,0.0
-2.738121e-05,0.046799317,-1.3616867e-05,-1.1189582e-24,25.278,6.0,0.0
-2.3819644e-05,0.04650545,0.00031414814,-6.2186473e-24,25.583,6.0,0.0
-2.7024977e-05,0.0468999,0.0016657664,-8.1440485e-24,25.889,6.0,0.0
-2.5682722e-05,0.047047734,0.00323054,-3.4621048e-23,26.194000000000003,6.0,0.0
-9.348374e-06,0.048096262,0.0063396874,-5.894091e-23,26.5,6.0,0.0
-2.1292624e-05,0.049067523,0.008254892,-2.1264459e-23,26.806,6.0,0.0
-1.3068702e-05,0.050596517,0.009467028,9.4508414e-23,27.111,6.0,0.0
-1.700326e-05,0.05167418,0.011100741,-7.688276e-23,27.417,6.0,0.0
-1.3459126e-05,0.053273156,0.011746322,5.384651e-23,27.722,6.0,0.0
-2.2643719e-05,0.054687615,0.011379485,-3.4619810000000004e-23,28.028,6.0,0.0
-1.0359256e-05,0.056367274,0.009419095,4.7764575e-23,28.333,6.0,0.0
-2.6465394e-05,0.05777338,0.0073960307,1.8950471e-23,28.639,6.0,0.0
-9.73709e-06,0.059268095,0.005217462,7.366976e-24,28.944000000000003,6.0,0.0
-3.175609e-05,0.060013898,0.0026870721,-1.3517517e-23,29.25,6.0,0.0
-1.708117e-05,0.06086872,0.00085699465,3.9325915e-23,29.556,6.0,0.0
-2.9911884e-05,0.06117273,-0.0008379674,-2.3850383e-23,29.861,6.0,0.0
-1.4739868e-05,0.061086066,-0.0018886394,-6.087633000000001e-23,30.167,6.0,0.0
-1.7322145e-05,0.060836315,-0.0027013565,2.7187302000000003e-24,30.472,6.0,0.0
-1.9314179e-05,0.0602753,-0.002562391,2.7313520000000003e-25,30.778,6.0,0.0
-1.6806734e-07,0.059465125,-0.0023927,-9.191565000000001e-23,31.083,6.0,0.0
-1.5029953e-05,0.058788687,-0.0029701693,1.7409794e-23,31.389,6.0,0.0
-2.529596e-05,0.05809504,-0.002865883,7.300106000000001e-23,31.694000000000003,6.0,0.0
6.7090514e-06,0.05752238,-0.0033976063,-1.4899443e-23,32.0,6.0,0.0
-2.7260241e-05,0.056565344,-0.00367651,-4.1358019999999996e-24,32.306,6.0,0.0
-1.255605e-05,0.056171674,-0.0040767686,1.6209413e-23,32.611,6.0,0.0
-1.5502883e-07,0.055639446,-0.0038495986,-2.7030287e-23,32.917,6.0,0.0
-1.4584656e-05,0.05542209,-0.004321877,7.560766e-23,33.222,6.0,0.0
-9.551688e-06,0.05482182,-0.0039329324,4.7320244e-23,33.528,6.0,0.0
8.3006086e-07,0.05482362,-0.0037082038,-1.8139894e-23,33.833,6.0,0.0
5.6865683e-06,0.05451072,-0.0033121943,8.4307395e-24,34.139,6.0,0.0
-4.71983e-06,0.054703653,-0.0033304105,-2.406306e-23,34.444,6.0,0.0
-3.2008407e-05,0.054071523,-0.003349471,2.8189091999999997e-23,34.75,6.0,0.0
-1.3796664e-05,0.053735875,-0.00333579,5.2254450000000003e-23,35.056,6.0,0.0
-1.2819666e-05,0.053343236,-0.004064177,-3.1223040000000004e-23,35.361,6.0,0.0
-6.917948e-06,0.05300244,-0.003945498,-2.2572580000000003e-23,35.667,6.0,0.0
-2.2770255e-05,0.05250662,-0.0039049718,-3.1104798e-23,35.972,6.0,0.0
-2.4716755e-06,0.051760443,-0.0037414702,1.4859514e-23,36.278,6.0,0.0
-1.41471755e-05,0.051727246,-0.003760701,4.1697206e-23,36.583,6.0,0.0
-5.655411e-06,0.050807066,-0.0037700203,-1.9443282e-23,36.889,6.0,0.0
-3.5689463e-06,0.050577708,-0.0033153985,-7.901534e-24,37.194,6.0,0.0
3.393383e-06,0.05037705,-0.0022555925,8.747657000000001e-23,37.5,6.0,0.0
-6.4715205e-06,0.05013519,-0.0022458718,-8.898199500000001e-24,37.806,6.0,0.0
2.544195e-06,0.050103895,-0.0017687313,3.5813452e-23,38.111,6.0,0.0
-7.043966e-06,0.049829885,-0.002199976,4.0362415e-23,38.417,6.0,0.0
-3.2937514e-06,0.049304,-0.0020557507,-4.4275645e-23,38.722,6.0,0.0
-1.6141086e-05,0.049181357,-0.0018713782,2.7959117e-23,39.028,6.0,0.0
-1.9811534e-05,0.049025282,-0.0022590049,-8.400571000000001e-23,39.333,6.0,0.0
-1.6868726e-05,0.048836272,-0.0028377017,-1.4300773e-23,39.639,6.0,0.0
-2.585994e-05,0.048287988,-0.0031987838,-4.9963395e-23,39.944,6.0,0.0
-9.983408e-06,0.047996942,-0.0033505247,-1.2339905e-23,40.25,6.0,0.0
-1.4191433e-05,0.048247024,-0.0027049072,3.5955345999999997e-23,40.556,6.0,0.0
5.93651e-06,0.04780887,-0.0024839668,-6.6784333e-25,40.861,6.0,0.0
-1.3180833e-05,0.04748556,-0.0006182268,-3.4300682e-23,41.167,6.0,0.0
-2.4554187e-05,0.04757669,0.0014979886,-2.8274895e-23,41.472,6.0,0.0
-4.4576154e-06,0.047418132,0.0037836172,-5.342835e-23,41.778,6.0,0.0
-8.827319e-06,0.04778389,0.0059594065,1.1132405e-25,42.083,6.0,0.0
-6.205906e-06,0.048061702,0.008379282,-1.7944730000000003e-23,42.389,6.0,0.0
-1.0861389e-05,0.048428804,0.010073988,-1.8238161e-23,42.694,6.0,0.0
-1.7954257e-05,0.04840243,0.011690963,4.5893214e-23,43.0,6.0,0.0
-1.7961785e-05,0.049477868,0.012484493,-1.7080052e-23,43.306,6.0,0.0
-4.221441e-06,0.050600026,0.012168533,5.434593000000001e-23,43.611,6.0,0.0
8.440835e-06,0.051716525,0.011445981,-1.9705114e-24,43.917,6.0,0.0
-9.218509e-06,0.052774627,0.010415793,4.3791550000000004e-23,44.222,6.0,0.0
-1.2937631e-05,0.053508073,0.008070021,2.2466001e-23,44.528,6.0,0.0
-1.04120645e-05,0.054771155,0.0064022643,4.407776e-24,44.833,6.0,0.0
-3.2955177e-06,0.055412747,0.004150396,7.032651e-24,45.139,6.0,0.0
-2.17774e-05,0.056270152,0.0023169282,1.4788580000000003e-23,45.444,6.0,0.0
5.0112267e-06,0.056902643,0.000859975,1.0894914e-23,45.75,6.0,0.0
1.4730733e-05,0.057047695,-0.0011142977,-7.7325736e-23,46.056,6.0,0.0
-2.389438e-07,0.0570976,-0.002401922,4.6312623e-23,46.361,6.0,0.0
-1.6536891e-05,0.056840748,-0.0032645373,3.423833e-23,46.667,6.0,0.0
-1.6488668e-05,0.057057127,-0.0042952714,1.1018102e-23,46.972,6.0,0.0
6.2230174e-06,0.056683637,-0.004230993,-2.5863870999999998e-23,47.278,6.0,0.0
-7.950526e-06,0.056475557,-0.004112458,9.232078000000001e-23,47.583,6.0,0.0
-8.298177e-06,0.055861734,-0.004208876,9.719170000000002e-24,47.889,6.0,0.0
2.7457208e-06,0.055344447,-0.004631029,-6.053918e-23,48.194,6.0,0.0
-1.6752176e-05,0.05518219,-0.0043634907,6.2147604e-23,48.5,6.0,0.0
8.82596e-06,0.054850765,-0.00444985,-6.0844526e-24,48.806,6.0,0.0
-6.98672e-06,0.054205462,-0.0038825916,-5.465665e-23,49.111,6.0,0.0
9.228098e-06,0.053782076,-0.0037803086,-3.0020184e-23,49.417,6.0,0.0
1.9789486e-06,0.05329696,-0.0036041872,-1.2496540999999999e-23,49.722,6.0,0.0
-1.2621218e-05,0.052811757,-0.0041740956,2.1289655e-23,50.028,6.0,0.0
3.062085e-06,0.05254402,-0.003973735,-9.005e-23,50.333,6.0,0.0
-1.1634165e-06,0.05261661,-0.003419057,6.8705525e-25,50.639,6.0,0.0
5.945494e-07,0.052211124,-0.0037336727,-8.444997000000001e-23,50.944,6.0,0.0
1.3103207e-05,0.051992204,-0.0038554491,1.2915433e-23,51.25,6.0,0.0
-6.944054e-06,0.051326044,-0.0032560788,-4.0823716e-23,51.556,6.0,0.0
-6.799055e-06,0.051316284,-0.0026476523,5.317463e-23,51.861,6.0,0.0
-6.0993307e-07,0.051071554,-0.00251746,-2.5515724999999998e-23,52.167,6.0,0.0
-1.3568679e-05,0.05060413,-0.0027615826,-4.8474883999999997e-23,52.472,6.0,0.0
8.655753e-06,0.05100433,-0.0018749512,-2.931069e-23,52.778,6.0,0.0
-4.7018893e-06,0.0505837,-0.0021808823,5.3407777e-24,53.083,6.0,0.0
-3.744648e-06,0.0501374,-0.0021320707,7.7267474e-24,53.389,6.0,0.0
-2.2246982e-06,0.050485373,-0.002484128,7.755964e-23,53.694,6.0,0.0
-2.3323191e-06,0.050206788,-0.0027053796,1.7699262e-24,54.0,6.0,0.0
1.1742122e-06,0.050135873,-0.0031731538,-7.612445e-24,54.306,6.0,0.0
-1.6885999e-05,0.049621087,-0.0034377126,-2.7799616e-23,54.611,6.0,0.0
1.3449338e-05,0.049396366,-0.0038779504,-9.679149e-23,54.917,6.0,0.0
-9.532727e-06,0.04935225,-0.0043981774,5.5469897e-23,55.222,6.0,0.0
1.5984337e-05,0.048947915,-0.0035316495,4.4319266e-23,55.528,6.0,0.0
1.4279689e-06,0.04883196,-0.0042017074,3.9704770000000006e-23,55.833,6.0,0.0
-5.519767e-06,0.04855966,-0.0028944444,-1.5657917e-23,56.139,6.0,0.0
-5.5086603e-06,0.048259374,-0.0022181359,3.3470825e-23,56.444,6.0,0.0
-1.5157935e-05,0.04823159,-0.0012841239,2.3548344e-23,56.75,6.0,0.0
-1.0460423e-05,0.048454743,0.00085668545,1.2121547999999999e-23,57.056,6.0,0.0
-7.567388e-06,0.048245393,0.00354796,-4.911385e-23,57.361,6.0,0.0
-2.5767276e-06,0.04854179,0.005196004,5.233442e-24,57.667,6.0,0.0
-1.045681e-05,0.048784334,0.0078044864,7.0940784e-23,57.972,6.0,0.0
-1.0643792e-05,0.04893493,0.009006935,-6.550817000000001e-23,58.278,6.0,0.0
-8.372408e-06,0.048848845,0.010615885,-1.9891917e-26,58.583,6.0,0.0
-3.5110043e-07,0.049423464,0.011683891,1.7290922e-23,58.889,6.0,0.0
3.7138598e-06,0.050003737,0.012154884,-1.2916114e-23,59.194,6.0,0.0
-9.778401e-06,0.050521914,0.011882544,9.358339e-24,59.5,6.0,0.0
-7.83629e-06,0.050976418,0.011638876,-6.083367e-23,59.806,6.0,0.0
6.0972307e-06,0.05166477,0.010130901,-1.646768e-23,60.111,6.0,0.0
-1.597738e-05,0.052332893,0.009653633,1.0164138e-23,60.417,6.0,0.0
4.0501777e-06,0.052851707,0.007837107,-1.142356e-22,60.722,6.0,0.0
2.1046508e-06,0.053414095,0.0054460303,6.9499933e-23,61.028,6.0,0.0
1.1554106e-05,0.053830743,0.0032874541,-3.5419375e-23,61.333,6.0,0.0
7.2194534e-06,0.05461663,0.0016765778,2.7510167e-23,61.639,6.0,0.0
-1.4232093e-05,0.05508387,-0.00056716404,2.3859394999999998e-23,61.944,6.0,0.0
1.9476647e-06,0.055035703,-0.002175957,-3.316341e-23,62.25,6.0,0.0
8.276292e-06,0.05509814,-0.003907852,-9.784566000000001e-23,62.556,6.0,0.0
-8.114308e-06,0.05539629,-0.005259381,4.0324801999999996e-23,62.861,6.0,0.0
-6.576862e-06,0.055076987,-0.00514514,-3.4019772e-23,63.167,6.0,0.0
-6.721326e-06,0.055780496,-0.0059931623,3.4758310000000004e-23,63.472,6.0,0.0
6.014612e-06,0.055381596,-0.005682612,-1.6167887e-23,63.778,6.0,0.0
-9.551601e-06,0.055345535,-0.0053937477,5.0600795e-23,64.083,6.0,0.0
4.9896316e-06,0.055311315,-0.0050781732,-7.0118e-24,64.389,6.0,0.0
-4.824342e-07,0.05511591,-0.0045991093,5.379428000000001e-23,64.694,6.0,0.0
2.6115922e-06,0.054713722,-0.0042594885,4.2527604999999996e-23,65.0,6.0,0.0
-0.00021058854,0.05445359,-0.0010438785,9.909355e-24,10.306,6.6667,0.0
-0.00019218022,0.05427768,-0.00080067164,-6.2194300000000006e-24,10.611,6.6667,0.0
-0.00017226492,0.054664552,0.00012903148,-7.699337000000001e-23,10.917,6.6667,0.0
-0.0001832141,0.055080518,0.0005191176,-2.336442e-24,11.222,6.6667,0.0
-0.00014221185,0.054987304,0.0009239309,6.304627e-24,11.528,6.6667,0.0
-0.0001672735,0.055146374,0.0010822206,7.415015000000001e-23,11.833,6.6667,0.0
-0.00014791964,0.05589874,0.0014974554,-9.887368e-24,12.139,6.6667,0.0
-0.00015691304,0.056277,0.001859263,6.007389e-23,12.444,6.6667,0.0
-0.00013464734,0.057199053,0.001406725,5.700584e-23,12.75,6.6667,0.0
-0.00013205555,0.05799249,0.0018363148,7.1481754e-23,13.056,6.6667,0.0
-0.000109024775,0.05781131,0.0015348003,8.1862456e-23,13.361,6.6667,0.0
-0.000104320796,0.05826713,0.0018279032,5.802644000000001e-23,13.667,6.6667,0.0
-9.1616464e-05,0.059146073,0.0015324759,2.4577557999999999e-23,13.972,6.6667,0.0
-0.00010961892,0.059363734,0.001658929,-1.08938315e-23,14.278,6.6667,0.0
-0.00010822984,0.05934429,0.0010358631,2.5335952999999998e-23,14.583,6.6667,0.0
-9.5261654e-05,0.059519637,0.0007357856,-2.2328372999999998e-23,14.889,6.6667,0.0
-7.8199286e-05,0.05945889,0.0003008591,-6.576172000000001e-23,15.194,6.6667,0.0
-8.4626474e-05,0.05886302,0.0004259483,-4.555981e-23,15.5,6.6667,0.0
-6.76527e-05,0.059063092,-0.00067976,-6.402168e-23,15.806,6.6667,0.0
-7.449992e-05,0.05848721,-0.0010939024,-3.0512130000000006e-23,16.111,6.6667,0.0
-6.726474e-05,0.058069926,-0.00077541766,3.0131306e-23,16.417,6.6667,0.0
-6.0765822e-05,0.057894856,-0.0016530209,1.3186724999999999e-23,16.722,6.6667,0.0
-3.9308907e-05,0.057355084,-0.002207098,-2.4125210000000003e-23,17.028,6.6667,0.0
-5.6973004e-05,0.05719249,-0.002323491,1.9370056999999998e-23,17.333,6.6667,0.0
-4.2950203e-05,0.056805197,-0.0019315085,-8.4948985e-23,17.639,6.6667,0.0
-6.17651e-05,0.05658995,-0.0024992938,-1.7564543e-23,17.944000000000003,6.6667,0.0
-3.929051e-05,0.056109197,-0.0025223978,3.5588128e-23,18.25,6.6667,0.0
-4.3377397e-05,0.05562575,-0.002640834,3.788991e-23,18.556,6.6667,0.0
-4.0430667e-05,0.055089615,-0.002939702,4.4472014999999997e-23,18.861,6.6667,0.0
-3.604799e-05,0.05507218,-0.0026615888,3.3684765e-23,19.167,6.6667,0.0
-3.3289896e-05,0.05427809,-0.0023905071,-4.3570566999999997e-23,19.472,6.6667,0.0
-5.4626584e-05,0.053773537,-0.0024902106,5.8789700000000004e-24,19.778,6.6667,0.0
-3.4749395e-05,0.053096406,-0.0025838653,2.4624337e-23,20.083,6.6667,0.0
-3.7567464e-05,0.052503876,-0.0026913518,-5.864521000000001e-23,20.389,6.6667,0.0
-3.7258418e-05,0.05227758,-0.0021044337,-6.596663e-24,20.694000000000003,6.6667,0.0
-2.7501635e-05,0.05154316,-0.0025274763,3.0850343e-23,21.0,6.6667,0.0
-1.2756107e-05,0.05093208,-0.0030358275,-1.3775657e-24,21.306,6.6667,0.0
-3.446529e-05,0.050978567,-0.0027533122,5.1282674e-23,21.611,6.6667,0.0
-2.5948651e-05,0.05061765,-0.0024684155,-2.8902046e-23,21.917,6.6667,0.0
-8.558825e-06,0.050454356,-0.0027592322,8.485114e-24,22.222,6.6667,0.0
-2.3036897e-05,0.050733946,-0.0018846747,5.7475017000000005e-24,22.528,6.6667,0.0
-3.97709e-05,0.050536867,-0.0013622141,-6.3031816e-23,22.833,6.6667,0.0
-3.670566e-05,0.050313223,-0.0016933002,1.1246784e-23,23.139,6.6667,0.0
-1.01127935e-05,0.049797364,-0.0015263921,6.692914e-23,23.444000000000003,6.6667,0.0
-1.8589126e-05,0.04958436,-0.0011129975,-4.221004e-23,23.75,6.6667,0.0
-1.6633385e-05,0.049413256,-0.0013238331,-5.390442000000001e-23,24.056,6.6667,0.0
-1.5974943e-05,0.04857061,-0.00046701077,1.9860312e-23,24.361,6.6667,0.0
-2.1902837e-05,0.048510015,-0.0009360537,3.1400955e-24,24.667,6.6667,0.0
-1.3604362e-05,0.048194587,-1.2814067e-05,3.3289526e-23,24.972,6.6667,0.0
-2.7574813e-05,0.047896594,0.00027188938,5.3584835e-23,25.278,6.6667,0.0
-2.129886e-05,0.047802076,0.00092203636,-3.7324707999999996e-23,25.583,6.6667,0.0
-1.1367909e-05,0.048435666,0.0020599188,2.711258e-23,25.889,6.6667,0.0
-1.967979e-05,0.049479075,0.0031399978,4.983587e-23,26.194000000000003,6.6667,0.0
-9.210664e-06,0.050012648,0.0047590295,3.6284118e-23,26.5,6.6667,0.0
-8.011613e-06,0.051543817,0.0055672284,-1.04727154e-23,26.806,6.6667,0.0
-3.1408195e-05,0.05279599,0.006700802,-8.1906244e-24,27.111,6.6667,0.0
-2.6461017e-05,0.05441408,0.007134338,-3.9722744e-24,27.417,6.6667,0.0
-1.20455325e-05,0.055617724,0.0076496094,-4.9234538e-23,27.722,6.6667,0.0
-2.558788e-05,0.057310194,0.0068667256,-1.3311220000000001e-23,28.028,6.6667,0.0
-1.457191e-05,0.05859357,0.006260368,2.7732045e-23,28.333,6.6667,0.0
-3.3874516e-05,0.05943892,0.004523551,3.0967978e-23,28.639,6.6667,0.0
-6.6171306e-06,0.060542572,0.0026835196,-1.0068036e-23,28.944000000000003,6.6667,0.0
-1.1199899e-05,0.060701847,0.0014022863,6.4491400000000005e-24,29.25,6.6667,0.0
-2.4618266e-05,0.06130333,-5.57818e-05,1.9997712e-23,29.556,6.6667,0.0
-3.743868e-05,0.0607953,2.6574358e-05,-1.7923575999999998e-23,29.861,6.6667,0.0
-2.1030923e-05,0.060268275,-0.0005105475,1.6061990000000002e-23,30.167,6.6667,0.0
8.2554106e-07,0.059782624,-0.0009971197,-7.847891e-24,30.472,6.6667,0.0
-8.441035e-06,0.059442077,-0.0016042031,-7.20148e-24,30.778,6.6667,0.0
-1.7229351e-05,0.058392383,-0.0014752724,-5.0287345999999997e-23,31.083,6.6667,0.0
-1.7564023e-05,0.058002017,-0.0018557423,-1.0862703e-23,31.389,6.6667,0.0
5.3890835e-06,0.05748584,-0.001862987,-2.4389055e-23,31.694000000000003,6.6667,0.0
2.9831863e-06,0.056928523,-0.002131246,3.9004917999999996e-23,32.0,6.6667,0.0
1.8370301e-06,0.056294393,-0.0024590353,5.950359e-24,32.306,6.6667,0.0
-6.3203006e-06,0.05648395,-0.0025275778,-9.865886e-24,32.611,6.6667,0.0
-4.5895194e-06,0.056011334,-0.0035477045,5.759996e-23,32.917,6.6667,0.0
-5.0561357e-06,0.05582069,-0.002919754,-6.120871e-23,33.222,6.6667,0.0
-1.3437584e-05,0.0555463,-0.002965602,-4.6185410000000004e-23,33.528,6.6667,0.0
-1.5283535e-05,0.055228427,-0.0028675157,4.9442116e-23,33.833,6.6667,0.0
-6.765531e-06,0.0553737,-0.0028627533,-5.434936000000001e-25,34.139,6.6667,0.0
-1.1498502e-05,0.054931805,-0.0025077448,-5.664733000000001e-23,34.444,6.6667,0.0
-3.2428943e-06,0.054486237,-0.0028772934,3.140964e-23,34.75,6.6667,0.0
-8.6994005e-06,0.053659722,-0.0031957384,6.7613887e-23,35.056,6.6667,0.0
-7.3243864e-06,0.05322694,-0.0031948318,-3.1274181999999997e-23,35.361,6.6667,0.0
1.9117444e-05,0.052893598,-0.003323953,5.706769e-23,35.667,6.6667,0.0
-1.3497345e-05,0.052466463,-0.003126672,-4.5670755e-23,35.972,6.6667,0.0
8.061514e-06,0.05226048,-0.0028105425,2.4414529e-23,36.278,6.6667,0.0
2.7134956e-07,0.05171377,-0.002974485,-1.6441274999999998e-23,36.583,6.6667,0.0
-8.571027e-06,0.05167067,-0.002468302,3.1547166e-23,36.889,6.6667,0.0
3.3894717e-06,0.051440537,-0.002495042,-3.684306e-23,37.194,6.6667,0.0
4.590498e-06,0.050961062,-0.0019549243,-8.544588e-24,37.5,6.6667,0.0
1.6823971e-05,0.050951738,-0.0016970718,1.5827704999999999e-25,37.806,6.6667,0.0
2.0647769e-05,0.050783522,-0.0015166076,-1.0381864e-23,38.111,6.6667,0.0
-2.3287394e-06,0.050212502,-0.0009806901,5.731043e-24,38.417,6.6667,0.0
-1.5219143e-05,0.04997895,-0.0007752911,1.4634607e-23,38.722,6.6667,0.0
-1.9241976e-05,0.049576156,-0.001430551,-7.7752845e-23,39.028,6.6667,0.0
-1.0260373e-05,0.049197346,-0.0019286377,-6.794806000000001e-23,39.333,6.6667,0.0
3.4734057e-06,0.04901006,-0.002294601,3.3708520000000004e-23,39.639,6.6667,0.0
6.1426663e-06,0.04883075,-0.0031092782,8.7044313e-23,39.944,6.6667,0.0
4.686226e-06,0.048248813,-0.0030135629,2.0940230000000002e-23,40.25,6.6667,0.0
-5.9628164e-06,0.048014667,-0.0029076338,-9.075510000000001e-24,40.556,6.6667,0.0
1.3830722e-06,0.04778921,-0.0014706021,-9.2302305e-23,40.861,6.6667,0.0
-9.860298e-06,0.04771606,-0.00010588486,-5.4223396e-23,41.167,6.6667,0.0
-8.965881e-06,0.04778171,0.0019229827,5.0304082000000004e-24,41.472,6.6667,0.0
3.3185806e-06,0.048274364,0.004208457,4.4974797e-23,41.778,6.6667,0.0
-1.340133e-05,0.048705693,0.0066251964,4.9729740000000005e-23,42.083,6.6667,0.0
-1.9604984e-05,0.049324267,0.008316509,3.1103681e-24,42.389,6.6667,0.0
-1.0139029e-06,0.050369658,0.00989463,1.9954470000000003e-23,42.694,6.6667,0.0
-3.8552407e-06,0.050851583,0.0110140005,-7.188201500000001e-24,43.0,6.6667,0.0
-2.0479656e-05,0.052084498,0.010510628,-3.5626270000000005e-23,43.306,6.6667,0.0
-1.87197e-05,0.053339742,0.009697523,-3.994355e-23,43.611,6.6667,0.0
-8.189643e-06,0.054092176,0.009183712,-2.1008337999999998e-23,43.917,6.6667,0.0
-3.3709875e-06,0.05536457,0.0067677926,8.682473000000001e-23,44.222,6.6667,0.0
3.7118143e-06,0.05651455,0.005366198,-2.6456930000000002e-23,44.528,6.6667,0.0
-8.292971e-06,0.056704823,0.0031120526,-7.198753299999999e-23,44.833,6.6667,0.0
1.980985e-06,0.05759255,0.0018034391,1.3941103e-23,45.139,6.6667,0.0
6.15554e-06,0.05824612,0.00027501816,3.0698275999999997e-23,45.444,6.6667,0.0
-8.658779e-06,0.057877783,-0.00095987984,3.3409080000000004e-23,45.75,6.6667,0.0
-1.8764665e-06,0.05837924,-0.0019494081,8.557992e-24,46.056,6.6667,0.0
-9.416588e-06,0.05790755,-0.002730697,7.323734e-23,46.361,6.6667,0.0
2.5212648e-06,0.057556633,-0.00304374,8.301245e-23,46.667,6.6667,0.0
-4.17071e-06,0.057258695,-0.0030386802,-4.2239576e-23,46.972,6.6667,0.0
2.8422764e-06,0.05700779,-0.0037703689,-4.32191e-24,47.278,6.6667,0.0
3.7868704e-06,0.056681216,-0.004002954,1.4054093e-24,47.583,6.6667,0.0
-1.025918e-05,0.055753928,-0.0034778235,1.3064628e-23,47.889,6.6667,0.0
2.3968387e-06,0.055404972,-0.0031496906,-7.672777e-24,48.194,6.6667,0.0
-2.3070206e-06,0.055167183,-0.0036520895,2.9870680000000005e-23,48.5,6.6667,0.0
-4.9611263e-06,0.054665193,-0.003631194,1.396882e-23,48.806,6.6667,0.0
1.2331166e-06,0.0543892,-0.0031606455,-2.3783967e-23,49.111,6.6667,0.0
6.962664e-07,0.0540922,-0.0029398445,-1.9896360000000002e-23,49.417,6.6667,0.0
1.6393275e-05,0.053742398,-0.0037977453,-9.825193e-24,49.722,6.6667,0.0
3.338895e-06,0.053488314,-0.003385734,1.9863101e-23,50.028,6.6667,0.0
-5.1028665e-06,0.053309627,-0.002968418,-1.3160219e-23,50.333,6.6667,0.0
3.3977194e-06,0.05270091,-0.002852109,2.9057723e-23,50.639,6.6667,0.0
-5.3716394e-06,0.05228675,-0.003287917,2.329929e-24,50.944,6.6667,0.0
7.569306e-06,0.052285388,-0.0025630547,4.3132743e-23,51.25,6.6667,0.0
4.738831e-06,0.0516234,-0.0027698453,-2.0523718e-23,51.556,6.6667,0.0
4.6084533e-06,0.051398557,-0.0024762587,3.9143934e-23,51.861,6.6667,0.0
-6.613558e-06,0.051489137,-0.0018601427,-7.5544854e-24,52.167,6.6667,0.0
4.1869025e-06,0.051297642,-0.0020254175,-1.0946524e-22,52.472,6.6667,0.0
-3.2218159e-06,0.051348396,-0.001737674,-3.6539835e-23,52.778,6.6667,0.0
-3.820569e-06,0.05110569,-0.0016638504,1.6617727e-23,53.083,6.6667,0.0
1.3101751e-05,0.050964266,-0.0019123778,2.2037593e-23,53.389,6.6667,0.0
5.682592e-06,0.05055701,-0.0019508464,4.1782617000000004e-24,53.694,6.6667,0.0
7.753786e-06,0.05068154,-0.0028723064,-1.6203632e-23,54.0,6.6667,0.0
-9.460016e-06,0.05031412,-0.0027478419,-5.0284216e-23,54.306,6.6667,0.0
-9.4188727e-07,0.049888477,-0.0033049625,-4.925925e-24,54.611,6.6667,0.0
5.113022e-06,0.049560048,-0.0038645598,-2.9192176e-23,54.917,6.6667,0.0
-5.693457e-06,0.049205597,-0.003690735,-1.7147258e-23,55.222,6.6667,0.0
-9.16886e-06,0.048849918,-0.003625144,3.1460050000000006e-23,55.528,6.6667,0.0
-1.6119215e-05,0.04883874,-0.0034793364,3.1875736e-23,55.833,6.6667,0.0
1.2949895e-05,0.0486665,-0.0027572108,-1.6658268e-23,56.139,6.6667,0.0
-1.3965098e-05,0.048495837,-0.0016052155,-9.789953e-25,56.444,6.6667,0.0
-9.579382e-06,0.048730545,-0.00017641671,6.762292e-24,56.75,6.6667,0.0
-2.6694215e-06,0.04883168,0.002305313,7.7830784e-23,57.056,6.6667,0.0
-1.3593055e-05,0.048805628,0.003963363,3.0806167e-23,57.361,6.6667,0.0
-1.7648385e-05,0.0491541,0.0061274157,3.8738542e-23,57.667,6.6667,0.0
6.5259646e-06,0.049421415,0.0075874384,1.9375988999999998e-23,57.972,6.6667,0.0
-7.142262e-08,0.049814064,0.009358797,-7.938598e-23,58.278,6.6667,0.0
-1.8766888e-05,0.050369583,0.010493144,-2.2322397e-23,58.583,6.6667,0.0
-6.0017865e-06,0.051027734,0.011194864,6.6483304e-23,58.889,6.6667,0.0
-1.2939847e-05,0.05142883,0.011323564,1.338009e-23,59.194,6.6667,0.0
-1.3951747e-05,0.0520844,0.010680947,-3.1574126000000002e-24,59.5,6.6667,0.0
-6.32308e-07,0.05268188,0.009916765,6.544087e-24,59.806,6.6667,0.0
6.5036147e-06,0.05360931,0.0087151695,-2.9099413e-23,60.111,6.6667,0.0
-6.373375e-06,0.05358211,0.0068899533,-1.336969e-23,60.417,6.6667,0.0
-3.5096054e-06,0.054463726,0.0050952677,-1.8383261e-23,60.722,6.6667,0.0
-1.1846846e-06,0.05495167,0.0027897162,5.2096614e-23,61.028,6.6667,0.0
-3.0407855e-06,0.055261374,0.0005997368,2.2664970999999998e-23,61.333,6.6667,0.0
3.891172e-06,0.055613905,-0.0006352742,-2.5676072e-23,61.639,6.6667,0.0
-8.389294e-06,0.05594557,-0.0023809818,-1.2830046e-23,61.944,6.6667,0.0
-1.2213877e-07,0.056085672,-0.0033978587,-1.8825932e-23,62.25,6.6667,0.0
-5.374972e-06,0.056049317,-0.004438539,-4.3555093e-23,62.556,6.6667,0.0
-2.0886873e-06,0.0564954,-0.005206827,-7.631454600000001e-24,62.861,6.6667,0.0
-1.5266778e-06,0.056167718,-0.0052673193,4.1289660000000006e-23,63.167,6.6667,0.0
-1.9312902e-06,0.056226023,-0.0049457587,1.6277343e-23,63.472,6.6667,0.0
-8.68865e-06,0.055966765,-0.005175597,1.1487329000000001e-24,63.778,6.6667,0.0
-7.2493795e-06,0.05573259,-0.0045081377,1.8207743e-23,64.083,6.6667,0.0
-1.569808e-05,0.05523752,-0.004395755,-3.7679228e-23,64.389,6.6667,0.0
-2.0925654e-07,0.054928772,-0.0036937154,3.7484777e-23,64.694,6.6667,0.0
-2.1202577e-06,0.054630123,-0.003722501,-3.2837086e-23,65.0,6.6667,0.0
-0.00021880184,0.05469416,-0.0013129477,5.0298983e-23,10.306,7.3333,0.0
-0.00019987758,0.054542966,-0.000113034446,2.944559e-24,10.611,7.3333,0.0
-0.0001886811,0.054944642,-3.164471e-05,5.7830244e-23,10.917,7.3333,0.0
-0.00017472405,0.054814316,-0.00016587554,2.0060947e-23,11.222,7.3333,0.0
-0.00017949198,0.05495107,-0.0005090432,1.1199629e-23,11.528,7.3333,0.0
-0.00017467017,0.05526349,0.0004095789,5.297889e-24,11.833,7.3333,0.0
-0.00015656985,0.05568707,0.00043764757,-1.73922e-23,12.139,7.3333,0.0
-0.00015884504,0.055998787,0.000890214,-6.590520000000001e-23,12.444,7.3333,0.0
-0.00013145081,0.056258902,0.0013758824,-2.4147170999999998e-23,12.75,7.3333,0.0
-0.00013189393,0.05664451,0.001664412,-6.447162e-23,13.056,7.3333,0.0
-0.00011002103,0.056668617,0.000701522,1.7281027e-23,13.361,7.3333,0.0
-0.00012201233,0.05703908,0.00095197605,-4.8219320000000004e-23,13.667,7.3333,0.0
-0.000107206004,0.057536647,0.0010766682,-1.6126059e-23,13.972,7.3333,0.0
-9.821169e-05,0.057660364,0.0010180199,3.345e-23,14.278,7.3333,0.0
-0.00010981877,0.057720024,0.00084695907,-2.5065808999999998e-23,14.583,7.3333,0.0
-9.515195e-05,0.057941694,0.00026520668,1.6825658e-23,14.889,7.3333,0.0
-7.863947e-05,0.058056768,0.00022737868,-1.0542716e-24,15.194,7.3333,0.0
-8.900016e-05,0.05831708,0.0002331147,-4.3979374000000004e-24,15.5,7.3333,0.0
-7.046707e-05,0.058155727,3.5830424e-05,-2.8668340000000003e-23,15.806,7.3333,0.0
-5.7920948e-05,0.05774719,-0.00032401597,1.1488188e-23,16.111,7.3333,0.0
-7.139286e-05,0.057796836,-0.0008203755,-4.5103255e-23,16.417,7.3333,0.0
-8.254075e-05,0.057341278,-0.0007885238,-1.2618493e-24,16.722,7.3333,0.0
-6.7541754e-05,0.057135988,-0.0013605431,-1.5959275e-23,17.028,7.3333,0.0
-5.619388e-05,0.056897316,-0.0008137056,9.636621299999999e-23,17.333,7.3333,0.0
-5.954681e-05,0.05650567,-0.0016518855,-4.1865720000000006e-23,17.639,7.3333,0.0
-5.1985553e-05,0.05631204,-0.0014537929,-3.5943683999999997e-23,17.944000000000003,7.3333,0.0
-6.2962245e-05,0.055896264,-0.0018785277,2.8471870000000005e-23,18.25,7.3333,0.0
-3.5469875e-05,0.0554047,-0.0014124229,-1.6296887e-23,18.556,7.3333,0.0
-3.1578224e-05,0.055412717,-0.0016406089,4.5193324e-23,18.861,7.3333,0.0
-3.7930815e-05,0.054872386,-0.0017002898,3.478898e-23,19.167,7.3333,0.0
-3.0138905e-05,0.054454967,-0.0021673725,-4.8382392e-23,19.472,7.3333,0.0
-3.5166307e-05,0.05384531,-0.001909055,7.666254000000001e-23,19.778,7.3333,0.0
-3.211407e-05,0.05349695,-0.001703294,-4.3756965999999997e-23,20.083,7.3333,0.0
-2.6163629e-05,0.05305067,-0.0021641855,-5.669469000000001e-23,20.389,7.3333,0.0
-2.5078269e-05,0.05270702,-0.0016175709,-4.3053946e-23,20.694000000000003,7.3333,0.0
-3.600179e-05,0.052195027,-0.0016854011,-1.8514174e-23,21.0,7.3333,0.0
-3.489098e-05,0.051949944,-0.0025072873,7.4447265e-24,21.306,7.3333,0.0
-1.6183643e-05,0.05161081,-0.0025047995,-2.4920266e-23,21.611,7.3333,0.0
-1.6810323e-05,0.051391155,-0.0021276725,-2.4048873e-23,21.917,7.3333,0.0
-2.2899629e-05,0.051120356,-0.0020442721,-8.5584794e-23,22.222,7.3333,0.0
-1.6313654e-05,0.05095142,-0.0023755622,1.2488084999999999e-23,22.528,7.3333,0.0
-8.953182e-06,0.051000185,-0.0017487952,-1.6689149e-23,22.833,7.3333,0.0
-1.5552623e-05,0.05084326,-0.0012195958,-4.3298215e-23,23.139,7.3333,0.0
-8.098039e-06,0.050527036,-0.00071587414,3.2975547e-23,23.444000000000003,7.3333,0.0
-2.024893e-05,0.050153956,-0.0007629815,7.384331000000001e-23,23.75,7.3333,0.0
6.980117e-07,0.049660858,-0.0011751419,3.7913084e-23,24.056,7.3333,0.0
-2.3881883e-05,0.04921826,-4.67496e-05,1.7555424e-23,24.361,7.3333,0.0
-1.3463508e-05,0.0489885,-0.000409225,-9.604837e-23,24.667,7.3333,0.0
-8.846337e-06,0.04912076,-0.00018388033,6.1521053e-24,24.972,7.3333,0.0
-1.30325425e-05,0.049149815,0.00015284773,-1.1713714000000002e-22,25.278,7.3333,0.0
-2.1090831e-05,0.049714167,0.001175995,-7.0188274e-23,25.583,7.3333,0.0
-4.0135947e-06,0.05011303,0.0013451874,-2.2058217e-23,25.889,7.3333,0.0
1.2736173e-05,0.050430343,0.001556227,6.764948000000001e-23,26.194000000000003,7.3333,0.0
-1.6192484e-05,0.05144895,0.002552818,2.1815324e-23,26.5,7.3333,0.0
-1.44830265e-05,0.05230394,0.0037189554,1.5859613e-23,26.806,7.3333,0.0
-1.6805643e-06,0.053343754,0.0036760196,-3.66087e-23,27.111,7.3333,0.0
-8.900051e-06,0.05478271,0.0042043934,2.9194770000000004e-23,27.417,7.3333,0.0
-1.2219267e-05,0.055801556,0.004183037,-9.087577e-24,27.722,7.3333,0.0
-5.6578683e-06,0.05680625,0.0038336855,-3.6784293999999996e-23,28.028,7.3333,0.0
-1.9993746e-05,0.05785087,0.0035645035,7.905502000000001e-23,28.333,7.3333,0.0
-1.4786174e-05,0.058057394,0.0024071378,2.9589567e-23,28.639,7.3333,0.0
-1.7762559e-05,0.059012793,0.0021716782,-2.5001085e-23,28.944000000000003,7.3333,0.0
-1.909762e-05,0.059001245,0.0013146303,-3.4530903e-24,29.25,7.3333,0.0
-2.3160472e-05,0.059124302,0.001083828,1.7325228e-23,29.556,7.3333,0.0
-4.2247957e-06,0.058875356,0.00045127817,-3.2062437e-23,29.861,7.3333,0.0
-4.4616295e-06,0.058571167,0.00024113778,-7.912717e-24,30.167,7.3333,0.0
3.6046986e-06,0.058387917,-0.00038798247,6.2193844e-23,30.472,7.3333,0.0
-1.8226401e-05,0.05790507,-0.0002893461,3.9724333999999997e-23,30.778,7.3333,0.0
-1.6830352e-05,0.05741874,-0.0010586241,4.0913236e-23,31.083,7.3333,0.0
-9.95944e-06,0.056870226,-0.00065945135,-1.5288049e-23,31.389,7.3333,0.0
1.3017536e-05,0.05668761,-0.0014913697,-2.5446911e-23,31.694000000000003,7.3333,0.0
-4.6335545e-06,0.056808315,-0.0020148112,-2.7455894e-23,32.0,7.3333,0.0
-1.308147e-05,0.056477558,-0.0018218374,1.5191113e-23,32.306,7.3333,0.0
2.903098e-07,0.05641444,-0.0016218117,-7.719356e-23,32.611,7.3333,0.0
-8.125129e-06,0.05652473,-0.0021303531,-3.9159106e-23,32.917,7.3333,0.0
6.0003185e-06,0.056017295,-0.00205064,-1.4561236000000001e-24,33.222,7.3333,0.0
-8.1131293e-07,0.056019276,-0.0021860527,-1.19447425e-23,33.528,7.3333,0.0
6.1556893e-06,0.0557375,-0.0019170986,8.754723000000001e-23,33.833,7.3333,0.0
1.1695905e-05,0.055133045,-0.0015303466,3.8196115e-23,34.139,7.3333,0.0
-2.1260485e-05,0.05439829,-0.0015669293,4.5177755e-23,34.444,7.3333,0.0
-4.1484527e-06,0.05444557,-0.0018155705,3.5679333e-23,34.75,7.3333,0.0
-2.033582e-06,0.053552173,-0.001970191,-3.319658e-23,35.056,7.3333,0.0
8.965634e-06,0.05314459,-0.002253091,-2.4420862e-24,35.361,7.3333,0.0
8.2844326e-07,0.052988745,-0.0027767667,2.6063409e-23,35.667,7.3333,0.0
-9.739731e-06,0.052326262,-0.0023453182,-2.5836596e-23,35.972,7.3333,0.0
1.4609468e-06,0.052314527,-0.0026506688,2.1474465e-23,36.278,7.3333,0.0
8.8773595e-07,0.052047923,-0.0025368975,2.089449e-23,36.583,7.3333,0.0
-5.722326e-06,0.051822495,-0.0021607645,-1.7476639e-23,36.889,7.3333,0.0
6.7413876e-06,0.051566087,-0.001842876,-2.6850654e-23,37.194,7.3333,0.0
-1.0048985e-05,0.051462047,-0.001422924,2.9075867e-23,37.5,7.3333,0.0
5.7831758e-06,0.051212788,-0.0012443317,1.0320371e-23,37.806,7.3333,0.0
-2.5171961e-05,0.050756678,-0.00078629237,1.4932518e-23,38.111,7.3333,0.0
-7.849303e-08,0.05032495,-0.0006962451,2.1004128e-23,38.417,7.3333,0.0
-1.3935598e-05,0.050227746,-0.000701949,7.302787e-23,38.722,7.3333,0.0
6.5182685e-06,0.049719278,-0.001205666,-7.753859e-24,39.028,7.3333,0.0
-1.1695351e-05,0.04931192,-0.0013311282,6.2377516e-23,39.333,7.3333,0.0
-2.0070991e-05,0.04915166,-0.0019479711,-2.0207865e-23,39.639,7.3333,0.0
-3.150797e-06,0.04895451,-0.0025576726,1.314188e-23,39.944,7.3333,0.0
1.4543011e-06,0.04847357,-0.0019977735,2.667014e-23,40.25,7.3333,0.0
-1.7617045e-05,0.04850982,-0.0011503804,-5.8003175e-23,40.556,7.3333,0.0
-7.807204e-06,0.04844383,-0.0010184457,1.9650083e-23,40.861,7.3333,0.0
-6.4564774e-06,0.04830312,0.00024701748,-6.855945e-23,41.167,7.3333,0.0
-2.9390358e-06,0.048705675,0.0019539064,-2.899777e-24,41.472,7.3333,0.0
-3.5757384e-06,0.049524806,0.0044154264,-5.892006000000001e-23,41.778,7.3333,0.0
7.8906305e-07,0.050247274,0.005985935,4.7622965e-24,42.083,7.3333,0.0
-1.9093786e-06,0.050964266,0.0064987205,3.8652247e-23,42.389,7.3333,0.0
-6.2608196e-06,0.052031815,0.008304426,-3.0869932e-23,42.694,7.3333,0.0
-1.034661e-05,0.053067613,0.008498773,6.8357057e-23,43.0,7.3333,0.0
-7.723633e-06,0.054678902,0.007685455,-1.2129730000000002e-23,43.306,7.3333,0.0
-9.580852e-06,0.055515178,0.0075133583,5.6836406e-23,43.611,7.3333,0.0
-4.078116e-06,0.056400493,0.005636787,9.627101e-25,43.917,7.3333,0.0
3.6039196e-06,0.057308733,0.0040519647,4.4926146e-23,44.222,7.3333,0.0
-6.6790944e-06,0.057691723,0.0033217163,3.0957048e-23,44.528,7.3333,0.0
-5.792404e-06,0.058081053,0.0013298496,1.6427189e-23,44.833,7.3333,0.0
-1.2784517e-05,0.05815634,0.00012234692,4.4363114e-23,45.139,7.3333,0.0
-6.080827e-06,0.05805158,-0.00031295,2.999196e-23,45.444,7.3333,0.0
1.858796e-05,0.058351,-0.0010933313,-5.960234e-23,45.75,7.3333,0.0
8.739553e-07,0.058088772,-0.0013999721,-4.4976185e-23,46.056,7.3333,0.0
6.2095623e-06,0.057662338,-0.0019593225,1.5576128e-23,46.361,7.3333,0.0
-2.2607928e-06,0.057513304,-0.0024896665,-6.1868404e-23,46.667,7.3333,0.0
5.18006e-06,0.05679874,-0.0024965291,-1.5809277000000001e-24,46.972,7.3333,0.0
1.0545782e-05,0.056495007,-0.0026198165,-5.637445e-23,47.278,7.3333,0.0
-1.2256467e-05,0.05624672,-0.00256892,1.6696967e-23,47.583,7.3333,0.0
3.697718e-06,0.055560797,-0.0025483468,1.4327607e-23,47.889,7.3333,0.0
-1.3284254e-05,0.055298455,-0.002911432,1.5502568e-24,48.194,7.3333,0.0
-8.161938e-06,0.055055566,-0.0031433315,2.9587862999999997e-23,48.5,7.3333,0.0
-4.0110754e-06,0.054624587,-0.0029843496,6.047612000000001e-23,48.806,7.3333,0.0
-8.666304e-06,0.054398257,-0.0031190095,4.264322e-23,49.111,7.3333,0.0
-1.8973042e-06,0.054072928,-0.002652597,-1.0593011e-22,49.417,7.3333,0.0
2.0202606e-06,0.053662002,-0.0025341264,2.3243149e-23,49.722,7.3333,0.0
-8.094911e-06,0.05370979,-0.0024730447,2.3498093e-23,50.028,7.3333,0.0
2.4916517e-08,0.05344232,-0.0020529316,-4.1294508e-23,50.333,7.3333,0.0
1.9582149e-07,0.05267376,-0.0021962966,-7.274787e-24,50.639,7.3333,0.0
1.4335817e-05,0.05279377,-0.0018522011,-3.4077882e-23,50.944,7.3333,0.0
4.4541957e-06,0.052160755,-0.0012110213,-1.62566e-23,51.25,7.3333,0.0
-2.379973e-06,0.05233985,-0.002196425,2.085964e-23,51.556,7.3333,0.0
1.129165e-05,0.05200888,-0.0019444247,-2.1238824e-23,51.861,7.3333,0.0
-7.2223593e-06,0.051958576,-0.001068349,-2.1500763999999998e-23,52.167,7.3333,0.0
2.494753e-06,0.051923744,-0.0007906532,-2.0871063e-23,52.472,7.3333,0.0
1.7927994e-05,0.051565684,-0.0011517239,4.529652e-23,52.778,7.3333,0.0
-1.2675679e-05,0.051497564,-0.0016351996,-1.1692913e-23,53.083,7.3333,0.0
-1.4753458e-05,0.051051237,-0.0013248441,5.1975887e-23,53.389,7.3333,0.0
8.431054e-06,0.050960712,-0.0015887921,3.3845945e-23,53.694,7.3333,0.0
3.7812642e-06,0.05061067,-0.002078494,-1.1634417e-23,54.0,7.3333,0.0
-1.6055164e-06,0.04989053,-0.002247638,1.6788677e-23,54.306,7.3333,0.0
7.0552596e-06,0.049856663,-0.0022824248,6.3946453000000004e-24,54.611,7.3333,0.0
1.8933792e-06,0.049673453,-0.0030712304,3.6551775e-23,54.917,7.3333,0.0
8.645982e-06,0.04913012,-0.004023427,2.2585908e-23,55.222,7.3333,0.0
6.883284e-06,0.048795052,-0.0031986292,-3.760077e-23,55.528,7.3333,0.0
9.309384e-06,0.048863158,-0.0027388046,2.9332500000000004e-24,55.833,7.3333,0.0
-1.2080885e-05,0.048966885,-0.0019334811,-8.807519699999999e-23,56.139,7.3333,0.0
5.0591043e-06,0.04887741,-0.00092438003,2.2151315e-23,56.444,7.3333,0.0
2.4564724e-06,0.04913339,0.0010553575,-6.4444155e-23,56.75,7.3333,0.0
-1.1047217e-05,0.048933912,0.0018923539,2.2597015e-23,57.056,7.3333,0.0
9.226098e-06,0.04956127,0.0041829254,3.2487438000000002e-24,57.361,7.3333,0.0
-2.026587e-06,0.049945854,0.0061963387,-3.4669793e-23,57.667,7.3333,0.0
-8.074323e-06,0.05030996,0.007800102,9.323715000000001e-23,57.972,7.3333,0.0
-1.4345893e-05,0.05080357,0.009256301,-4.0004967e-24,58.278,7.3333,0.0
-2.0084553e-07,0.051465414,0.010049891,-5.0902810000000007e-23,58.583,7.3333,0.0
-8.616891e-06,0.05221597,0.010350172,5.378305e-23,58.889,7.3333,0.0
1.1343474e-05,0.05305762,0.00932549,4.9636264000000004e-24,59.194,7.3333,0.0
9.618547e-06,0.05376862,0.008958959,-6.159103000000001e-23,59.5,7.3333,0.0
1.52466255e-05,0.054164078,0.0074357716,-9.677039e-24,59.806,7.3333,0.0
4.5804445e-06,0.05470313,0.005896087,1.3333138e-23,60.111,7.3333,0.0
-1.0612348e-06,0.05524776,0.0039408216,5.700781000000001e-23,60.417,7.3333,0.0
-1.3416026e-05,0.055688567,0.002096714,1.1772077e-24,60.722,7.3333,0.0
6.14928e-07,0.056003064,0.00033606007,3.6378478e-23,61.028,7.3333,0.0
-2.4083656e-06,0.05687724,-0.00045881607,-1.6525437e-24,61.333,7.3333,0.0
5.565598e-07,0.05713553,-0.0018497058,-1.09971e-23,61.639,7.3333,0.0
-9.3078215e-06,0.056492914,-0.0033542314,9.888504000000001e-23,61.944,7.3333,0.0
3.6760262e-06,0.056878112,-0.0040921434,-4.2531290000000003e-23,62.25,7.3333,0.0
-6.067603e-06,0.057177864,-0.0046220277,5.624666599999999e-23,62.556,7.3333,0.0
-5.4869306e-06,0.056907404,-0.0037786441,-1.929377e-24,62.861,7.3333,0.0
4.3272576e-06,0.056428917,-0.004736624,-9.325257e-24,63.167,7.3333,0.0
1.0476873e-05,0.056187946,-0.003909638,2.3743930000000002e-23,63.472,7.3333,0.0
7.793675e-06,0.05587376,-0.003831657,-1.7845383999999998e-23,63.778,7.3333,0.0
6.2981453e-06,0.055479914,-0.0028793633,-2.0012024999999998e-23,64.083,7.3333,0.0
1.7336271e-05,0.055032685,-0.0030742893,-1.331779e-23,64.389,7.3333,0.0
8.651114e-09,0.05467166,-0.0023710495,-5.8009675999999995e-25,64.694,7.3333,0.0
-2.5393965e-06,0.054003045,-0.0028458487,4.7273795999999997e-23,65.0,7.3333,0.0
-0.0002044933,0.054861885,-0.0009367394,1.7549012e-23,10.306,8.0,0.0
-0.00019967477,0.0550425,0.00016676215,-7.989428e-23,10.611,8.0,0.0
-0.00018856877,0.05479478,-0.00030382365,2.6107838e-23,10.917,8.0,0.0
-0.0001963374,0.054965936,-0.00022291485,4.4277677e-23,11.222,8.0,0.0
-0.00016947939,0.05492713,-2.0131934e-05,-8.035123e-24,11.528,8.0,0.0
-0.00016841141,0.05512137,6.222149e-05,4.578579e-23,11.833,8.0,0.0
-0.0001507614,0.05519715,0.0004889113,-2.1467619e-23,12.139,8.0,0.0
-0.00015760027,0.055417135,0.00075007696,2.7131287e-23,12.444,8.0,0.0
-0.00013809545,0.055703655,0.00048484467,-4.926329e-24,12.75,8.0,0.0
-0.00014614974,0.05582069,0.00030873972,-7.321149000000001e-23,13.056,8.0,0.0
-0.00012617245,0.056195114,0.000989385,-4.460232e-24,13.361,8.0,0.0
-0.0001227278,0.05641821,0.0012847802,7.9845345e-24,13.667,8.0,0.0
-0.0001329136,0.056583524,0.00056239153,-7.059081000000001e-23,13.972,8.0,0.0
-9.60127e-05,0.056639526,0.00043004146,6.2951454e-23,14.278,8.0,0.0
-0.0001001794,0.05681076,0.00018936582,6.110311000000001e-23,14.583,8.0,0.0
-9.035423e-05,0.057229005,0.0003673667,2.1406429e-23,14.889,8.0,0.0
-7.109008e-05,0.05700445,0.000116664916,-9.586465e-24,15.194,8.0,0.0
-9.659288e-05,0.057332218,-0.00012144679,-4.2639383e-23,15.5,8.0,0.0
-7.202291e-05,0.056963317,-0.00033104443,2.2901604e-23,15.806,8.0,0.0
-6.117338e-05,0.056804087,-0.0002710689,-3.8947918e-23,16.111,8.0,0.0
-7.072122e-05,0.056823984,-0.00025241752,2.4844246999999998e-23,16.417,8.0,0.0
-6.104334e-05,0.056990363,-0.00036713103,-5.6621533000000006e-24,16.722,8.0,0.0
-6.7734814e-05,0.056517117,-0.0008720015,-7.282239000000001e-23,17.028,8.0,0.0
-5.5974873e-05,0.05645151,-0.00077818136,-3.1543506e-23,17.333,8.0,0.0
-6.0587536e-05,0.056118973,-0.0006289865,-3.5866033999999997e-25,17.639,8.0,0.0
-5.5021417e-05,0.056201573,-0.00063737296,-3.5066622e-23,17.944000000000003,8.0,0.0
-4.674626e-05,0.055529602,-0.0009577526,8.183065000000001e-23,18.25,8.0,0.0
-4.2687425e-05,0.055350393,-0.0008675838,6.082844e-23,18.556,8.0,0.0
-2.6917223e-05,0.054927327,-0.0011920808,-4.4127516e-23,18.861,8.0,0.0
-3.9956012e-05,0.054882728,-0.0013316324,4.1240940000000006e-23,19.167,8.0,0.0
-3.389055e-05,0.05471197,-0.0015003085,-2.2879137e-23,19.472,8.0,0.0
-2.4180095e-05,0.054145392,-0.0014208951,-7.3662695e-24,19.778,8.0,0.0
-3.7816542e-05,0.05359631,-0.0015570733,-8.579171600000001e-24,20.083,8.0,0.0
-5.0002927e-05,0.053613193,-0.0013443443,-1.9800581999999998e-23,20.389,8.0,0.0
-4.7003294e-05,0.05305609,-0.0016153727,-3.2279734e-23,20.694000000000003,8.0,0.0
-2.7080408e-05,0.052621715,-0.0010067783,2.2645887e-23,21.0,8.0,0.0
-2.8002829e-05,0.052297264,-0.0013737881,-3.5368837e-23,21.306,8.0,0.0
-3.317836e-05,0.052193068,-0.0016336627,4.0133658e-23,21.611,8.0,0.0
-9.380314e-06,0.051852755,-0.0011978219,-1.24452716e-23,21.917,8.0,0.0
-1.5126658e-05,0.051850736,-0.0012519173,4.3671542e-23,22.222,8.0,0.0
-2.2625145e-05,0.05171848,-0.0015345705,2.3605672e-23,22.528,8.0,0.0
-1.8744347e-05,0.05135972,-0.00087895384,1.9977795e-23,22.833,8.0,0.0
-2.0840731e-05,0.05116777,-0.0012017294,-5.2868574e-24,23.139,8.0,0.0
-1.9850786e-05,0.050985843,-0.0008818371,-5.0005625e-23,23.444000000000003,8.0,0.0
-1.9656065e-05,0.05063453,-0.00036648847,-4.2984286e-23,23.75,8.0,0.0
-2.1065995e-05,0.05019429,-0.00027934927,5.217867e-24,24.056,8.0,0.0
-9.163656e-06,0.050296452,-4.2242813e-05,6.3006964e-23,24.361,8.0,0.0
1.1576768e-05,0.050009206,0.00045473874,-3.9730316999999997e-23,24.667,8.0,0.0
-8.363662e-06,0.050237734,-0.00044530607,-6.210423e-23,24.972,8.0,0.0
-6.078255e-06,0.050485797,0.000859017,2.8287536e-23,25.278,8.0,0.0
-1.1608879e-05,0.050459158,0.0006853058,-1.5661653e-23,25.583,8.0,0.0
1.7677376e-06,0.05104501,0.0012247508,-6.434510000000001e-23,25.889,8.0,0.0
-1.3520643e-05,0.0513601,0.0013797823,-3.631398e-24,26.194000000000003,8.0,0.0
-9.078176e-07,0.05170957,0.0014770457,4.5712533e-24,26.5,8.0,0.0
-1.0045432e-05,0.052552283,0.001979033,-2.3516385e-24,26.806,8.0,0.0
1.5452861e-06,0.053025372,0.0016062302,4.8243450000000004e-23,27.111,8.0,0.0
-1.4958543e-05,0.054041237,0.0023122923,2.9763154e-24,27.417,8.0,0.0
-1.3852317e-05,0.054709315,0.0023057214,-4.6256582e-23,27.722,8.0,0.0
-2.453266e-05,0.054904975,0.0026085568,-9.77256e-24,28.028,8.0,0.0
-7.3662836e-06,0.05594255,0.0019200663,-3.0577448e-23,28.333,8.0,0.0
-1.3951198e-05,0.05626705,0.001806727,1.821423e-24,28.639,8.0,0.0
-8.181464e-06,0.05630845,0.0009450135,1.6682654e-23,28.944000000000003,8.0,0.0
-1.7578312e-05,0.0567945,0.0016814945,-1.489854e-23,29.25,8.0,0.0
-2.0528387e-07,0.057266764,0.0007655391,8.178606999999999e-24,29.556,8.0,0.0
-5.1484676e-07,0.056866158,0.0007116883,-9.714793000000001e-23,29.861,8.0,0.0
-7.026183e-07,0.05695466,-4.430057e-05,3.7725915999999997e-23,30.167,8.0,0.0
8.517827e-06,0.05676984,0.00023295326,4.4254642e-23,30.472,8.0,0.0
-1.8443163e-05,0.05658367,-3.0215364e-05,-9.283795e-24,30.778,8.0,0.0
-6.3948437e-06,0.05657251,0.00024439394,4.0738292e-23,31.083,8.0,0.0
-1.2153061e-05,0.05623143,-0.0007197266,2.3879110000000003e-23,31.389,8.0,0.0
-1.5116424e-05,0.055888973,-0.00032694987,1.2980233e-24,31.694000000000003,8.0,0.0
-1.612489e-05,0.056211025,-0.00082985265,2.771373e-23,32.0,8.0,0.0
-3.2848839e-06,0.056035552,-0.0010995185,-3.889273e-23,32.306,8.0,0.0
-1.6986653e-05,0.056085438,-0.0008035442,-3.6037943e-23,32.611,8.0,0.0
2.2459444e-06,0.05599521,-0.0012855671,1.09411915e-23,32.917,8.0,0.0
-1.9754589e-06,0.055879027,-0.0015680944,1.7177528e-23,33.222,8.0,0.0
-1.9952888e-05,0.055673167,-0.0013599736,-3.7832189999999996e-24,33.528,8.0,0.0
-1.32568875e-05,0.05524072,-0.001691937,-2.85656e-24,33.833,8.0,0.0
3.731875e-07,0.05468372,-0.0013033184,5.1449887e-23,34.139,8.0,0.0
-1.2954476e-05,0.054700933,-0.0011564624,-1.3619646e-23,34.444,8.0,0.0
1.9907387e-05,0.05432387,-0.0016707422,-5.683060000000001e-23,34.75,8.0,0.0
-1.5427782e-05,0.05379187,-0.0015297872,9.570839000000001e-23,35.056,8.0,0.0
1.09610755e-05,0.053146794,-0.0018562195,-3.1841556e-23,35.361,8.0,0.0
-4.5042334e-06,0.053118035,-0.0018160935,-1.8765146e-23,35.667,8.0,0.0
1.6161557e-06,0.0525821,-0.0022261934,4.3955960000000005e-23,35.972,8.0,0.0
1.7837076e-05,0.052435566,-0.0020801339,-6.6153143e-23,36.278,8.0,0.0
5.050315e-07,0.05207728,-0.0010369401,3.881091e-23,36.583,8.0,0.0
9.534626e-06,0.05160775,-0.0013808112,-3.7521606999999997e-23,36.889,8.0,0.0
3.8319595e-06,0.051883377,-0.0010354124,7.612288000000001e-23,37.194,8.0,0.0
1.325067e-05,0.051516205,-0.0012087822,1.624536e-23,37.5,8.0,0.0
1.061366e-05,0.05097703,-0.0012220559,5.9563164e-23,37.806,8.0,0.0
2.0614185e-05,0.051162705,-0.0001605004,-3.8707183e-23,38.111,8.0,0.0
-2.4698625e-06,0.050391786,-0.00042198785,-3.5852630000000006e-23,38.417,8.0,0.0
6.8847294e-06,0.050318465,-0.00066328654,-3.4367980000000004e-23,38.722,8.0,0.0
-8.564639e-07,0.050073847,-0.0008927956,-3.1574707e-23,39.028,8.0,0.0
-6.3822154e-07,0.04960271,-0.0012088884,-2.740797e-23,39.333,8.0,0.0
2.5830972e-05,0.049390823,-0.0011973009,-1.3835727e-22,39.639,8.0,0.0
4.3062087e-06,0.049113154,-0.0012259036,1.3136743e-25,39.944,8.0,0.0
9.917634e-06,0.048627414,-0.0011834707,4.0396406e-23,40.25,8.0,0.0
1.731889e-05,0.048986167,-0.0011169072,-5.2571104e-23,40.556,8.0,0.0
-1.9516632e-05,0.048688572,-0.00045955135,-5.1287546e-23,40.861,8.0,0.0
-3.9797524e-06,0.04939619,0.00012453273,-1.2538976e-24,41.167,8.0,0.0
-2.9125658e-07,0.05000922,0.0014441893,-1.6525638999999998e-23,41.472,8.0,0.0
-4.7451613e-07,0.050540704,0.0024066716,-5.501695000000001e-23,41.778,8.0,0.0
-7.856943e-08,0.05157207,0.0034070401,3.4341677e-23,42.083,8.0,0.0
6.7872115e-06,0.05204994,0.004456419,5.9261756e-24,42.389,8.0,0.0
6.507865e-06,0.053428408,0.005028169,2.4245873e-23,42.694,8.0,0.0
-2.5962763e-06,0.05476854,0.0048653865,-3.492334e-23,43.0,8.0,0.0
3.8925073e-06,0.055544592,0.0051485514,-2.7396873999999997e-23,43.306,8.0,0.0
1.3616351e-05,0.056181364,0.004550623,-1.7759291e-23,43.611,8.0,0.0
-1.2611654e-05,0.05688725,0.0038473245,1.8660688e-23,43.917,8.0,0.0
-1.0848526e-06,0.0576213,0.0034461603,-4.0875768e-23,44.222,8.0,0.0
-7.064744e-06,0.057708975,0.001030117,7.684894e-24,44.528,8.0,0.0
-6.0411558e-06,0.058294334,0.00093290955,-2.8959400000000003e-24,44.833,8.0,0.0
-1.2360462e-05,0.05791791,5.3217344e-05,-5.6069456e-23,45.139,8.0,0.0
4.6195946e-06,0.057651445,-5.650206e-05,-6.2735268e-24,45.444,8.0,0.0
-5.3586245e-07,0.057037067,-0.0005105253,7.665354999999999e-24,45.75,8.0,0.0
-7.5485386e-06,0.05699854,-0.0010995076,2.6448196e-23,46.056,8.0,0.0
-5.6920944e-06,0.05692696,-0.00087532535,-3.6455370000000005e-23,46.361,8.0,0.0
1.02027325e-05,0.056311067,-0.001526156,5.802913000000001e-23,46.667,8.0,0.0
1.3046883e-06,0.056038074,-0.0012562624,5.461063000000001e-23,46.972,8.0,0.0
-1.7977227e-05,0.055436928,-0.001669006,-3.5558063e-25,47.278,8.0,0.0
-1.0632455e-05,0.055675548,-0.001771491,4.7099313e-23,47.583,8.0,0.0
-2.8311824e-06,0.055276856,-0.0017827414,6.860799999999999e-23,47.889,8.0,0.0
-1.2821984e-06,0.054886386,-0.0022473594,-7.231348000000001e-23,48.194,8.0,0.0
-7.420327e-06,0.05473449,-0.0020331424,-4.0056785e-23,48.5,8.0,0.0
-2.867846e-06,0.05446469,-0.001564381,-5.3183109999999995e-24,48.806,8.0,0.0
-1.8969513e-06,0.054244153,-0.00232035,1.897196e-23,49.111,8.0,0.0
1.6451522e-05,0.053782463,-0.002155419,4.5607318e-23,49.417,8.0,0.0
2.2105765e-05,0.053496715,-0.0016334339,8.457700000000001e-24,49.722,8.0,0.0
4.9493383e-07,0.053483978,-0.0020165555,-4.0761768e-23,50.028,8.0,0.0
6.4918477e-06,0.053432226,-0.0019351365,-2.8565045e-23,50.333,8.0,0.0
2.3377492e-05,0.0528341,-0.0013151582,-3.916279e-23,50.639,8.0,0.0
1.0244434e-05,0.052560024,-0.0014032263,-3.576607e-23,50.944,8.0,0.0
1.3444968e-05,0.052799255,-0.001483915,-2.228137e-23,51.25,8.0,0.0
2.0730952e-06,0.05241742,-0.0010362025,2.0925287e-23,51.556,8.0,0.0
2.8280392e-06,0.052333694,-0.0009657799,4.474809e-23,51.861,8.0,0.0
1.24453345e-05,0.051562708,-0.0011924251,-3.6148914e-23,52.167,8.0,0.0
-1.279368e-07,0.051767692,-0.00092397537,1.4765179e-23,52.472,8.0,0.0
-1.6263992e-05,0.051375445,-0.0010629867,3.5935618e-23,52.778,8.0,0.0
8.1364105e-06,0.051424846,-0.0009730514,1.3842754e-23,53.083,8.0,0.0
-5.815815e-06,0.05081965,-0.0011784516,-1.7105635e-23,53.389,8.0,0.0
7.8374e-06,0.050312094,-0.000947081,3.81531e-25,53.694,8.0,0.0
-1.2796292e-05,0.050177716,-0.0015426415,-6.393191e-23,54.0,8.0,0.0
7.4615855e-06,0.049653754,-0.0015808358,2.9035432999999997e-23,54.306,8.0,0.0
-1.0062236e-06,0.049516678,-0.0020732586,-5.7176134e-24,54.611,8.0,0.0
9.179617e-06,0.04906695,-0.0021318137,-4.8497150000000004e-23,54.917,8.0,0.0
4.283311e-06,0.04883171,-0.0021885044,-2.3520588e-23,55.222,8.0,0.0
1.5880596e-05,0.048878565,-0.002789528,-5.424849000000001e-23,55.528,8.0,0.0
-1.3339522e-06,0.048660867,-0.002331127,6.7085615e-23,55.833,8.0,0.0
8.061879e-07,0.049024187,-0.0013361727,6.2774648000000005e-24,56.139,8.0,0.0
-7.3490046e-06,0.04930544,-2.9782881e-05,-1.7846785e-23,56.444,8.0,0.0
1.9079562e-06,0.049629137,0.0006659012,6.41586e-23,56.75,8.0,0.0
-2.3088796e-05,0.049659833,0.0027037011,4.5140666e-23,57.056,8.0,0.0
-6.2898216e-06,0.050139572,0.004113702,-4.7275715e-23,57.361,8.0,0.0
-5.752323e-06,0.050583906,0.005832496,1.2975285e-23,57.667,8.0,0.0
-1.1125652e-05,0.051540658,0.007159056,-7.6617554e-23,57.972,8.0,0.0
-1.9922663e-07,0.052415755,0.00782223,-7.756623e-24,58.278,8.0,0.0
-1.3125888e-05,0.053104937,0.00809008,-3.5223737999999997e-23,58.583,8.0,0.0
-9.433519e-06,0.053742647,0.0077935597,1.7466920000000002e-23,58.889,8.0,0.0
-1.66405e-05,0.054185268,0.007283036,4.3482972e-23,59.194,8.0,0.0
-7.994619e-06,0.055218376,0.0065112775,1.0657826e-24,59.5,8.0,0.0
-5.016006e-06,0.056024082,0.0049888166,-7.197562000000001e-23,59.806,8.0,0.0
1.5789446e-06,0.056189988,0.0033185724,4.0656250000000005e-23,60.111,8.0,0.0
2.2760432e-06,0.05689616,0.0017132293,-2.2590212e-23,60.417,8.0,0.0
5.5569144e-06,0.05687703,7.538218e-05,3.7880974e-24,60.722,8.0,0.0
7.370614e-06,0.05727486,-0.0006981884,-3.3211473e-23,61.028,8.0,0.0
-1.113223e-05,0.057267006,-0.0013943891,-3.4105700000000003e-23,61.333,8.0,0.0
-4.8998836e-06,0.057289578,-0.001960969,-2.6264461e-23,61.639,8.0,0.0
-8.011564e-06,0.0573273,-0.002984879,1.3671805e-23,61.944,8.0,0.0
5.353334e-06,0.05717458,-0.0031612301,-7.052765000000001e-23,62.25,8.0,0.0
6.4135384e-07,0.056924485,-0.0036863731,8.983068e-24,62.556,8.0,0.0
2.2905906e-06,0.056536295,-0.0031083608,5.581425000000001e-23,62.861,8.0,0.0
3.6487545e-06,0.056176588,-0.0031967212,6.703768e-23,63.167,8.0,0.0
-5.6855697e-07,0.05566939,-0.0032999963,1.2669687e-23,63.472,8.0,0.0
8.5914326e-07,0.05519873,-0.002917274,-9.611543000000001e-23,63.778,8.0,0.0
-1.0947897e-06,0.05516304,-0.0024092677,-1.6206510000000002e-23,64.083,8.0,0.0
-1.1327349e-05,0.054447137,-0.0021960197,5.0542129999999995e-24,64.389,8.0,0.0
2.2472723e-06,0.05396959,-0.001853508,-2.7645498e-23,64.694,8.0,0.0
2.1844291e-05,0.0537872,-0.0017591103,4.3281983e-23,65.0,8.0,0.0
-0.0002120678,0.05488941,-0.00052667974,1.6641052e-23,10.306,8.6667,0.0
-0.00021989494,0.05470831,-0.00079269777,-6.0989424e-24,10.611,8.6667,0.0
-0.00019533235,0.05451236,-0.0004414402,1.3393015e-23,10.917,8.6667,0.0
-0.00020399442,0.054331653,-0.00044970075,-2.8335985e-23,11.222,8.6667,0.0
-0.00017197536,0.054047823,-0.00016381731,-1.8540326e-23,11.528,8.6667,0.0
-0.00016637961,0.054520536,0.00034248675,-8.1733664e-23,11.833,8.6667,0.0
-0.00014596488,0.0547213,6.302679e-05,1.9540410000000002e-23,12.139,8.6667,0.0
-0.00014212077,0.05474565,-2.8172508e-08,-2.4845559e-23,12.444,8.6667,0.0
-0.00015579132,0.054790385,0.0002557221,-4.325335e-23,12.75,8.6667,0.0
-0.00014997681,0.054986138,-6.0935272e-05,2.3004143e-23,13.056,8.6667,0.0
-0.00012798629,0.054988466,0.0009154836,4.8431718e-23,13.361,8.6667,0.0
-0.0001209733,0.055338338,8.460134e-06,-3.8737740000000004e-23,13.667,8.6667,0.0
-0.0001010776,0.055497542,-0.0001097545,-7.8496684e-23,13.972,8.6667,0.0
-0.000115160685,0.055398487,0.00066752033,-8.098433400000001e-24,14.278,8.6667,0.0
-0.00011187975,0.055869937,-1.02759805e-05,2.6425300000000002e-23,14.583,8.6667,0.0
-8.57024e-05,0.055658653,0.00032470468,2.3414502e-23,14.889,8.6667,0.0
-9.916788e-05,0.055434145,8.315127e-05,-7.015454e-24,15.194,8.6667,0.0
-8.222407e-05,0.056061827,-0.000109271554,-1.0931870000000001e-23,15.5,8.6667,0.0
-8.659741e-05,0.055915795,-0.00068499206,8.129119499999999e-23,15.806,8.6667,0.0
-8.268541e-05,0.05587168,-0.00056475244,-2.8041796e-24,16.111,8.6667,0.0
-7.551498e-05,0.055572122,0.0002488608,-1.1104265e-23,16.417,8.6667,0.0
-6.0889382e-05,0.05608607,-0.0001487059,-3.3843853e-23,16.722,8.6667,0.0
-5.468865e-05,0.055746213,-0.00058110204,2.5138914e-23,17.028,8.6667,0.0
-6.5028755e-05,0.055681042,-0.0002050752,-5.119656e-23,17.333,8.6667,0.0
-5.081952e-05,0.055532217,-5.092373e-05,-3.069936e-23,17.639,8.6667,0.0
-5.8804453e-05,0.055395402,-0.0008104855,-1.1346622e-23,17.944000000000003,8.6667,0.0
-6.414022e-05,0.055100042,-0.00083054183,9.2259315e-23,18.25,8.6667,0.0
-4.4265922e-05,0.055042252,-0.00065622036,-3.1452100000000004e-23,18.556,8.6667,0.0
-5.1058458e-05,0.054700226,-0.00038900133,1.0047103e-23,18.861,8.6667,0.0
-3.321364e-05,0.05411979,-0.0009348475,2.952392e-23,19.167,8.6667,0.0
-2.5909576e-05,0.054146975,-0.00086156395,-9.256001999999999e-24,19.472,8.6667,0.0
-3.852159e-05,0.053724222,-0.00041714235,-4.4017227e-23,19.778,8.6667,0.0
-3.4417862e-05,0.053604998,-0.00074125314,1.01402024e-22,20.083,8.6667,0.0
-2.838091e-05,0.05306708,-0.001494113,-1.9661720000000002e-23,20.389,8.6667,0.0
-3.275219e-05,0.053130902,-0.0010028961,-2.4198794e-23,20.694000000000003,8.6667,0.0
-9.790985e-06,0.052780166,-0.0007924009,-3.5243882e-23,21.0,8.6667,0.0
-3.3801538e-05,0.05249492,-0.0012806369,5.7850894e-23,21.306,8.6667,0.0
-4.0703628e-05,0.052027855,-0.0007817949,-1.0638136000000001e-24,21.611,8.6667,0.0
-2.9339437e-05,0.051833972,-0.0012206035,-3.8961635e-23,21.917,8.6667,0.0
-3.819902e-05,0.052147508,-0.0010912851,5.1830647999999996e-23,22.222,8.6667,0.0
-2.5843538e-05,0.0514536,-0.0007402734,1.45039335e-24,22.528,8.6667,0.0
-1.0250442e-05,0.051114112,-0.00034458237,-1.4136084e-23,22.833,8.6667,0.0
-1.1010344e-05,0.050917834,-0.0007715465,-4.1655390000000003e-23,23.139,8.6667,0.0
-2.5487512e-05,0.05100806,-4.030805e-05,1.2548871e-23,23.444000000000003,8.6667,0.0
-2.5376194e-05,0.050335646,-0.00052750227,1.7621663e-23,23.75,8.6667,0.0
-8.775809e-06,0.050662905,-0.0005708919,2.5034709e-23,24.056,8.6667,0.0
4.1940802e-07,0.050395064,-0.00025569694,-1.2809082000000001e-24,24.361,8.6667,0.0
-2.3167468e-05,0.050747626,-0.000513162,-2.9028844e-23,24.667,8.6667,0.0
-1.566947e-05,0.050189868,0.00019811466,2.9779632e-23,24.972,8.6667,0.0
-2.2276683e-05,0.05066868,1.963973e-05,4.9077290000000006e-23,25.278,8.6667,0.0
-1.7368195e-05,0.05075942,0.0006751651,-3.94071e-23,25.583,8.6667,0.0
-1.0434087e-07,0.050685078,0.00028028525,6.556301000000001e-23,25.889,8.6667,0.0
-2.0327954e-05,0.051193297,0.00089458737,-1.5670236e-23,26.194000000000003,8.6667,0.0
-1.9479496e-05,0.05167275,0.0011392469,-3.7295198e-23,26.5,8.6667,0.0
-1.0621581e-05,0.051629834,0.0008097009,-6.8567285e-24,26.806,8.6667,0.0
7.987779e-06,0.05216196,0.00073710317,8.655912e-23,27.111,8.6667,0.0
-1.1518427e-05,0.052647732,0.00097424956,2.4001983e-23,27.417,8.6667,0.0
-7.1267787e-06,0.05318439,0.0012902429,-1.151668e-22,27.722,8.6667,0.0
-2.264459e-05,0.053582594,0.0013312071,1.2939591e-23,28.028,8.6667,0.0
-9.349398e-06,0.05391915,0.00096239825,-1.9774282e-24,28.333,8.6667,0.0
-1.8764664e-05,0.054002058,0.001031413,-1.2217070000000001e-23,28.639,8.6667,0.0
-1.3196912e-05,0.05482588,0.00070832577,-4.9131115e-23,28.944000000000003,8.6667,0.0
-6.348282e-07,0.054944105,0.00054770603,-8.9873396e-23,29.25,8.6667,0.0
-1.0923315e-05,0.055073768,0.0008000552,-5.417932e-23,29.556,8.6667,0.0
-1.4860132e-05,0.05524207,0.00051289075,2.3502148e-23,29.861,8.6667,0.0
-2.6087619e-06,0.055339046,-4.851166e-05,2.4765486999999998e-23,30.167,8.6667,0.0
-9.628398e-06,0.055476196,0.00032981165,1.18119614e-23,30.472,8.6667,0.0
-1.3475224e-05,0.055570543,1.3993122e-06,-3.8607331999999997e-23,30.778,8.6667,0.0
-8.266146e-06,0.05523504,-0.00019635865,-2.1770977e-23,31.083,8.6667,0.0
-4.4613953e-06,0.055362932,-0.00045045908,-3.6045162999999997e-23,31.389,8.6667,0.0
3.1890113e-06,0.0552045,-0.0005125329,1.5921712e-23,31.694000000000003,8.6667,0.0
-1.0405769e-05,0.05533535,-0.00040103262,-6.397147e-23,32.0,8.6667,0.0
5.8931414e-06,0.05525109,-0.0004089661,-2.1949922e-23,32.306,8.6667,0.0
-3.8330163e-06,0.05506835,-0.00010131346,-1.8336409e-23,32.611,8.6667,0.0
1.7827271e-05,0.05527711,-0.00068901025,1.4620306e-24,32.917,8.6667,0.0
6.647184e-06,0.054811254,-0.00082966755,-4.0154307e-23,33.222,8.6667,0.0
-1.1315582e-05,0.054627202,-0.0010607874,-5.2923656e-23,33.528,8.6667,0.0
-2.4915807e-06,0.05430524,-0.00054847635,4.7124454999999997e-23,33.833,8.6667,0.0
3.8598955e-07,0.05411239,-0.00094230386,-3.052238e-23,34.139,8.6667,0.0
-1.0930889e-06,0.053651348,-0.0011672551,4.7365986e-24,34.444,8.6667,0.0
-1.5728292e-06,0.053519458,-0.0010266185,4.062861e-23,34.75,8.6667,0.0
-9.4053685e-06,0.053066317,-0.0007805373,-6.210809000000001e-23,35.056,8.6667,0.0
3.350082e-06,0.053065076,-0.0014342786,-1.6356558e-23,35.361,8.6667,0.0
-4.2517186e-06,0.052499644,-0.0011714124,7.3558667e-23,35.667,8.6667,0.0
-6.0524617e-06,0.05236049,-0.0012682811,2.7886397e-23,35.972,8.6667,0.0
1.3626392e-05,0.051869683,-0.0003609883,-7.650612999999999e-24,36.278,8.6667,0.0
-9.901896e-06,0.051814057,-0.0005521056,1.4432242e-23,36.583,8.6667,0.0
4.9674636e-06,0.051494658,-0.0005439761,2.527576e-23,36.889,8.6667,0.0
2.799044e-06,0.051078767,-0.00016949908,6.022e-24,37.194,8.6667,0.0
7.219518e-06,0.050471805,2.4008332e-05,-3.0120450000000003e-23,37.5,8.6667,0.0
4.064901e-06,0.050338738,-0.0002789999,-2.7008982e-23,37.806,8.6667,0.0
1.2190929e-05,0.05041956,-0.00015206356,3.5385270000000005e-23,38.111,8.6667,0.0
1.0511572e-05,0.04992715,-0.0004478842,4.8798707999999997e-23,38.417,8.6667,0.0
1.6047488e-06,0.04980322,-0.00030235155,-2.2136144e-23,38.722,8.6667,0.0
-9.664268e-07,0.04968923,-0.00042196794,1.0062482500000001e-23,39.028,8.6667,0.0
-1.171833e-06,0.049456716,9.057112e-06,5.1617504e-23,39.333,8.6667,0.0
2.4719273e-05,0.049109854,-0.00011242088,-1.2206266000000001e-24,39.639,8.6667,0.0
2.661247e-06,0.04899301,-0.0006341515,-1.4492927e-23,39.944,8.6667,0.0
4.176889e-06,0.048987634,-0.00109505,-6.7113105e-23,40.25,8.6667,0.0
3.1934424e-06,0.048978373,-0.00079131685,9.6451814e-23,40.556,8.6667,0.0
8.64165e-06,0.049029514,-0.00060478225,-2.6678216e-23,40.861,8.6667,0.0
-6.078273e-06,0.04939305,0.0002516592,-6.8000315e-23,41.167,8.6667,0.0
5.509221e-07,0.049933065,0.00069434755,-3.2487842e-23,41.472,8.6667,0.0
-5.1985735e-06,0.05045622,0.0014788297,-7.294568e-23,41.778,8.6667,0.0
4.488189e-06,0.051390905,0.0016896264,-1.6201878e-23,42.083,8.6667,0.0
-2.0524978e-05,0.0522997,0.0016622627,2.6611547e-23,42.389,8.6667,0.0
-3.0971196e-06,0.05335351,0.0024204154,-4.1735664e-24,42.694,8.6667,0.0
-5.917207e-06,0.053767413,0.002340678,3.1341286e-23,43.0,8.6667,0.0
2.99752e-06,0.05463955,0.0031369647,1.2417403e-23,43.306,8.6667,0.0
1.4470279e-06,0.055415973,0.0023158966,9.258708e-23,43.611,8.6667,0.0
-3.0993579e-07,0.055973113,0.0023985556,7.9464067e-23,43.917,8.6667,0.0
1.25358165e-05,0.056120716,0.0017763302,-4.2671544e-23,44.222,8.6667,0.0
2.8415343e-06,0.056111712,0.00097292097,3.8755007e-23,44.528,8.6667,0.0
5.628259e-06,0.05636771,0.00080763013,9.8403696e-23,44.833,8.6667,0.0
4.890764e-06,0.05642093,0.0005356291,-5.0411367e-25,45.139,8.6667,0.0
1.5592821e-05,0.05627101,-7.1385875e-05,4.1824697999999997e-23,45.444,8.6667,0.0
4.6515897e-06,0.05582322,-0.0001512221,9.059681e-23,45.75,8.6667,0.0
-1.147062e-06,0.055853747,0.00016130478,-6.743410000000001e-24,46.056,8.6667,0.0
-2.8766372e-06,0.055613585,-0.0004964662,3.9357822999999997e-23,46.361,8.6667,0.0
-7.3797564e-06,0.0549227,-0.00047988188,1.3470967e-23,46.667,8.6667,0.0
2.6484267e-06,0.054852866,-0.00017455709,9.512274e-24,46.972,8.6667,0.0
8.340901e-06,0.054741923,-0.00060115824,-1.3906116e-23,47.278,8.6667,0.0
1.0565922e-05,0.054696828,-0.0012618151,7.563341000000001e-23,47.583,8.6667,0.0
6.234506e-06,0.05422984,-0.0012887256,1.8946697e-23,47.889,8.6667,0.0
3.9993374e-06,0.054204646,-0.0013426285,2.143455e-23,48.194,8.6667,0.0
-5.827578e-07,0.053842306,-0.0012493664,1.4018109e-23,48.5,8.6667,0.0
8.682102e-06,0.05349789,-0.0016312823,4.8196800000000003e-23,48.806,8.6667,0.0
5.420279e-07,0.053901494,-0.0010415826,-1.0981469e-22,49.111,8.6667,0.0
-5.5547316e-06,0.053022154,-0.0010662742,-6.115073e-23,49.417,8.6667,0.0
7.455549e-06,0.052849725,-0.001599604,-3.1577282000000002e-24,49.722,8.6667,0.0
-2.7451024e-06,0.05290574,-0.0007658161,1.1242167e-22,50.028,8.6667,0.0
-5.139518e-07,0.052417405,-0.0007350566,3.5173856e-24,50.333,8.6667,0.0
-9.338386e-06,0.052475452,-0.00103161,-1.8910750000000003e-23,50.639,8.6667,0.0
1.3757584e-05,0.05202204,-0.00083028193,4.8032567e-23,50.944,8.6667,0.0
-1.6266134e-05,0.052165154,-0.000668596,-2.945594e-24,51.25,8.6667,0.0
-2.8197446e-06,0.052124895,-0.00045358378,2.821512e-23,51.556,8.6667,0.0
-2.0627922e-06,0.051483493,-0.00048233662,-1.0541655600000001e-23,51.861,8.6667,0.0
6.017335e-06,0.05081333,-0.0007878924,5.11299e-23,52.167,8.6667,0.0
1.0440395e-05,0.050476722,-0.00065064523,5.643029000000001e-23,52.472,8.6667,0.0
-4.767964e-06,0.050760947,-0.00044343353,3.2668686000000002e-24,52.778,8.6667,0.0
5.5530927e-07,0.05019022,-0.0012424004,4.4376012999999996e-23,53.083,8.6667,0.0
6.4347696e-06,0.049855363,-0.0011022472,-3.7289922e-23,53.389,8.6667,0.0
-1.3165816e-05,0.049746737,-0.0013786582,7.1481703e-23,53.694,8.6667,0.0
-7.4964482e-06,0.04910038,-0.0010019625,-1.1349631000000002e-22,54.0,8.6667,0.0
2.6882517e-06,0.04900708,-0.0013157594,1.7157586e-23,54.306,8.6667,0.0
1.5565975e-05,0.048931595,-0.0015272669,4.33834e-23,54.611,8.6667,0.0
1.3467194e-05,0.04893943,-0.0018703707,5.833062e-23,54.917,8.6667,0.0
-1.1612719e-06,0.048365235,-0.0015895576,-2.2297980000000002e-23,55.222,8.6667,0.0
9.514562e-06,0.048366092,-0.0014308081,-4.6310603e-23,55.528,8.6667,0.0
2.696719e-06,0.04835019,-0.0008767261,3.8599456e-23,55.833,8.6667,0.0
1.7945305e-05,0.04879774,-0.00038223714,-5.0339676e-24,56.139,8.6667,0.0
-1.8326973e-06,0.049016517,-0.00022217818,7.698015000000001e-23,56.444,8.6667,0.0
-1.365468e-06,0.049410965,0.0012782025,-4.4038180000000006e-23,56.75,8.6667,0.0
2.0314728e-06,0.049519517,0.0025018747,3.6762004e-23,57.056,8.6667,0.0
-1.2512067e-05,0.050538905,0.0034933125,-6.299302e-23,57.361,8.6667,0.0
-6.43394e-06,0.051158056,0.0048276186,5.456097e-23,57.667,8.6667,0.0
-1.4212363e-05,0.052096643,0.0053242305,4.3946670000000004e-23,57.972,8.6667,0.0
2.4815436e-06,0.053078793,0.0054641683,1.6923982e-23,58.278,8.6667,0.0
7.1507966e-06,0.053982746,0.0063453685,-1.9054418e-23,58.583,8.6667,0.0
-5.937951e-06,0.054568827,0.0055030677,-3.118376e-23,58.889,8.6667,0.0
1.1691361e-05,0.055373877,0.0049036657,3.4910162e-23,59.194,8.6667,0.0
2.7737042e-07,0.055807553,0.0034957007,-7.22589e-24,59.5,8.6667,0.0
-1.3558834e-05,0.05660078,0.002684645,-3.1364788e-23,59.806,8.6667,0.0
4.5623347e-07,0.056893617,0.0016480947,1.5330810999999998e-23,60.111,8.6667,0.0
1.3958911e-05,0.056922726,-0.00012440328,-1.5432593e-23,60.417,8.6667,0.0
-1.0990807e-06,0.056845676,-0.0009457432,1.3828599e-23,60.722,8.6667,0.0
1.570316e-05,0.05671032,-0.00092776306,9.483395500000001e-24,61.028,8.6667,0.0
1.3557436e-05,0.0567693,-0.0015874524,3.1275053e-24,61.333,8.6667,0.0
4.157857e-06,0.05674808,-0.0017269603,-2.265079e-23,61.639,8.6667,0.0
-8.96004e-06,0.056396514,-0.0020063687,-4.5795837e-24,61.944,8.6667,0.0
-5.4005795e-08,0.05619643,-0.0021670677,1.9471863999999998e-23,62.25,8.6667,0.0
9.439522e-06,0.05556255,-0.0023057237,-5.2934106999999997e-23,62.556,8.6667,0.0
3.4314508e-06,0.05514064,-0.0026234798,-2.210108e-23,62.861,8.6667,0.0
6.710943e-07,0.05484903,-0.0023929803,-1.0470734e-23,63.167,8.6667,0.0
-2.0167026e-06,0.054329116,-0.0016688055,4.6653815e-23,63.472,8.6667,0.0
7.5052703e-06,0.053893995,-0.0016910885,3.3213695e-24,63.778,8.6667,0.0
-2.5174486e-06,0.053304836,-0.0017730808,-8.687719e-24,64.083,8.6667,0.0
5.9971726e-06,0.053080305,-0.0018094266,5.0483060000000007e-23,64.389,8.6667,0.0
6.0188577e-06,0.053166814,-0.0014486209,1.1959384e-24,64.694,8.6667,0.0
-6.8423024e-06,0.052668408,-0.0010462144,3.7824480000000004e-23,65.0,8.6667,0.0
-0.00018666183,0.053197365,4.0762592e-05,-5.5859935e-23,10.306,9.3333,0.0
-0.00021964169,0.05308702,0.00035790278,6.4897024e-23,10.611,9.3333,0.0
-0.00018852865,0.053099334,-0.00018333411,7.795536000000001e-23,10.917,9.3333,0.0
-0.00018268041,0.05298018,9.969785e-05,5.93699e-23,11.222,9.3333,0.0
-0.0001779892,0.053003058,0.00045884633,-4.7083712e-23,11.528,9.3333,0.0
-0.0001729496,0.05321168,0.00014726818,3.2651570000000004e-23,11.833,9.3333,0.0
-0.00015816047,0.05318401,-0.00015922869,-8.149867e-24,12.139,9.3333,0.0
-0.00014921684,0.053115487,-1.8840656e-06,6.038206000000001e-23,12.444,9.3333,0.0
-0.00014583752,0.052937493,0.00036868523,1.9086243e-23,12.75,9.3333,0.0
-0.00014038743,0.05321688,0.00017349853,1.1490068e-23,13.056,9.3333,0.0
-0.00013673799,0.05346749,0.00013516191,4.32473e-23,13.361,9.3333,0.0
-0.00012767714,0.053487606,3.496412e-05,2.3215987e-23,13.667,9.3333,0.0
-0.00010978843,0.053590156,0.0001227986,4.4487337e-24,13.972,9.3333,0.0
-0.0001122925,0.054056488,-0.0001488775,-8.979938e-23,14.278,9.3333,0.0
-0.0001126608,0.053674888,-8.666329e-05,-4.3894239999999996e-24,14.583,9.3333,0.0
-9.245844e-05,0.053518854,-0.00016214047,9.677155e-23,14.889,9.3333,0.0
-9.14126e-05,0.053839564,6.86259e-05,7.859652e-23,15.194,9.3333,0.0
-7.298656e-05,0.053672403,9.2679635e-05,-4.3682245e-23,15.5,9.3333,0.0
-8.918445e-05,0.053953607,0.0002770056,-7.210502e-23,15.806,9.3333,0.0
-8.7480956e-05,0.053700533,-0.00026514288,-3.0202160000000003e-23,16.111,9.3333,0.0
-7.6758384e-05,0.053971954,8.946727e-05,-2.2329054999999998e-23,16.417,9.3333,0.0
-6.374507e-05,0.05374935,-0.00019901525,-6.797709e-24,16.722,9.3333,0.0
-5.2183437e-05,0.053635813,-0.00035277754,2.4624637e-23,17.028,9.3333,0.0
-5.8354985e-05,0.05364372,-0.00042930397,-2.4637451e-23,17.333,9.3333,0.0
-6.8594876e-05,0.053500455,-0.00026383402,-1.3131492e-23,17.639,9.3333,0.0
-6.0168368e-05,0.05345305,-0.000113811286,-1.294368e-23,17.944000000000003,9.3333,0.0
-4.7355385e-05,0.0535331,-7.425551e-05,6.011446e-23,18.25,9.3333,0.0
-5.7356374e-05,0.05319874,0.00031809055,4.7718220000000005e-23,18.556,9.3333,0.0
-4.523318e-05,0.05314578,-0.00045903266,-7.6728146e-23,18.861,9.3333,0.0
-4.8551105e-05,0.05319552,-0.0006800329,1.5081055e-23,19.167,9.3333,0.0
-3.750328e-05,0.05257173,-0.00034889823,-4.0083474e-24,19.472,9.3333,0.0
-3.890785e-05,0.05254797,-0.00022457831,3.684801e-24,19.778,9.3333,0.0
-4.554902e-05,0.052323695,-0.00066299643,9.240881000000001e-23,20.083,9.3333,0.0
-4.4478704e-05,0.05208476,-0.0006464091,3.2167703e-23,20.389,9.3333,0.0
-1.8917155e-05,0.051600624,-0.00023905857,7.802276e-25,20.694000000000003,9.3333,0.0
-3.9185317e-05,0.051664904,-0.0004348203,2.1864599e-23,21.0,9.3333,0.0
-3.0701176e-05,0.05107501,-0.00013479358,7.6016707e-23,21.306,9.3333,0.0
-2.3083421e-05,0.050919835,-0.00078805373,-7.823723e-23,21.611,9.3333,0.0
-4.924048e-05,0.050781913,0.00011058635,4.8325998e-23,21.917,9.3333,0.0
-2.7977161e-05,0.0507294,-0.0005853842,-6.988929e-25,22.222,9.3333,0.0
-3.0255547e-05,0.050346103,-0.00042058446,-6.157785e-23,22.528,9.3333,0.0
-1.1483633e-05,0.049826354,-0.00010162871,5.3984844000000005e-24,22.833,9.3333,0.0
-1.7484748e-05,0.049890272,-0.00018643867,4.0956346e-23,23.139,9.3333,0.0
-2.4344727e-05,0.04959827,-0.00015504495,8.238707000000001e-23,23.444000000000003,9.3333,0.0
-1.8412848e-05,0.049339592,-0.0003064815,-2.2700866999999998e-23,23.75,9.3333,0.0
-2.3097284e-05,0.049058177,0.00042118365,3.7431437e-23,24.056,9.3333,0.0
-2.3615929e-05,0.04924967,-0.00070596207,-3.4088232e-23,24.361,9.3333,0.0
-1.9917301e-05,0.049021393,0.0007049609,3.891919e-23,24.667,9.3333,0.0
-7.875941e-06,0.049177885,6.332062e-05,-1.18192316e-23,24.972,9.3333,0.0
4.600588e-06,0.04912728,-0.00042227376,-1.9453285e-23,25.278,9.3333,0.0
-6.219092e-06,0.049211636,0.00043613557,-4.0615053e-23,25.583,9.3333,0.0
9.244868e-07,0.0494112,0.00039447274,-9.413158000000001e-23,25.889,9.3333,0.0
-2.118486e-05,0.049501047,-0.00015887711,-4.8245469999999996e-24,26.194000000000003,9.3333,0.0
-1.1803939e-05,0.049613975,0.00049575046,-9.2920494e-24,26.5,9.3333,0.0
-2.6143825e-06,0.04993312,0.00010354305,-5.4591245e-23,26.806,9.3333,0.0
-1.1066353e-05,0.05024732,-0.0001372355,9.204505e-24,27.111,9.3333,0.0
-1.290382e-05,0.05076696,0.0002999031,-2.5443074e-23,27.417,9.3333,0.0
-1.2426468e-05,0.05108902,0.00036419695,4.3655834e-23,27.722,9.3333,0.0
-1.4143995e-05,0.05144711,0.0006872887,-8.472491999999999e-24,28.028,9.3333,0.0
-7.470291e-06,0.051653124,0.0007186808,-5.2851004999999996e-23,28.333,9.3333,0.0
-1.2007418e-05,0.051699772,0.0009898813,-1.0616235000000001e-22,28.639,9.3333,0.0
-2.4728166e-05,0.052002225,0.0002693371,-8.510181e-23,28.944000000000003,9.3333,0.0
2.8556515e-06,0.05208782,0.00016050128,-4.1191287e-24,29.25,9.3333,0.0
-2.2452514e-06,0.052277163,0.0005373773,-7.806133299999999e-23,29.556,9.3333,0.0
8.673793e-06,0.052554116,0.00023957575,-7.487969e-23,29.861,9.3333,0.0
1.872957e-06,0.052691158,-0.00023420318,1.5807207e-23,30.167,9.3333,0.0
1.265539e-05,0.052610613,0.00020449329,1.4169103e-23,30.472,9.3333,0.0
-6.916979e-06,0.05310051,-0.00036221615,3.9372565e-23,30.778,9.3333,0.0
-3.724388e-06,0.05277254,-0.00055495446,6.1381425e-23,31.083,9.3333,0.0
1.2026502e-05,0.05277789,-0.00020065508,-1.5050709e-23,31.389,9.3333,0.0
-1.13724855e-05,0.052615628,0.00017878646,-2.1760141e-23,31.694000000000003,9.3333,0.0
-3.873829e-06,0.052870076,-0.000262563,-9.638424000000001e-23,32.0,9.3333,0.0
4.4067724e-07,0.05295819,0.0002072826,3.7226687e-23,32.306,9.3333,0.0
-8.192521e-06,0.0525408,-0.0005585186,-9.803181e-24,32.611,9.3333,0.0
-1.11471145e-05,0.05254124,0.00026602537,-7.0567735e-23,32.917,9.3333,0.0
5.7609977e-06,0.052195825,-0.00030115433,-2.2700110000000002e-23,33.222,9.3333,0.0
-1.3443205e-05,0.052074328,-0.0003641178,6.7524474e-23,33.528,9.3333,0.0
4.244288e-06,0.051760457,-6.6509354e-05,-1.8858366999999998e-23,33.833,9.3333,0.0
-7.730462e-06,0.051792204,-0.00021445309,2.6939410000000003e-23,34.139,9.3333,0.0
1.0757234e-05,0.051525027,-0.000614815,5.404331e-23,34.444,9.3333,0.0
4.1553903e-07,0.051317804,-0.0010741857,2.4132429e-23,34.75,9.3333,0.0
2.6814887e-06,0.05080901,-0.00065403385,-7.285652e-23,35.056,9.3333,0.0
1.1846798e-05,0.05064362,-0.00017879717,9.427809e-24,35.361,9.3333,0.0
1.4662319e-06,0.05042073,-0.0011157859,2.8821267e-23,35.667,9.3333,0.0
-1.0571912e-06,0.049974456,-0.0006940667,1.5717138e-23,35.972,9.3333,0.0
2.0618745e-05,0.049437035,-0.0007172789,1.7285609e-23,36.278,9.3333,0.0
1.3084064e-06,0.049452055,-1.2475066e-05,-1.0961254e-23,36.583,9.3333,0.0
1.4114135e-05,0.049140304,-0.00019433915,-4.688093e-24,36.889,9.3333,0.0
5.4973625e-06,0.048972018,-0.0002208997,-3.1958838e-24,37.194,9.3333,0.0
1.0978714e-05,0.048598107,-3.6058715e-05,-1.4205353e-23,37.5,9.3333,0.0
2.3876692e-05,0.048380427,-0.00019025104,-4.1212365999999997e-23,37.806,9.3333,0.0
8.977506e-06,0.048017584,-0.00044359104,1.5549698e-23,38.111,9.3333,0.0
6.4357882e-06,0.047684506,-0.00026544754,-2.7081178e-23,38.417,9.3333,0.0
-9.24823e-06,0.047532223,-0.00043425825,-3.8334992e-23,38.722,9.3333,0.0
3.5853373e-06,0.04738897,-0.0004129258,-1.2770522e-23,39.028,9.3333,0.0
7.1307586e-06,0.047725473,-0.00016102707,-5.804487000000001e-23,39.333,9.3333,0.0
-7.1390623e-06,0.04780615,-3.0053547e-05,-8.291294e-23,39.639,9.3333,0.0
1.5425685e-06,0.04733506,-0.00019443873,2.9860386e-23,39.944,9.3333,0.0
4.906962e-06,0.047690745,-9.418093e-05,4.5840972e-23,40.25,9.3333,0.0
1.262001e-05,0.04757368,2.972153e-05,-2.9108336e-23,40.556,9.3333,0.0
2.1630476e-06,0.04773193,-0.0003435188,-1.3560885e-23,40.861,9.3333,0.0
5.5926503e-06,0.048022047,0.00012280862,1.2497677e-23,41.167,9.3333,0.0
1.7015756e-05,0.048219442,-0.00020299852,-3.9574817e-24,41.472,9.3333,0.0
1.1869202e-05,0.048740696,0.00046642835,-2.614068e-23,41.778,9.3333,0.0
1.0264528e-05,0.049338415,0.00031279353,8.6064043e-23,42.083,9.3333,0.0
9.3717244e-07,0.049790572,0.0007726988,7.7224055e-23,42.389,9.3333,0.0
-1.2860071e-05,0.050166383,0.0007466967,8.210868e-24,42.694,9.3333,0.0
8.09789e-06,0.0511627,0.0014509108,-1.4515747e-23,43.0,9.3333,0.0
-1.362816e-06,0.051491797,0.0010330314,-3.2436042e-23,43.306,9.3333,0.0
1.3843855e-05,0.051887147,0.0014793761,4.5319743e-24,43.611,9.3333,0.0
1.0627009e-05,0.05260658,0.0010784483,-7.850803000000001e-23,43.917,9.3333,0.0
1.29668115e-05,0.052404057,0.0008800417,4.5193677e-23,44.222,9.3333,0.0
-1.3440578e-05,0.052725762,0.00073709874,-5.2240515e-23,44.528,9.3333,0.0
1.3073219e-05,0.05295792,0.00038771704,-1.827633e-26,44.833,9.3333,0.0
1.9130566e-06,0.053380147,-0.00018063374,4.3101770000000006e-23,45.139,9.3333,0.0
-1.7928469e-06,0.053193584,3.3791875e-06,-3.9519066e-23,45.444,9.3333,0.0
2.3052335e-05,0.05308151,0.0005852722,-6.260173e-24,45.75,9.3333,0.0
1.2365406e-05,0.052492924,0.00019115605,-3.0281455e-23,46.056,9.3333,0.0
6.148002e-08,0.052585058,-0.00035878597,-7.424269000000001e-23,46.361,9.3333,0.0
-6.3997613e-06,0.05233828,-0.0004486679,5.841049e-23,46.667,9.3333,0.0
5.578342e-06,0.052221455,-0.00015422702,5.296642000000001e-23,46.972,9.3333,0.0
-4.39721e-06,0.05187189,-0.0003790328,6.990040000000001e-24,47.278,9.3333,0.0
8.891424e-06,0.051970586,-0.0010340023,7.213349000000001e-23,47.583,9.3333,0.0
-4.2470547e-06,0.05163108,-0.00078781834,-3.5036784e-23,47.889,9.3333,0.0
2.4949306e-05,0.05108335,-0.00065241964,-1.3415634e-23,48.194,9.3333,0.0
1.9115821e-05,0.051123854,-0.0010881936,-8.843093e-24,48.5,9.3333,0.0
-6.5373615e-07,0.051065378,-0.001263471,4.9944008e-23,48.806,9.3333,0.0
4.7695576e-06,0.051096573,-0.0010410356,1.8102390000000002e-23,49.111,9.3333,0.0
1.1166069e-05,0.050480984,-0.0005707266,-8.178001e-24,49.417,9.3333,0.0
1.0806489e-05,0.050479397,-0.00067921926,1.9439704e-23,49.722,9.3333,0.0
2.7769256e-06,0.05050855,-0.00054835994,-4.2053750000000006e-23,50.028,9.3333,0.0
2.0285806e-05,0.05005636,-0.00018484751,-1.9871520000000003e-23,50.333,9.3333,0.0
6.5983513e-06,0.049933597,-5.1205978e-05,-4.551013e-23,50.639,9.3333,0.0
-6.438786e-07,0.049492687,-0.000507599,-5.511434e-23,50.944,9.3333,0.0
6.754917e-06,0.049056944,-0.00016601128,-3.0424914e-23,51.25,9.3333,0.0
5.4663906e-06,0.04876007,-0.00041723042,3.799568e-23,51.556,9.3333,0.0
6.771834e-06,0.048558943,-0.00049688155,1.4037725000000001e-24,51.861,9.3333,0.0
1.4969988e-05,0.04799819,-0.00023232016,4.0428780000000004e-23,52.167,9.3333,0.0
7.994819e-06,0.0475147,-0.00072354474,-2.9609837e-23,52.472,9.3333,0.0
2.9577823e-06,0.047032557,-0.0006679277,5.664329000000001e-23,52.778,9.3333,0.0
-3.0080264e-07,0.046922028,-0.0008699042,1.9502130999999998e-23,53.083,9.3333,0.0
-7.2710736e-07,0.046352074,-0.0005925074,2.4090525e-23,53.389,9.3333,0.0
-2.0118296e-06,0.046331078,-0.00059895497,-6.306977000000001e-23,53.694,9.3333,0.0
5.6081044e-06,0.046572313,-0.00044730678,4.7751202e-24,54.0,9.3333,0.0
-1.0427093e-05,0.0464369,-0.00080409343,-1.8554286e-23,54.306,9.3333,0.0
4.9545006e-06,0.046549954,-0.00094740535,9.780512e-24,54.611,9.3333,0.0
5.820206e-06,0.046398807,-0.00087994826,-2.0786043e-24,54.917,9.3333,0.0
3.5510711e-06,0.046240952,-0.0008321232,1.7082871e-23,55.222,9.3333,0.0
2.0819076e-05,0.04668931,-0.00066382904,-3.9246348e-23,55.528,9.3333,0.0
8.096744e-06,0.046539947,-0.00046758517,4.1321317e-23,55.833,9.3333,0.0
-2.0564453e-06,0.04700791,-0.000520281,-3.8018312e-23,56.139,9.3333,0.0
1.2271462e-05,0.047334433,-6.71905e-05,2.3434483e-23,56.444,9.3333,0.0
-8.43919e-06,0.047686152,0.0010334388,5.903726499999999e-23,56.75,9.3333,0.0
1.0192103e-05,0.04804248,0.001109205,3.3244542e-23,57.056,9.3333,0.0
5.843249e-06,0.048621513,0.0022873962,-1.8031668999999998e-23,57.361,9.3333,0.0
-1.0758733e-05,0.049205307,0.0026181452,-7.02322e-23,57.667,9.3333,0.0
1.2403325e-07,0.050337497,0.0025468296,-5.3203e-23,57.972,9.3333,0.0
-9.022144e-06,0.050715897,0.0033168197,4.6639097999999996e-23,58.278,9.3333,0.0
-5.5212276e-06,0.051711343,0.002736478,1.4621114e-23,58.583,9.3333,0.0
1.206663e-06,0.05210779,0.002392502,-1.8469972999999998e-23,58.889,9.3333,0.0
1.7620314e-05,0.05275111,0.0023426749,-5.1861363e-23,59.194,9.3333,0.0
5.1342195e-06,0.0535976,0.0015676459,1.2335058e-23,59.5,9.3333,0.0
-7.935292e-06,0.053863134,0.00060124137,1.11778435e-23,59.806,9.3333,0.0
-1.4083903e-06,0.053998,0.00053953554,-3.7036982e-23,60.111,9.3333,0.0
1.1362063e-06,0.054150715,4.3940672e-05,-1.9131082e-23,60.417,9.3333,0.0
2.874167e-06,0.053914964,-0.00036241417,2.0945393e-23,60.722,9.3333,0.0
4.4254493e-06,0.05382756,-0.0012542226,-7.127390000000001e-24,61.028,9.3333,0.0
9.1968104e-07,0.053692877,-0.0011168701,2.3930884e-26,61.333,9.3333,0.0
-6.751732e-06,0.05322121,-0.0009858393,1.1191172e-23,61.639,9.3333,0.0
-1.6822392e-05,0.05324214,-0.0011591054,5.915462000000001e-23,61.944,9.3333,0.0
-5.447313e-06,0.05244106,-0.0009386465,1.473784e-23,62.25,9.3333,0.0
8.733548e-06,0.05203101,-0.0009349437,4.3839512e-23,62.556,9.3333,0.0
1.8495728e-05,0.05153607,-0.0007884302,-4.6854955e-23,62.861,9.3333,0.0
-7.2430203e-06,0.0510693,-0.0011809478,-1.8513947e-23,63.167,9.3333,0.0
1.8804243e-05,0.050714802,-0.0015586698,1.7489880000000002e-23,63.472,9.3333,0.0
-1.762226e-06,0.05038172,-0.0008447323,-2.1120722e-23,63.778,9.3333,0.0
3.4591776e-06,0.049917243,-0.0016762184,2.3957491e-23,64.083,9.3333,0.0
-4.9231244e-06,0.049578965,-0.0010840483,1.6996482e-23,64.389,9.3333,0.0
-9.943722e-06,0.04913745,-0.00056399044,2.3832233e-23,64.694,9.3333,0.0
-1.4785153e-05,0.04885091,-0.0007110741,-6.046335e-25,65.0,9.3333,0.0
-0.00016826023,0.00020100875,0.00046955864,2.2352505999999998e-23,10.306,10.0,0.0
-0.00021654544,1.8061139e-05,-0.00031576827,-4.1164351999999997e-23,10.611,10.0,0.0
-0.00019169353,5.542813e-05,-7.551443e-05,-1.9543505e-23,10.917,10.0,0.0
-0.00017489733,-0.00011648028,5.0778734e-05,-1.3659713e-23,11.222,10.0,0.0
-0.00018013908,-8.322671e-05,-0.00029894814,2.4962690000000002e-23,11.528,10.0,0.0
-0.00018744721,7.034186e-05,-0.00011783512,-3.1797184e-24,11.833,10.0,0.0
-0.00014800382,7.7637844e-05,0.00018770946,-5.346624000000001e-23,12.139,10.0,0.0
-0.0001489236,0.00012493564,9.851594e-05,-4.4133196e-23,12.444,10.0,0.0
-0.00013816517,-0.0004257009,-0.0001777166,-4.19881e-24,12.75,10.0,0.0
-0.00013684531,0.00025481565,0.00014291191,6.390990000000001e-23,13.056,10.0,0.0
-0.00012556903,-6.444767e-05,0.00028591556,-4.600536e-24,13.361,10.0,0.0
-0.00011992044,0.0002024856,-0.0003718905,9.073592e-24,13.667,10.0,0.0
-0.00011306859,-9.662984e-05,-0.000391406,-4.7919780000000004e-23,13.972,10.0,0.0
-0.00011987015,0.00032586046,-1.264154e-05,5.4870665e-23,14.278,10.0,0.0
-9.886205e-05,0.00020022316,2.800516e-06,-6.811229499999999e-23,14.583,10.0,0.0
-9.122338e-05,-8.8144094e-05,-0.00035521667,-1.5619951e-23,14.889,10.0,0.0
-8.4923464e-05,-1.2651086e-05,0.00033910293,5.62668e-23,15.194,10.0,0.0
-9.498461e-05,-7.143989e-05,-0.0002472205,2.6124296e-23,15.5,10.0,0.0
-7.404931e-05,6.567451e-05,-0.0005728651,-9.081619e-24,15.806,10.0,0.0
-8.851323e-05,-8.615665e-06,-7.232634e-05,3.6218687e-24,16.111,10.0,0.0
-6.4936045e-05,4.3773325e-05,0.00021492402,-1.6279425999999998e-23,16.417,10.0,0.0
-7.240354e-05,7.2251074e-05,-0.00026788923,6.924586e-23,16.722,10.0,0.0
-6.739218e-05,0.00010707555,2.5309855e-05,4.2690514e-23,17.028,10.0,0.0
-6.696001e-05,0.00016230415,-6.351899e-05,-3.0695550000000004e-23,17.333,10.0,0.0
-4.6877703e-05,-0.0002635573,-0.00025463034,-3.3621378e-24,17.639,10.0,0.0
-4.8318663e-05,3.6362588e-05,-7.851576e-05,-2.5192241e-23,17.944000000000003,10.0,0.0
-5.1958617e-05,-4.4524204e-05,0.0003718685,-1.9121054e-23,18.25,10.0,0.0
-4.9037946e-05,6.498024e-05,-0.00048562768,-1.5002582e-23,18.556,10.0,0.0
-3.475065e-05,0.00017541042,9.295996e-05,2.9572818e-25,18.861,10.0,0.0
-4.3482672e-05,-0.00045407587,-0.0002105947,-3.720697e-24,19.167,10.0,0.0
-3.808753e-05,0.0002553733,0.0005447399,-6.918954e-24,19.472,10.0,0.0
-3.2215612e-05,0.00016718847,6.6741835e-05,-3.2329110000000003e-23,19.778,10.0,0.0
-3.2568638e-05,-2.3966655e-05,-0.0002890709,-1.01870847e-22,20.083,10.0,0.0
-3.7801576e-05,-0.00013593608,-0.00028388202,4.8418743e-23,20.389,10.0,0.0
-2.0508927e-05,-3.8504077e-05,-0.00051841675,5.3320636e-23,20.694000000000003,10.0,0.0
-3.0301759e-05,9.927538e-05,-0.00012890302,1.7353576999999998e-23,21.0,10.0,0.0
-2.8837176e-05,8.138502e-05,0.0004052517,-1.5579309000000001e-24,21.306,10.0,0.0
-1.686345e-05,0.00013203052,-0.00030023116,-1.6785496e-23,21.611,10.0,0.0
-2.3694261e-05,9.367103e-05,0.00032103457,1.1633467500000001e-23,21.917,10.0,0.0
-2.661704e-05,-0.00020601368,-0.00023101433,4.0341260000000006e-23,22.222,10.0,0.0
-1.52551365e-05,0.00022442034,0.00016184314,-5.056298e-23,22.528,10.0,0.0
-4.518988e-06,9.15532e-05,0.0005107805,-7.6031045e-24,22.833,10.0,0.0
-2.1415739e-05,0.00028958893,0.0001861325,-1.1752297999999999e-23,23.139,10.0,0.0
-3.5698566e-05,-0.00015130884,7.083581e-05,-9.1586625e-24,23.444000000000003,10.0,0.0
-2.4157775e-05,-0.00023002987,0.00042407075,1.21749384e-23,23.75,10.0,0.0
-1.7807546e-05,-6.371224e-05,-0.00027849048,-1.7128960000000003e-23,24.056,10.0,0.0
-3.5511184e-06,-0.00017593801,0.00031683163,3.6432380000000006e-23,24.361,10.0,0.0
-2.2696908e-05,-0.00030594552,-4.9957423e-05,-6.2464846e-23,24.667,10.0,0.0
-1.2312629e-05,-0.000118550844,-0.0001957207,-2.3276924999999998e-23,24.972,10.0,0.0
-2.5826585e-05,-0.00016061077,0.00014305377,-3.8221460000000004e-23,25.278,10.0,0.0
-1.4754247e-05,9.637792e-06,-0.00015874766,2.9954095999999997e-23,25.583,10.0,0.0
-1.2391618e-05,-6.940565e-06,0.00043205346,1.0103951000000001e-22,25.889,10.0,0.0
-2.2357144e-05,0.00019289041,0.00040131254,7.783697e-24,26.194000000000003,10.0,0.0
-4.1149506e-06,0.00011143554,0.00026906782,-1.0511313e-23,26.5,10.0,0.0
1.2276078e-06,0.000195615,6.8929396e-05,-2.5378753e-23,26.806,10.0,0.0
5.460971e-06,-0.00023172225,-0.0001793406,-1.6816356e-23,27.111,10.0,0.0
-1.4515359e-05,-6.5333676e-05,-0.00026419503,-6.729457000000001e-23,27.417,10.0,0.0
-1.8654337e-06,2.6180467e-05,-0.0001681823,3.1303514999999997e-23,27.722,10.0,0.0
-3.4811856e-06,0.00014694763,-0.00023138257,6.5822554e-23,28.028,10.0,0.0
-1.08083395e-05,-0.00019551942,0.00021641518,6.1688165e-24,28.333,10.0,0.0
-1.8977451e-05,-0.0001623223,-0.00031613407,8.6434114e-23,28.639,10.0,0.0
9.398653e-06,-0.00014093984,0.0001550722,5.35241e-23,28.944000000000003,10.0,0.0
-3.0501033e-06,-0.00011226605,0.0003207256,-1.1718005e-23,29.25,10.0,0.0
-8.871868e-06,0.0001475187,0.00037714888,-6.696722000000001e-23,29.556,10.0,0.0
-4.0606183e-06,4.249718e-05,0.000198327,-1.6087410999999998e-23,29.861,10.0,0.0
7.6168317e-06,5.9502898e-05,0.0003795193,-1.0347230000000001e-23,30.167,10.0,0.0
3.9560546e-06,0.0002577902,0.00012822484,4.1001934999999997e-23,30.472,10.0,0.0
-8.253025e-06,-0.00018979213,-0.00021983369,-8.4687815e-24,30.778,10.0,0.0
5.1644747e-08,8.702994e-05,-0.00055208884,2.5299791999999998e-23,31.083,10.0,0.0
-2.5626596e-06,8.98093e-05,8.52308e-05,3.179536e-23,31.389,10.0,0.0
1.1935746e-05,-3.38112e-05,0.00015150197,-2.0764738e-23,31.694000000000003,10.0,0.0
6.917344e-06,5.1973388e-05,-8.1899576e-05,-5.1519875e-23,32.0,10.0,0.0
-4.1859385e-06,0.00018478581,8.42507e-05,7.6236275e-24,32.306,10.0,0.0
-1.5061825e-05,5.1491894e-05,6.059697e-05,1.2268112e-23,32.611,10.0,0.0
-2.275221e-06,0.00015684986,0.00010172464,4.7991370000000004e-23,32.917,10.0,0.0
-3.8959006e-06,-0.00031013833,-0.00032636803,-2.0233083e-23,33.222,10.0,0.0
-1.3722578e-05,-0.00021494017,-0.0003052312,-7.8222185e-24,33.528,10.0,0.0
-4.8015854e-06,-0.00015380711,1.9316096e-05,3.5076140000000004e-23,33.833,10.0,0.0
-6.9678936e-06,-0.000119166216,-0.0001569807,5.2081884e-23,34.139,10.0,0.0
-6.1412557e-06,2.3415778e-05,0.00016234769,2.3284448e-23,34.444,10.0,0.0
5.144473e-06,9.5726224e-05,6.389228e-05,1.9849886e-24,34.75,10.0,0.0
2.9498988e-06,-0.00012155599,8.219038e-05,3.4819942e-23,35.056,10.0,0.0
1.0871469e-05,-0.00015084795,0.00026207452,2.231136e-23,35.361,10.0,0.0
7.278457e-06,0.00019520521,0.00050063664,-6.385593e-23,35.667,10.0,0.0
5.556338e-06,1.8066261e-05,0.00014623185,9.157481000000001e-23,35.972,10.0,0.0
7.355953e-06,-0.00013251428,-0.00028910022,3.8912748e-23,36.278,10.0,0.0
1.1558335e-05,7.8508165e-05,0.00022622058,7.587908e-24,36.583,10.0,0.0
4.1411813e-06,6.702216e-05,-0.00032427377,-4.036388e-23,36.889,10.0,0.0
1.0279662e-05,-4.3032574e-05,0.00011424534,2.5122784e-23,37.194,10.0,0.0
3.1895634e-06,1.0459451e-05,-0.00023412067,-5.617480000000001e-23,37.5,10.0,0.0
1.1422702e-05,-7.983949e-05,-0.00020039652,-3.7927675e-23,37.806,10.0,0.0
6.5749027e-06,6.428966e-05,-0.00021029823,2.6670742999999997e-23,38.111,10.0,0.0
4.5756688e-06,-0.0002872278,-0.0002733611,-5.1780830000000006e-23,38.417,10.0,0.0
5.3207186e-06,0.00016365724,-0.0003578388,4.1620327e-23,38.722,10.0,0.0
1.1910963e-05,-4.4461805e-05,-6.1243074e-05,-8.020471e-23,39.028,10.0,0.0
-2.1280175e-07,-4.8772956e-05,0.00022343453,3.6730626e-23,39.333,10.0,0.0
1.126572e-06,1.4633173e-05,-0.00043936155,-3.9061970000000004e-23,39.639,10.0,0.0
1.817808e-05,0.00025333566,0.0003114706,-4.6466507e-23,39.944,10.0,0.0
1.3787951e-05,-4.6753208e-05,-3.3864984e-05,3.9835620000000004e-23,40.25,10.0,0.0
1.5428808e-05,8.4517524e-05,-0.00021493062,-4.1295013e-23,40.556,10.0,0.0
-8.568665e-06,-0.00029837328,-5.743513e-05,-3.3880932e-23,40.861,10.0,0.0
5.939817e-06,-8.924538e-05,5.174149e-05,-2.4830690000000001e-23,41.167,10.0,0.0
7.822953e-06,-0.00019790465,-6.5258355e-06,-2.2843392e-23,41.472,10.0,0.0
7.755739e-06,-0.00012139045,0.00038978318,1.4052175e-23,41.778,10.0,0.0
5.5383025e-06,0.00013670838,-9.5404685e-05,1.2884252000000002e-22,42.083,10.0,0.0
-3.4501554e-06,0.0002039196,5.054497e-05,1.8581234e-23,42.389,10.0,0.0
8.999519e-06,-0.00023979705,0.0002523004,-4.7349893e-23,42.694,10.0,0.0
-4.2246556e-06,2.881937e-05,0.0005966872,4.1546092e-23,43.0,10.0,0.0
1.0072617e-06,-6.3397456e-05,0.00023160386,-1.0732648e-23,43.306,10.0,0.0
1.721585e-05,6.445637e-05,0.00022166362,-2.5906141999999998e-23,43.611,10.0,0.0
3.443969e-06,0.000110379304,-5.4257922e-05,5.1387687e-23,43.917,10.0,0.0
3.3105134e-06,0.00028737728,0.00018169882,1.9084338e-23,44.222,10.0,0.0
1.3777717e-05,-0.00012251828,-0.00059625285,-2.8667030000000004e-23,44.528,10.0,0.0
-1.3654022e-05,0.00010763592,4.4848042e-05,-7.9379375e-23,44.833,10.0,0.0
-7.447241e-06,0.00013766577,-0.00020450028,-4.1528642e-23,45.139,10.0,0.0
1.3210072e-05,-2.0456617e-05,0.00030655507,-1.5554116e-23,45.444,10.0,0.0
-2.0984866e-05,-0.0001749671,4.2119063e-07,-1.9423529e-23,45.75,10.0,0.0
-9.135529e-06,0.00022986624,0.00022654724,-2.3066141e-23,46.056,10.0,0.0
-5.6280915e-06,8.1821345e-05,0.0006674632,1.7547902e-23,46.361,10.0,0.0
8.027106e-06,-8.097477e-05,0.00040424662,2.0388886e-23,46.667,10.0,0.0
1.4727202e-05,-0.0002401874,3.006123e-05,-1.0360748e-23,46.972,10.0,0.0
6.4057253e-06,-0.0003130599,0.00012462772,5.9402816e-24,47.278,10.0,0.0
1.7522976e-05,0.00032594753,0.0002024445,7.102626e-24,47.583,10.0,0.0
-1.4625562e-06,-0.00030799292,0.00020223763,-2.8653145e-23,47.889,10.0,0.0
1.1169963e-05,0.00014092692,-0.0004047515,-2.777063e-23,48.194,10.0,0.0
7.6199285e-06,-1.966767e-05,-9.895663e-05,-2.4361476e-23,48.5,10.0,0.0
1.633794e-05,1.0602409e-05,0.00037548802,-1.37178e-22,48.806,10.0,0.0
9.311295e-06,2.7800677e-05,-0.00024247449,4.8021130000000007e-23,49.111,10.0,0.0
7.4588206e-07,0.0001839851,0.00034687505,-3.7313802e-23,49.417,10.0,0.0
1.7745757e-05,0.000101362006,0.00013555074,-9.313814e-24,49.722,10.0,0.0
3.779096e-06,6.7310175e-05,0.00035887634,-3.3777838e-23,50.028,10.0,0.0
8.923813e-06,9.370074e-05,7.260125e-06,-1.1370199e-23,50.333,10.0,0.0
1.2207746e-05,-0.000286852,-0.00015566242,3.8052883e-24,50.639,10.0,0.0
8.6121e-06,0.00028472865,-0.00032746955,-5.8156694e-23,50.944,10.0,0.0
1.1379757e-05,0.00011394406,-0.0006864758,-1.9303010000000002e-23,51.25,10.0,0.0
1.4112042e-05,-9.115867e-05,0.0002579142,8.219302000000001e-23,51.556,10.0,0.0
1.0291071e-05,6.810855e-05,0.00015873555,-1.1238095e-22,51.861,10.0,0.0
-4.8031434e-06,4.1197054e-06,0.00017837109,-6.234248e-23,52.167,10.0,0.0
3.6452273e-06,0.0002363479,0.00011186162,6.6614596e-23,52.472,10.0,0.0
1.1607409e-05,-0.00018540397,-0.00022728147,4.1050263999999997e-23,52.778,10.0,0.0
-1.5219866e-06,0.00023308641,-0.0001706318,3.1049805e-23,53.083,10.0,0.0
-1.8022547e-06,-0.0002492976,-0.00046679017,-2.6006914e-23,53.389,10.0,0.0
-1.2035205e-05,5.7759928e-05,0.00017518486,-7.265255e-23,53.694,10.0,0.0
8.1542385e-06,-0.00023505068,0.00018588633,-6.592100399999999e-25,54.0,10.0,0.0
5.5987457e-06,6.0891965e-05,0.0005195234,2.5082040000000002e-23,54.306,10.0,0.0
7.302493e-06,-4.9400143e-05,0.0001950924,5.6050776e-25,54.611,10.0,0.0
1.5076922e-05,-0.00016095722,-0.0002313056,1.6134818e-23,54.917,10.0,0.0
8.523792e-06,1.4329329e-05,8.229911e-05,3.579159e-23,55.222,10.0,0.0
1.5601214e-05,3.423821e-05,0.00011395151,2.0862178e-23,55.528,10.0,0.0
6.4981477e-06,1.0484946e-05,3.319513e-05,-3.510595e-23,55.833,10.0,0.0
1.1236322e-05,4.8161484e-05,0.00022816565,-4.9379108e-23,56.139,10.0,0.0
1.1207125e-05,0.00014499202,-2.7854461e-05,-6.2811e-23,56.444,10.0,0.0
5.6349927e-06,0.00025096815,-0.0003139153,-6.6589554e-23,56.75,10.0,0.0
1.21232915e-05,2.336828e-05,-0.0001505572,-5.871170000000001e-24,57.056,10.0,0.0
7.186565e-06,8.138642e-05,-0.0001636853,2.6337100000000002e-23,57.361,10.0,0.0
6.2587733e-06,5.47464e-05,-5.6004617e-05,8.18154e-23,57.667,10.0,0.0
1.4165344e-06,5.076104e-05,0.0001265523,1.8325150000000002e-23,57.972,10.0,0.0
1.3402323e-06,-0.0001426611,3.1312928e-05,1.1620868e-24,58.278,10.0,0.0
-9.741746e-06,0.00014441507,0.00019470416,-2.7673998e-23,58.583,10.0,0.0
9.04638e-07,-1.5261816e-05,-0.0003339321,-3.3062385e-23,58.889,10.0,0.0
-3.5014782e-06,-2.9787516e-06,0.00013628462,-1.2776871e-23,59.194,10.0,0.0
-4.331847e-06,-5.8601843e-05,0.00045137585,-5.0228705e-23,59.5,10.0,0.0
3.695899e-06,-0.00035446207,0.00019684201,5.6601186e-23,59.806,10.0,0.0
-5.14556e-06,-0.00037410436,-0.00032322016,-3.2600995999999997e-23,60.111,10.0,0.0
-8.503428e-06,9.302772e-05,0.00023142656,3.880596e-23,60.417,10.0,0.0
1.1407079e-05,-9.873684e-05,5.4809498e-05,4.1810486e-23,60.722,10.0,0.0
-5.1015995e-06,-0.00022128713,-0.0005034872,6.482841000000001e-23,61.028,10.0,0.0
-6.250797e-06,4.9454626e-05,0.00040444976,1.8017432e-23,61.333,10.0,0.0
1.6667145e-06,7.686904e-05,-0.00051489077,-1.0983165e-23,61.639,10.0,0.0
5.01636e-06,-0.0003604642,0.0001833844,8.171034e-24,61.944,10.0,0.0
1.4400866e-05,-0.00014276139,0.00010904798,3.71477e-23,62.25,10.0,0.0
-9.662097e-06,-0.0001760862,-6.3686166e-05,1.8965175e-23,62.556,10.0,0.0
1.9118783e-05,-6.9345115e-05,-0.0002591745,-7.872236000000001e-23,62.861,10.0,0.0
3.2899788e-06,8.429302e-05,-0.00039283652,3.5275032e-23,63.167,10.0,0.0
7.029241e-06,0.000116685755,-7.668161e-05,-8.902958e-24,63.472,10.0,0.0
6.7184774e-06,0.00020469585,-0.00042215537,-3.1784404999999997e-23,63.778,10.0,0.0
3.8873404e-06,0.0001714353,9.345938e-06,2.8504006e-23,64.083,10.0,0.0
1.7914717e-06,-0.00016570557,-0.00023196638,-1.1648737e-23,64.389,10.0,0.0
-1.6501872e-07,-3.7049176e-05,0.00026531634,3.3310504e-23,64.694,10.0,0.0
7.5339503e-06,0.021809738,-0.0001633605,4.085406e-23,65.0,10.0,0.0
