"p","U:0","U:1","U:2","Points:0","Points:1","Points:2"
0.00018681,0.049998,9.7797e-06,0,-24.75,-9.3333,0
0.00018783,0,0,0,-24.75,-10,0
0.00018715,0.05,0,0,-25,-9.3333,0
0.00018844,0.023084,0,0,-25,-10,0
0.00018636,0.049998,1.5885e-05,0,-24.5,-9.3333,0
0.00018706,0,0,0,-24.5,-10,0
0.0001861,0.049996,2.0412e-05,0,-24.25,-9.3333,0
0.00018667,0,0,0,-24.25,-10,0
0.00018581,0.049993,2.4191e-05,0,-24,-9.3333,0
0.00018625,0,0,0,-24,-10,0
0.00018555,0.049989,2.7045e-05,0,-23.75,-9.3333,0
0.00018588,0,0,0,-23.75,-10,0
0.00018531,0.049986,2.9303e-05,0,-23.5,-9.3333,0
0.00018556,0,0,0,-23.5,-10,0
0.00018507,0.049981,3.102e-05,0,-23.25,-9.3333,0
0.00018527,0,0,0,-23.25,-10,0
0.00018485,0.049977,3.2391e-05,0,-23,-9.3333,0
0.00018499,0,0,0,-23,-10,0
0.00018463,0.049972,3.3445e-05,0,-22.75,-9.3333,0
0.00018474,0,0,0,-22.75,-10,0
0.00018441,0.049967,3.4279e-05,0,-22.5,-9.3333,0
0.00018449,0,0,0,-22.5,-10,0
0.00018419,0.049962,3.4918e-05,0,-22.25,-9.3333,0
0.00018425,0,0,0,-22.25,-10,0
0.00018398,0.049957,3.5413e-05,0,-22,-9.3333,0
0.00018402,0,0,0,-22,-10,0
0.00018376,0.049952,3.5766e-05,0,-21.75,-9.3333,0
0.00018378,0,0,0,-21.75,-10,0
0.00018353,0.049946,3.5998e-05,0,-21.5,-9.3333,0
0.00018354,0,0,0,-21.5,-10,0
0.0001833,0.049941,3.6115e-05,0,-21.25,-9.3333,0
0.0001833,0,0,0,-21.25,-10,0
0.00018306,0.049936,3.611e-05,0,-21,-9.3333,0
0.00018305,0,0,0,-21,-10,0
0.00018281,0.04993,3.6012e-05,0,-20.75,-9.3333,0
0.00018279,0,0,0,-20.75,-10,0
0.00018255,0.049925,3.5765e-05,0,-20.5,-9.3333,0
0.00018252,0,0,0,-20.5,-10,0
0.00018228,0.04992,3.5426e-05,0,-20.25,-9.3333,0
0.00018224,0,0,0,-20.25,-10,0
0.00018199,0.049915,3.4969e-05,0,-20,-9.3333,0
0.00018194,0,0,0,-20,-10,0
0.00018168,0.04991,3.4351e-05,0,-19.75,-9.3333,0
0.00018163,0,0,0,-19.75,-10,0
0.00018136,0.049906,3.3652e-05,0,-19.5,-9.3333,0
0.0001813,0,0,0,-19.5,-10,0
0.00018102,0.049901,3.2757e-05,0,-19.25,-9.3333,0
0.00018095,0,0,0,-19.25,-10,0
0.00018066,0.049897,3.1736e-05,0,-19,-9.3333,0
0.00018058,0,0,0,-19,-10,0
0.00018027,0.049894,3.0566e-05,0,-18.75,-9.3333,0
0.00018018,0,0,0,-18.75,-10,0
0.00017986,0.049891,2.9167e-05,0,-18.5,-9.3333,0
0.00017976,0,0,0,-18.5,-10,0
0.00017942,0.049888,2.7619e-05,0,-18.25,-9.3333,0
0.00017931,0,0,0,-18.25,-10,0
0.00017895,0.049886,2.5941e-05,0,-18,-9.3333,0
0.00017882,0,0,0,-18,-10,0
0.00017844,0.049885,2.3909e-05,0,-17.75,-9.3333,0
0.00017831,0,0,0,-17.75,-10,0
0.0001779,0.049885,2.1773e-05,0,-17.5,-9.3333,0
0.00017775,0,0,0,-17.5,-10,0
0.00017732,0.049885,1.9467e-05,0,-17.25,-9.3333,0
0.00017716,0,0,0,-17.25,-10,0
0.0001767,0.049886,1.6861e-05,0,-17,-9.3333,0
0.00017652,0,0,0,-17,-10,0
0.00017603,0.049888,1.4005e-05,0,-16.75,-9.3333,0
0.00017583,0,0,0,-16.75,-10,0
0.00017531,0.049892,1.0993e-05,0,-16.5,-9.3333,0
0.00017509,0,0,0,-16.5,-10,0
0.00017454,0.049896,7.6191e-06,0,-16.25,-9.3333,0
0.0001743,0,0,0,-16.25,-10,0
0.00017371,0.049902,4.1641e-06,0,-16,-9.3333,0
0.00017345,0,0,0,-16,-10,0
0.00017281,0.049909,2.3482e-07,0,-15.75,-9.3333,0
0.00017253,0,0,0,-15.75,-10,0
0.00017185,0.049917,-3.9042e-06,0,-15.5,-9.3333,0
0.00017155,0,0,0,-15.5,-10,0
0.00017082,0.049927,-8.4992e-06,0,-15.25,-9.3333,0
0.00017049,0,0,0,-15.25,-10,0
0.0001697,0.049939,-1.3113e-05,0,-15,-9.3333,0
0.00016933,0,0,0,-15,-10,0
0.00016848,0.049952,-1.8294e-05,0,-14.75,-9.3333,0
0.00016808,0,0,0,-14.75,-10,0
0.00016719,0.049968,-2.3914e-05,0,-14.5,-9.3333,0
0.00016675,0,0,0,-14.5,-10,0
0.00016578,0.049986,-3.0272e-05,0,-14.25,-9.3333,0
0.0001653,0,0,0,-14.25,-10,0
0.00016427,0.050006,-3.7015e-05,0,-14,-9.3333,0
0.00016374,0,0,0,-14,-10,0
0.00016264,0.050028,-4.4428e-05,0,-13.75,-9.3333,0
0.00016205,0,0,0,-13.75,-10,0
0.00016088,0.050053,-5.2147e-05,0,-13.5,-9.3333,0
0.00016023,0,0,0,-13.5,-10,0
0.00015898,0.05008,-6.0944e-05,0,-13.25,-9.3333,0
0.00015826,0,0,0,-13.25,-10,0
0.00015693,0.050112,-6.9952e-05,0,-13,-9.3333,0
0.00015612,0,0,0,-13,-10,0
0.00015471,0.050145,-8.0346e-05,0,-12.75,-9.3333,0
0.00015381,0,0,0,-12.75,-10,0
0.00015233,0.050183,-9.0659e-05,0,-12.5,-9.3333,0
0.00015128,0,0,0,-12.5,-10,0
0.00014975,0.050223,-0.00010332,0,-12.25,-9.3333,0
0.00014857,0,0,0,-12.25,-10,0
0.00014697,0.050269,-0.00011576,0,-12,-9.3333,0
0.00014558,0,0,0,-12,-10,0
0.00014396,0.050317,-0.00013185,0,-11.75,-9.3333,0
0.00014236,0,0,0,-11.75,-10,0
0.00014076,0.050372,-0.00014746,0,-11.5,-9.3333,0
0.00013882,0,0,0,-11.5,-10,0
0.00013722,0.050429,-0.00016831,0,-11.25,-9.3333,0
0.00013491,0,0,0,-11.25,-10,0
0.00013368,0.050496,-0.00018936,0,-11,-9.3333,0
0.00013088,0,0,0,-11,-10,0
0.00012943,0.050561,-0.00021608,0,-10.75,-9.3333,0
0.00012594,0,0,0,-10.75,-10,0
0.00012603,0.050647,-0.00025146,0,-10.5,-9.3333,0
0.00012204,0,0,0,-10.5,-10,0
0.00012037,0.050716,-0.00029954,0,-10.25,-9.3333,0
0.00011461,0,0,0,-10.25,-10,0
0.0001139,0.050807,-0.00033464,-3.2266e-24,-10,-9.3333,0
0.00011826,0,0,0,-10,-10,0
0.00018578,0.050001,6.3322e-06,0,-24.75,-8.6667,0
0.00018583,0.05,0,0,-25,-8.6667,0
0.00018567,0.050003,1.0448e-05,0,-24.5,-8.6667,0
0.00018556,0.050005,1.4106e-05,0,-24.25,-8.6667,0
0.00018542,0.050008,1.7114e-05,0,-24,-8.6667,0
0.00018527,0.050011,1.9548e-05,0,-23.75,-8.6667,0
0.0001851,0.050014,2.1597e-05,0,-23.5,-8.6667,0
0.00018493,0.050017,2.3243e-05,0,-23.25,-8.6667,0
0.00018476,0.05002,2.4641e-05,0,-23,-8.6667,0
0.00018458,0.050023,2.5758e-05,0,-22.75,-8.6667,0
0.0001844,0.050026,2.6689e-05,0,-22.5,-8.6667,0
0.00018421,0.050028,2.7414e-05,0,-22.25,-8.6667,0
0.00018401,0.050031,2.7999e-05,0,-22,-8.6667,0
0.00018382,0.050034,2.8394e-05,0,-21.75,-8.6667,0
0.00018361,0.050037,2.8647e-05,0,-21.5,-8.6667,0
0.00018339,0.050039,2.8703e-05,0,-21.25,-8.6667,0
0.00018317,0.050042,2.8599e-05,0,-21,-8.6667,0
0.00018294,0.050045,2.8275e-05,0,-20.75,-8.6667,0
0.0001827,0.050048,2.7776e-05,0,-20.5,-8.6667,0
0.00018244,0.050051,2.7028e-05,0,-20.25,-8.6667,0
0.00018217,0.050054,2.6127e-05,0,-20,-8.6667,0
0.00018188,0.050057,2.4897e-05,0,-19.75,-8.6667,0
0.00018158,0.050061,2.3539e-05,0,-19.5,-8.6667,0
0.00018126,0.050064,2.1789e-05,0,-19.25,-8.6667,0
0.00018092,0.050069,1.9814e-05,0,-19,-8.6667,0
0.00018056,0.050073,1.7486e-05,0,-18.75,-8.6667,0
0.00018017,0.050078,1.4853e-05,0,-18.5,-8.6667,0
0.00017976,0.050083,1.1782e-05,0,-18.25,-8.6667,0
0.00017931,0.050089,8.482e-06,0,-18,-8.6667,0
0.00017884,0.050096,4.6136e-06,0,-17.75,-8.6667,0
0.00017833,0.050103,4.6832e-07,0,-17.5,-8.6667,0
0.00017779,0.050111,-4.0856e-06,0,-17.25,-8.6667,0
0.0001772,0.05012,-9.0903e-06,0,-17,-8.6667,0
0.00017658,0.05013,-1.4689e-05,0,-16.75,-8.6667,0
0.0001759,0.050141,-2.0536e-05,0,-16.5,-8.6667,0
0.00017518,0.050152,-2.6962e-05,0,-16.25,-8.6667,0
0.0001744,0.050166,-3.386e-05,0,-16,-8.6667,0
0.00017356,0.05018,-4.1509e-05,0,-15.75,-8.6667,0
0.00017266,0.050196,-4.9588e-05,0,-15.5,-8.6667,0
0.00017168,0.050213,-5.8192e-05,0,-15.25,-8.6667,0
0.00017064,0.050232,-6.7331e-05,0,-15,-8.6667,0
0.0001695,0.050252,-7.7432e-05,0,-14.75,-8.6667,0
0.00016828,0.050275,-8.8366e-05,0,-14.5,-8.6667,0
0.00016697,0.050298,-0.00010014,0,-14.25,-8.6667,0
0.00016556,0.050325,-0.00011252,0,-14,-8.6667,0
0.00016402,0.050353,-0.00012608,0,-13.75,-8.6667,0
0.00016239,0.050384,-0.00014052,0,-13.5,-8.6667,0
0.0001606,0.050417,-0.00015635,0,-13.25,-8.6667,0
0.00015871,0.050454,-0.00017274,0,-13,-8.6667,0
0.00015663,0.050492,-0.00019065,0,-12.75,-8.6667,0
0.00015445,0.050534,-0.00020927,0,-12.5,-8.6667,0
0.00015205,0.050578,-0.00023015,0,-12.25,-8.6667,0
0.00014953,0.050627,-0.00025182,0,-12,-8.6667,0
0.00014677,0.050678,-0.00027599,0,-11.75,-8.6667,0
0.00014392,0.050733,-0.00030099,0,-11.5,-8.6667,0
0.00014076,0.05079,-0.00032896,0,-11.25,-8.6667,0
0.0001376,0.050852,-0.00035829,0,-11,-8.6667,0
0.00013407,0.050915,-0.00038979,0,-10.75,-8.6667,0
0.00013077,0.050985,-0.00042727,0,-10.5,-8.6667,0
0.00012689,0.051048,-0.00046133,0,-10.25,-8.6667,0
0.00012319,0.051118,-0.00050286,0,-10,-8.6667,0
0.00018544,0.05,2.5293e-06,0,-24.75,-8,0
0.00018546,0.05,0,0,-25,-8,0
0.00018538,0.050002,4.9989e-06,0,-24.5,-8,0
0.0001853,0.050003,7.3903e-06,0,-24.25,-8,0
0.0001852,0.050005,9.6349e-06,0,-24,-8,0
0.00018509,0.050007,1.1681e-05,0,-23.75,-8,0
0.00018496,0.050009,1.3573e-05,0,-23.5,-8,0
0.00018483,0.050012,1.5203e-05,0,-23.25,-8,0
0.00018469,0.050014,1.668e-05,0,-23,-8,0
0.00018454,0.050016,1.792e-05,0,-22.75,-8,0
0.00018439,0.050019,1.9e-05,0,-22.5,-8,0
0.00018423,0.050021,1.9874e-05,0,-22.25,-8,0
0.00018407,0.050023,2.0609e-05,0,-22,-8,0
0.0001839,0.050025,2.1112e-05,0,-21.75,-8,0
0.00018372,0.050028,2.1437e-05,0,-21.5,-8,0
0.00018353,0.05003,2.1478e-05,0,-21.25,-8,0
0.00018333,0.050032,2.1319e-05,0,-21,-8,0
0.00018313,0.050035,2.0844e-05,0,-20.75,-8,0
0.00018291,0.050037,2.0152e-05,0,-20.5,-8,0
0.00018269,0.050039,1.9105e-05,0,-20.25,-8,0
0.00018245,0.050042,1.7822e-05,0,-20,-8,0
0.00018219,0.050045,1.6097e-05,0,-19.75,-8,0
0.00018193,0.050048,1.412e-05,0,-19.5,-8,0
0.00018164,0.050051,1.1602e-05,0,-19.25,-8,0
0.00018133,0.050055,8.8082e-06,0,-19,-8,0
0.00018101,0.050058,5.4154e-06,0,-18.75,-8,0
0.00018066,0.050063,1.6987e-06,0,-18.5,-8,0
0.0001803,0.050067,-2.7371e-06,0,-18.25,-8,0
0.0001799,0.050073,-7.4976e-06,0,-18,-8,0
0.00017948,0.050078,-1.3051e-05,0,-17.75,-8,0
0.00017903,0.050085,-1.8951e-05,0,-17.5,-8,0
0.00017855,0.050091,-2.5631e-05,0,-17.25,-8,0
0.00017803,0.050099,-3.2838e-05,0,-17,-8,0
0.00017747,0.050107,-4.0876e-05,0,-16.75,-8,0
0.00017687,0.050117,-4.9364e-05,0,-16.5,-8,0
0.00017623,0.050127,-5.8753e-05,0,-16.25,-8,0
0.00017554,0.050139,-6.8878e-05,0,-16,-8,0
0.00017479,0.050151,-7.9839e-05,0,-15.75,-8,0
0.00017399,0.050165,-9.1466e-05,0,-15.5,-8,0
0.00017312,0.05018,-0.00010402,0,-15.25,-8,0
0.0001722,0.050197,-0.00011771,0,-15,-8,0
0.00017118,0.050215,-0.00013245,0,-14.75,-8,0
0.00017011,0.050235,-0.00014816,0,-14.5,-8,0
0.00016893,0.050256,-0.00016475,0,-14.25,-8,0
0.00016769,0.050279,-0.00018278,0,-14,-8,0
0.00016632,0.050304,-0.00020218,0,-13.75,-8,0
0.00016486,0.050332,-0.00022325,0,-13.5,-8,0
0.00016327,0.050361,-0.00024527,0,-13.25,-8,0
0.00016159,0.050394,-0.00026903,0,-13,-8,0
0.00015974,0.050428,-0.00029392,0,-12.75,-8,0
0.00015778,0.050465,-0.00032143,0,-12.5,-8,0
0.00015564,0.050505,-0.00035017,0,-12.25,-8,0
0.00015337,0.050549,-0.00038159,0,-12,-8,0
0.00015089,0.050595,-0.00041369,0,-11.75,-8,0
0.00014828,0.050644,-0.0004494,0,-11.5,-8,0
0.00014542,0.050698,-0.0004855,0,-11.25,-8,0
0.0001424,0.050754,-0.00052587,0,-11,-8,0
0.00013915,0.050815,-0.00056559,0,-10.75,-8,0
0.00013572,0.05088,-0.00061084,0,-10.5,-8,0
0.00013204,0.050948,-0.00065121,0,-10.25,-8,0
0.00012795,0.051025,-0.0006954,0,-10,-8,0
0.00018515,0.05,1.492e-06,0,-24.75,-7.3333,0
0.00018516,0.05,0,0,-25,-7.3333,0
0.00018512,0.050001,3.163e-06,0,-24.5,-7.3333,0
0.00018508,0.050002,4.8252e-06,0,-24.25,-7.3333,0
0.00018501,0.050003,6.5133e-06,0,-24,-7.3333,0
0.00018494,0.050004,8.1147e-06,0,-23.75,-7.3333,0
0.00018486,0.050005,9.6486e-06,0,-23.5,-7.3333,0
0.00018477,0.050007,1.1027e-05,0,-23.25,-7.3333,0
0.00018466,0.050009,1.2361e-05,0,-23,-7.3333,0
0.00018455,0.05001,1.3462e-05,0,-22.75,-7.3333,0
0.00018444,0.050012,1.4393e-05,0,-22.5,-7.3333,0
0.00018431,0.050013,1.5193e-05,0,-22.25,-7.3333,0
0.00018418,0.050015,1.5912e-05,0,-22,-7.3333,0
0.00018404,0.050017,1.6373e-05,0,-21.75,-7.3333,0
0.00018389,0.050018,1.6604e-05,0,-21.5,-7.3333,0
0.00018374,0.05002,1.6507e-05,0,-21.25,-7.3333,0
0.00018358,0.050022,1.6188e-05,0,-21,-7.3333,0
0.0001834,0.050024,1.5525e-05,0,-20.75,-7.3333,0
0.00018322,0.050025,1.4603e-05,0,-20.5,-7.3333,0
0.00018303,0.050027,1.3284e-05,0,-20.25,-7.3333,0
0.00018283,0.050029,1.164e-05,0,-20,-7.3333,0
0.00018262,0.050031,9.4767e-06,0,-19.75,-7.3333,0
0.00018239,0.050034,6.9426e-06,0,-19.5,-7.3333,0
0.00018215,0.050036,3.818e-06,0,-19.25,-7.3333,0
0.00018189,0.050039,3.1631e-07,0,-19,-7.3333,0
0.00018162,0.050042,-3.9564e-06,0,-18.75,-7.3333,0
0.00018133,0.050045,-8.6842e-06,0,-18.5,-7.3333,0
0.00018102,0.050048,-1.4303e-05,0,-18.25,-7.3333,0
0.00018069,0.050052,-2.034e-05,0,-18,-7.3333,0
0.00018034,0.050057,-2.7329e-05,0,-17.75,-7.3333,0
0.00017996,0.050062,-3.4796e-05,0,-17.5,-7.3333,0
0.00017955,0.050067,-4.3265e-05,0,-17.25,-7.3333,0
0.00017912,0.050074,-5.2323e-05,0,-17,-7.3333,0
0.00017865,0.05008,-6.2419e-05,0,-16.75,-7.3333,0
0.00017815,0.050088,-7.3264e-05,0,-16.5,-7.3333,0
0.00017761,0.050096,-8.5141e-05,0,-16.25,-7.3333,0
0.00017703,0.050106,-9.7942e-05,0,-16,-7.3333,0
0.00017641,0.050116,-0.00011164,0,-15.75,-7.3333,0
0.00017575,0.050127,-0.00012655,0,-15.5,-7.3333,0
0.00017502,0.050139,-0.0001425,0,-15.25,-7.3333,0
0.00017424,0.050153,-0.00016,0,-15,-7.3333,0
0.0001734,0.050168,-0.00017823,0,-14.75,-7.3333,0
0.0001725,0.050184,-0.00019815,0,-14.5,-7.3333,0
0.00017151,0.050202,-0.00021898,0,-14.25,-7.3333,0
0.00017047,0.050221,-0.00024225,0,-14,-7.3333,0
0.00016932,0.050242,-0.00026641,0,-13.75,-7.3333,0
0.0001681,0.050265,-0.00029292,0,-13.5,-7.3333,0
0.00016677,0.05029,-0.00032001,0,-13.25,-7.3333,0
0.00016535,0.050316,-0.00035015,0,-13,-7.3333,0
0.0001638,0.050345,-0.00038131,0,-12.75,-7.3333,0
0.00016213,0.050377,-0.00041618,0,-12.5,-7.3333,0
0.00016033,0.050411,-0.00045182,0,-12.25,-7.3333,0
0.0001584,0.050447,-0.00049104,0,-12,-7.3333,0
0.00015631,0.050486,-0.00053111,0,-11.75,-7.3333,0
0.00015406,0.050529,-0.00057578,0,-11.5,-7.3333,0
0.00015163,0.050575,-0.00062135,0,-11.25,-7.3333,0
0.00014901,0.050624,-0.00067204,0,-11,-7.3333,0
0.00014618,0.050677,-0.00072308,0,-10.75,-7.3333,0
0.00014314,0.050734,-0.00078033,0,-10.5,-7.3333,0
0.00013984,0.050796,-0.00083676,0,-10.25,-7.3333,0
0.00013609,0.050866,-0.00089698,1.34e-22,-10,-7.3333,0
0.00018508,0.05,5.3587e-07,0,-24.75,-6.6667,0
0.00018508,0.05,0,0,-25,-6.6667,0
0.00018506,0.05,1.3793e-06,0,-24.5,-6.6667,0
0.00018503,0.050001,2.385e-06,0,-24.25,-6.6667,0
0.00018498,0.050002,3.4991e-06,0,-24,-6.6667,0
0.00018493,0.050003,4.7005e-06,0,-23.75,-6.6667,0
0.00018487,0.050004,5.9039e-06,0,-23.5,-6.6667,0
0.0001848,0.050005,7.0634e-06,0,-23.25,-6.6667,0
0.00018472,0.050006,8.3094e-06,0,-23,-6.6667,0
0.00018464,0.050007,9.2932e-06,0,-22.75,-6.6667,0
0.00018454,0.050008,1.0176e-05,0,-22.5,-6.6667,0
0.00018445,0.050009,1.1021e-05,0,-22.25,-6.6667,0
0.00018434,0.05001,1.1789e-05,0,-22,-6.6667,0
0.00018424,0.050011,1.2236e-05,0,-21.75,-6.6667,0
0.00018413,0.050012,1.2427e-05,0,-21.5,-6.6667,0
0.00018401,0.050014,1.2383e-05,0,-21.25,-6.6667,0
0.00018388,0.050015,1.2007e-05,0,-21,-6.6667,0
0.00018375,0.050016,1.1292e-05,0,-20.75,-6.6667,0
0.00018361,0.050017,1.0205e-05,0,-20.5,-6.6667,0
0.00018346,0.050018,8.6788e-06,0,-20.25,-6.6667,0
0.00018329,0.05002,6.7395e-06,0,-20,-6.6667,0
0.00018313,0.050021,4.4191e-06,0,-19.75,-6.6667,0
0.00018296,0.050022,1.736e-06,0,-19.5,-6.6667,0
0.00018276,0.050023,-1.7364e-06,0,-19.25,-6.6667,0
0.00018257,0.050025,-5.8583e-06,0,-19,-6.6667,0
0.00018236,0.050027,-1.0887e-05,0,-18.75,-6.6667,0
0.00018213,0.050029,-1.6478e-05,0,-18.5,-6.6667,0
0.00018189,0.050031,-2.293e-05,0,-18.25,-6.6667,0
0.00018164,0.050034,-2.9971e-05,0,-18,-6.6667,0
0.00018137,0.050036,-3.8086e-05,0,-17.75,-6.6667,0
0.00018108,0.05004,-4.6845e-05,0,-17.5,-6.6667,0
0.00018077,0.050043,-5.6781e-05,0,-17.25,-6.6667,0
0.00018044,0.050048,-6.7377e-05,0,-17,-6.6667,0
0.00018009,0.050052,-7.9206e-05,0,-16.75,-6.6667,0
0.00017971,0.050058,-9.1917e-05,0,-16.5,-6.6667,0
0.0001793,0.050064,-0.0001059,0,-16.25,-6.6667,0
0.00017886,0.050071,-0.00012086,0,-16,-6.6667,0
0.00017838,0.050078,-0.00013693,0,-15.75,-6.6667,0
0.00017788,0.050086,-0.00015464,0,-15.5,-6.6667,0
0.00017732,0.050095,-0.00017329,0,-15.25,-6.6667,0
0.00017673,0.050105,-0.00019384,0,-15,-6.6667,0
0.00017609,0.050116,-0.00021505,0,-14.75,-6.6667,0
0.0001754,0.050129,-0.00023871,0,-14.5,-6.6667,0
0.00017465,0.050142,-0.00026338,0,-14.25,-6.6667,0
0.00017384,0.050157,-0.00029078,0,-14,-6.6667,0
0.00017297,0.050172,-0.00031888,0,-13.75,-6.6667,0
0.00017202,0.05019,-0.00034992,0,-13.5,-6.6667,0
0.000171,0.050209,-0.00038199,0,-13.25,-6.6667,0
0.00016988,0.050229,-0.00041777,0,-13,-6.6667,0
0.00016868,0.050252,-0.0004548,0,-12.75,-6.6667,0
0.00016737,0.050276,-0.0004957,0,-12.5,-6.6667,0
0.00016596,0.050303,-0.00053764,0,-12.25,-6.6667,0
0.00016442,0.050331,-0.00058393,0,-12,-6.6667,0
0.00016275,0.050363,-0.00063177,0,-11.75,-6.6667,0
0.00016093,0.050397,-0.00068459,0,-11.5,-6.6667,0
0.00015896,0.050434,-0.00073926,0,-11.25,-6.6667,0
0.0001568,0.050474,-0.00079896,0,-11,-6.6667,0
0.00015448,0.050518,-0.00086095,0,-10.75,-6.6667,0
0.00015191,0.050566,-0.0009284,0,-10.5,-6.6667,0
0.00014916,0.050617,-0.00099835,0,-10.25,-6.6667,0
0.0001459,0.050678,-0.0010723,2.278e-23,-10,-6.6667,0
0.00018503,0.05,5.3503e-08,0,-24.75,-6,0
0.00018503,0.05,0,0,-25,-6,0
0.00018502,0.05,5.4603e-07,0,-24.5,-6,0
0.000185,0.050001,1.269e-06,0,-24.25,-6,0
0.00018497,0.050001,2.101e-06,0,-24,-6,0
0.00018494,0.050002,3.0721e-06,0,-23.75,-6,0
0.0001849,0.050002,4.1301e-06,0,-23.5,-6,0
0.00018485,0.050003,5.2933e-06,0,-23.25,-6,0
0.0001848,0.050003,6.4163e-06,0,-23,-6,0
0.00018474,0.050004,7.3196e-06,0,-22.75,-6,0
0.00018468,0.050005,8.2405e-06,0,-22.5,-6,0
0.00018462,0.050005,9.242e-06,0,-22.25,-6,0
0.00018455,0.050006,1.0123e-05,0,-22,-6,0
0.00018447,0.050006,1.0567e-05,0,-21.75,-6,0
0.00018439,0.050007,1.0616e-05,0,-21.5,-6,0
0.00018431,0.050007,1.0446e-05,0,-21.25,-6,0
0.00018422,0.050008,9.9181e-06,0,-21,-6,0
0.00018413,0.050008,9.1896e-06,0,-20.75,-6,0
0.00018404,0.050009,8.0147e-06,0,-20.5,-6,0
0.00018394,0.050009,6.6378e-06,0,-20.25,-6,0
0.00018383,0.050009,5.2308e-06,0,-20,-6,0
0.0001837,0.050009,3.1209e-06,0,-19.75,-6,0
0.00018358,0.05001,8.9674e-08,0,-19.5,-6,0
0.00018346,0.05001,-3.9611e-06,0,-19.25,-6,0
0.00018332,0.050011,-8.7233e-06,0,-19,-6,0
0.00018318,0.050011,-1.4221e-05,0,-18.75,-6,0
0.00018304,0.050012,-2.0287e-05,0,-18.5,-6,0
0.00018288,0.050013,-2.7235e-05,0,-18.25,-6,0
0.00018271,0.050014,-3.4974e-05,0,-18,-6,0
0.00018254,0.050015,-4.385e-05,0,-17.75,-6,0
0.00018235,0.050016,-5.3551e-05,0,-17.5,-6,0
0.00018215,0.050018,-6.4469e-05,0,-17.25,-6,0
0.00018193,0.05002,-7.6263e-05,0,-17,-6,0
0.00018171,0.050022,-8.9405e-05,0,-16.75,-6,0
0.00018146,0.050026,-0.00010349,0,-16.5,-6,0
0.0001812,0.050029,-0.00011894,0,-16.25,-6,0
0.00018092,0.050033,-0.00013549,0,-16,-6,0
0.00018062,0.050036,-0.00015324,0,-15.75,-6,0
0.00018029,0.050041,-0.00017288,0,-15.5,-6,0
0.00017994,0.050047,-0.00019345,0,-15.25,-6,0
0.00017955,0.050053,-0.00021625,0,-15,-6,0
0.00017915,0.050059,-0.00023987,0,-14.75,-6,0
0.0001787,0.050067,-0.00026611,0,-14.5,-6,0
0.00017822,0.050075,-0.00029344,0,-14.25,-6,0
0.00017769,0.050084,-0.00032361,0,-14,-6,0
0.00017713,0.050094,-0.00035482,0,-13.75,-6,0
0.00017651,0.050105,-0.00038936,0,-13.5,-6,0
0.00017584,0.050117,-0.00042532,0,-13.25,-6,0
0.0001751,0.05013,-0.00046516,0,-13,-6,0
0.00017431,0.050145,-0.00050647,0,-12.75,-6,0
0.00017343,0.05016,-0.00055191,0,-12.5,-6,0
0.00017248,0.050178,-0.00059916,0,-12.25,-6,0
0.00017143,0.050197,-0.00065119,0,-12,-6,0
0.00017029,0.050219,-0.00070566,0,-11.75,-6,0
0.00016903,0.050242,-0.00076511,0,-11.5,-6,0
0.00016766,0.050267,-0.00082776,0,-11.25,-6,0
0.00016612,0.050296,-0.00089549,0,-11,-6,0
0.00016446,0.050327,-0.00096731,0,-10.75,-6,0
0.00016259,0.050361,-0.0010446,0,-10.5,-6,0
0.00016056,0.050398,-0.001127,0,-10.25,-6,0
0.00015813,0.050443,-0.0012147,-1.5641e-22,-10,-6,0
0.00018509,0.05,-2.5766e-07,0,-24.75,-5.3333,0
0.00018509,0.05,0,0,-25,-5.3333,0
0.00018508,0.05,-3.7914e-08,0,-24.5,-5.3333,0
0.00018506,0.05,3.6495e-07,0,-24.25,-5.3333,0
0.00018505,0.050001,9.8966e-07,0,-24,-5.3333,0
0.00018503,0.050001,1.7921e-06,0,-23.75,-5.3333,0
0.000185,0.050001,2.7376e-06,0,-23.5,-5.3333,0
0.00018497,0.050001,3.894e-06,0,-23.25,-5.3333,0
0.00018494,0.050002,5.0714e-06,0,-23,-5.3333,0
0.00018491,0.050002,5.9142e-06,0,-22.75,-5.3333,0
0.00018487,0.050002,6.8139e-06,0,-22.5,-5.3333,0
0.00018483,0.050002,8.1905e-06,0,-22.25,-5.3333,0
0.00018479,0.050002,9.0708e-06,0,-22,-5.3333,0
0.00018475,0.050002,9.2672e-06,0,-21.75,-5.3333,0
0.0001847,0.050003,9.5135e-06,0,-21.5,-5.3333,0
0.00018464,0.050002,9.567e-06,0,-21.25,-5.3333,0
0.00018458,0.050002,9.3713e-06,0,-21,-5.3333,0
0.00018453,0.050002,9.0646e-06,0,-20.75,-5.3333,0
0.00018447,0.050001,8.19e-06,0,-20.5,-5.3333,0
0.00018442,0.05,7.0099e-06,0,-20.25,-5.3333,0
0.00018439,0.05,5.8222e-06,0,-20,-5.3333,0
0.00018431,0.049999,3.658e-06,0,-19.75,-5.3333,0
0.00018425,0.049999,4.1137e-07,0,-19.5,-5.3333,0
0.00018419,0.049998,-3.8718e-06,0,-19.25,-5.3333,0
0.00018413,0.049997,-8.7684e-06,0,-19,-5.3333,0
0.00018406,0.049996,-1.4353e-05,0,-18.75,-5.3333,0
0.000184,0.049996,-2.0613e-05,0,-18.5,-5.3333,0
0.00018393,0.049995,-2.7838e-05,0,-18.25,-5.3333,0
0.00018386,0.049995,-3.5967e-05,0,-18,-5.3333,0
0.00018378,0.049994,-4.5249e-05,0,-17.75,-5.3333,0
0.0001837,0.049994,-5.5429e-05,0,-17.5,-5.3333,0
0.00018362,0.049993,-6.6964e-05,0,-17.25,-5.3333,0
0.00018353,0.049993,-7.9362e-05,0,-17,-5.3333,0
0.00018344,0.049993,-9.3311e-05,0,-16.75,-5.3333,0
0.00018334,0.049993,-0.00010816,0,-16.5,-5.3333,0
0.00018324,0.049993,-0.0001244,0,-16.25,-5.3333,0
0.00018313,0.049994,-0.00014193,0,-16,-5.3333,0
0.00018301,0.049994,-0.00016079,0,-15.75,-5.3333,0
0.00018288,0.049995,-0.00018143,0,-15.5,-5.3333,0
0.00018274,0.049996,-0.00020334,0,-15.25,-5.3333,0
0.00018259,0.049998,-0.00022744,0,-15,-5.3333,0
0.00018243,0.05,-0.00025273,0,-14.75,-5.3333,0
0.00018224,0.050002,-0.00028041,0,-14.5,-5.3333,0
0.00018206,0.050005,-0.0003094,0,-14.25,-5.3333,0
0.00018184,0.050008,-0.00034121,0,-14,-5.3333,0
0.00018161,0.050011,-0.00037446,0,-13.75,-5.3333,0
0.00018134,0.050015,-0.00041096,0,-13.5,-5.3333,0
0.00018106,0.050019,-0.00044941,0,-13.25,-5.3333,0
0.00018074,0.050025,-0.00049175,0,-13,-5.3333,0
0.00018039,0.05003,-0.00053634,0,-12.75,-5.3333,0
0.00017998,0.050037,-0.00058501,0,-12.5,-5.3333,0
0.00017955,0.050045,-0.00063597,0,-12.25,-5.3333,0
0.00017904,0.050053,-0.00069175,0,-12,-5.3333,0
0.0001785,0.050063,-0.00075069,0,-11.75,-5.3333,0
0.00017785,0.050074,-0.00081492,0,-11.5,-5.3333,0
0.00017716,0.050086,-0.00088342,0,-11.25,-5.3333,0
0.00017634,0.0501,-0.00095688,0,-11,-5.3333,0
0.00017544,0.050116,-0.0010356,0,-10.75,-5.3333,0
0.00017439,0.050134,-0.0011196,0,-10.5,-5.3333,0
0.00017324,0.050155,-0.0012111,0,-10.25,-5.3333,0
0.00017172,0.050182,-0.0013086,-5.8995e-24,-10,-5.3333,0
0.00018515,0.05,-4.0662e-07,0,-24.75,-4.6667,0
0.00018515,0.05,0,0,-25,-4.6667,0
0.00018514,0.05,-2.7446e-07,0,-24.5,-4.6667,0
0.00018514,0.05,4.9102e-08,0,-24.25,-4.6667,0
0.00018513,0.05,6.4447e-07,0,-24,-4.6667,0
0.00018511,0.05,1.528e-06,0,-23.75,-4.6667,0
0.0001851,0.05,2.5373e-06,0,-23.5,-4.6667,0
0.00018509,0.05,3.7132e-06,0,-23.25,-4.6667,0
0.00018508,0.05,5.0645e-06,0,-23,-4.6667,0
0.00018506,0.05,6.0372e-06,0,-22.75,-4.6667,0
0.00018505,0.05,7.1284e-06,0,-22.5,-4.6667,0
0.00018503,0.05,8.7272e-06,0,-22.25,-4.6667,0
0.00018501,0.049999,9.7872e-06,0,-22,-4.6667,0
0.00018501,0.049999,1.0086e-05,0,-21.75,-4.6667,0
0.00018499,0.049998,1.0703e-05,0,-21.5,-4.6667,0
0.00018498,0.049997,1.1218e-05,0,-21.25,-4.6667,0
0.00018496,0.049996,1.1589e-05,0,-21,-4.6667,0
0.00018495,0.049995,1.1848e-05,0,-20.75,-4.6667,0
0.00018495,0.049994,1.1432e-05,0,-20.5,-4.6667,0
0.00018493,0.049992,1.0333e-05,0,-20.25,-4.6667,0
0.00018494,0.049991,8.8067e-06,0,-20,-4.6667,0
0.00018494,0.049989,6.4548e-06,0,-19.75,-4.6667,0
0.00018495,0.049988,3.5401e-06,0,-19.5,-4.6667,0
0.00018495,0.049986,-3.6692e-07,0,-19.25,-4.6667,0
0.00018496,0.049984,-4.8697e-06,0,-19,-4.6667,0
0.00018496,0.049982,-1.0312e-05,0,-18.75,-4.6667,0
0.00018498,0.04998,-1.6448e-05,0,-18.5,-4.6667,0
0.000185,0.049978,-2.3672e-05,0,-18.25,-4.6667,0
0.00018502,0.049975,-3.175e-05,0,-18,-4.6667,0
0.00018505,0.049973,-4.1067e-05,0,-17.75,-4.6667,0
0.00018508,0.049971,-5.1369e-05,0,-17.5,-4.6667,0
0.00018512,0.049968,-6.2759e-05,0,-17.25,-4.6667,0
0.00018516,0.049965,-7.5507e-05,0,-17,-4.6667,0
0.00018522,0.049963,-8.9552e-05,0,-16.75,-4.6667,0
0.00018527,0.04996,-0.00010453,0,-16.5,-4.6667,0
0.00018533,0.049957,-0.00012084,0,-16.25,-4.6667,0
0.00018539,0.049954,-0.00013863,0,-16,-4.6667,0
0.00018547,0.049951,-0.00015791,0,-15.75,-4.6667,0
0.00018554,0.049948,-0.00017853,0,-15.5,-4.6667,0
0.00018563,0.049945,-0.00020087,0,-15.25,-4.6667,0
0.00018572,0.049942,-0.00022508,0,-15,-4.6667,0
0.00018582,0.049939,-0.00025105,0,-14.75,-4.6667,0
0.00018592,0.049936,-0.00027895,0,-14.5,-4.6667,0
0.00018604,0.049932,-0.00030854,0,-14.25,-4.6667,0
0.00018615,0.049929,-0.00034049,0,-14,-4.6667,0
0.00018628,0.049925,-0.00037432,0,-13.75,-4.6667,0
0.0001864,0.049922,-0.00041129,0,-13.5,-4.6667,0
0.00018653,0.049918,-0.00045094,0,-13.25,-4.6667,0
0.00018666,0.049914,-0.00049437,0,-13,-4.6667,0
0.0001868,0.04991,-0.00054044,0,-12.75,-4.6667,0
0.00018692,0.049907,-0.00058993,0,-12.5,-4.6667,0
0.00018705,0.049902,-0.00064215,0,-12.25,-4.6667,0
0.00018715,0.049899,-0.0006988,0,-12,-4.6667,0
0.00018726,0.049895,-0.0007596,0,-11.75,-4.6667,0
0.00018733,0.049893,-0.00082621,0,-11.5,-4.6667,0
0.00018739,0.04989,-0.00089795,0,-11.25,-4.6667,0
0.0001874,0.049889,-0.00097559,0,-11,-4.6667,0
0.00018739,0.049888,-0.0010591,0,-10.75,-4.6667,0
0.0001873,0.049888,-0.0011487,0,-10.5,-4.6667,0
0.00018716,0.049889,-0.0012459,0,-10.25,-4.6667,0
0.0001868,0.049893,-0.0013506,-6.6303e-24,-10,-4.6667,0
0.00018524,0.05,-4.8036e-07,0,-24.75,-4,0
0.00018524,0.05,0,0,-25,-4,0
0.00018523,0.05,-3.2986e-07,0,-24.5,-4,0
0.00018524,0.05,-2.1027e-08,0,-24.25,-4,0
0.00018523,0.05,6.0617e-07,0,-24,-4,0
0.00018523,0.05,1.6329e-06,0,-23.75,-4,0
0.00018524,0.05,2.7992e-06,0,-23.5,-4,0
0.00018524,0.049999,4.1062e-06,0,-23.25,-4,0
0.00018524,0.049999,5.5661e-06,0,-23,-4,0
0.00018524,0.049998,6.8718e-06,0,-22.75,-4,0
0.00018525,0.049998,8.3446e-06,0,-22.5,-4,0
0.00018526,0.049997,9.9483e-06,0,-22.25,-4,0
0.00018527,0.049996,1.1534e-05,0,-22,-4,0
0.00018528,0.049995,1.2527e-05,0,-21.75,-4,0
0.0001853,0.049994,1.3445e-05,0,-21.5,-4,0
0.00018532,0.049993,1.4117e-05,0,-21.25,-4,0
0.00018534,0.049991,1.4776e-05,0,-21,-4,0
0.00018538,0.04999,1.5399e-05,0,-20.75,-4,0
0.00018542,0.049988,1.548e-05,0,-20.5,-4,0
0.00018546,0.049986,1.4978e-05,0,-20.25,-4,0
0.00018551,0.049983,1.3883e-05,0,-20,-4,0
0.00018556,0.049981,1.1936e-05,0,-19.75,-4,0
0.00018562,0.049978,9.4073e-06,0,-19.5,-4,0
0.00018568,0.049975,5.9174e-06,0,-19.25,-4,0
0.00018576,0.049972,1.8423e-06,0,-19,-4,0
0.00018584,0.049969,-3.2178e-06,0,-18.75,-4,0
0.00018594,0.049966,-8.9143e-06,0,-18.5,-4,0
0.00018604,0.049962,-1.5733e-05,0,-18.25,-4,0
0.00018616,0.049958,-2.3309e-05,0,-18,-4,0
0.00018629,0.049954,-3.2189e-05,0,-17.75,-4,0
0.00018643,0.049949,-4.1996e-05,0,-17.5,-4,0
0.00018658,0.049945,-5.3009e-05,0,-17.25,-4,0
0.00018675,0.04994,-6.5298e-05,0,-17,-4,0
0.00018694,0.049935,-7.8832e-05,0,-16.75,-4,0
0.00018714,0.049929,-9.3324e-05,0,-16.5,-4,0
0.00018737,0.049923,-0.00010924,0,-16.25,-4,0
0.0001876,0.049917,-0.00012642,0,-16,-4,0
0.00018787,0.049911,-0.00014522,0,-15.75,-4,0
0.00018814,0.049904,-0.00016504,0,-15.5,-4,0
0.00018846,0.049896,-0.00018687,0,-15.25,-4,0
0.00018878,0.049888,-0.00021013,0,-15,-4,0
0.00018915,0.04988,-0.00023573,0,-14.75,-4,0
0.00018952,0.049871,-0.00026264,0,-14.5,-4,0
0.00018995,0.049862,-0.00029151,0,-14.25,-4,0
0.00019039,0.049852,-0.00032204,0,-14,-4,0
0.00019087,0.049842,-0.0003555,0,-13.75,-4,0
0.00019138,0.04983,-0.00039151,0,-13.5,-4,0
0.00019194,0.049818,-0.00043042,0,-13.25,-4,0
0.00019251,0.049805,-0.00047187,0,-13,-4,0
0.00019314,0.049791,-0.00051613,0,-12.75,-4,0
0.0001938,0.049777,-0.0005638,0,-12.5,-4,0
0.00019451,0.049762,-0.00061571,0,-12.25,-4,0
0.00019524,0.049747,-0.00067235,0,-12,-4,0
0.00019603,0.04973,-0.00073403,0,-11.75,-4,0
0.00019684,0.049714,-0.00080115,0,-11.5,-4,0
0.00019771,0.049696,-0.00087309,0,-11.25,-4,0
0.00019858,0.049678,-0.00095074,0,-11,-4,0
0.00019952,0.049657,-0.0010339,0,-10.75,-4,0
0.00020046,0.049636,-0.0011233,0,-10.5,-4,0
0.00020144,0.049614,-0.0012207,0,-10.25,-4,0
0.0002023,0.049593,-0.001326,0,-10,-4,0
0.00018531,0.05,-3.1598e-07,0,-24.75,-3.3333,0
0.00018531,0.05,0,0,-25,-3.3333,0
0.00018531,0.05,-1.0712e-07,0,-24.5,-3.3333,0
0.00018532,0.05,3.0407e-07,0,-24.25,-3.3333,0
0.00018533,0.05,1.1425e-06,0,-24,-3.3333,0
0.00018534,0.049999,2.353e-06,0,-23.75,-3.3333,0
0.00018535,0.049999,3.7619e-06,0,-23.5,-3.3333,0
0.00018537,0.049998,5.3695e-06,0,-23.25,-3.3333,0
0.00018539,0.049998,7.2218e-06,0,-23,-3.3333,0
0.00018541,0.049997,8.8095e-06,0,-22.75,-3.3333,0
0.00018543,0.049996,1.0549e-05,0,-22.5,-3.3333,0
0.00018546,0.049995,1.2582e-05,0,-22.25,-3.3333,0
0.0001855,0.049994,1.4781e-05,0,-22,-3.3333,0
0.00018553,0.049992,1.6306e-05,0,-21.75,-3.3333,0
0.00018557,0.049991,1.7579e-05,0,-21.5,-3.3333,0
0.00018563,0.049989,1.866e-05,0,-21.25,-3.3333,0
0.00018568,0.049987,1.9931e-05,0,-21,-3.3333,0
0.00018576,0.049985,2.108e-05,0,-20.75,-3.3333,0
0.00018583,0.049982,2.1872e-05,0,-20.5,-3.3333,0
0.00018591,0.04998,2.2029e-05,0,-20.25,-3.3333,0
0.000186,0.049977,2.1495e-05,0,-20,-3.3333,0
0.00018611,0.049973,2.0161e-05,0,-19.75,-3.3333,0
0.00018622,0.04997,1.8237e-05,0,-19.5,-3.3333,0
0.00018635,0.049966,1.54e-05,0,-19.25,-3.3333,0
0.00018649,0.049962,1.1983e-05,0,-19,-3.3333,0
0.00018665,0.049957,7.5799e-06,0,-18.75,-3.3333,0
0.00018682,0.049953,2.5775e-06,0,-18.5,-3.3333,0
0.000187,0.049948,-3.4911e-06,0,-18.25,-3.3333,0
0.00018721,0.049942,-1.0232e-05,0,-18,-3.3333,0
0.00018743,0.049936,-1.8218e-05,0,-17.75,-3.3333,0
0.00018768,0.04993,-2.6966e-05,0,-17.5,-3.3333,0
0.00018794,0.049923,-3.721e-05,0,-17.25,-3.3333,0
0.00018823,0.049916,-4.8352e-05,0,-17,-3.3333,0
0.00018855,0.049909,-6.0577e-05,0,-16.75,-3.3333,0
0.00018889,0.049901,-7.4149e-05,0,-16.5,-3.3333,0
0.00018927,0.049892,-8.8949e-05,0,-16.25,-3.3333,0
0.00018967,0.049883,-0.00010487,0,-16,-3.3333,0
0.00019011,0.049873,-0.00012216,0,-15.75,-3.3333,0
0.00019059,0.049862,-0.00014009,0,-15.5,-3.3333,0
0.00019111,0.049851,-0.00016057,0,-15.25,-3.3333,0
0.00019167,0.049838,-0.00018198,0,-15,-3.3333,0
0.00019228,0.049825,-0.0002062,0,-14.75,-3.3333,0
0.00019293,0.049811,-0.00023105,0,-14.5,-3.3333,0
0.00019365,0.049796,-0.00025776,0,-14.25,-3.3333,0
0.00019441,0.04978,-0.00028514,0,-14,-3.3333,0
0.00019524,0.049763,-0.00031558,0,-13.75,-3.3333,0
0.00019613,0.049744,-0.00034808,0,-13.5,-3.3333,0
0.0001971,0.049724,-0.00038461,0,-13.25,-3.3333,0
0.00019812,0.049702,-0.00042341,0,-13,-3.3333,0
0.00019924,0.049679,-0.00046603,0,-12.75,-3.3333,0
0.00020043,0.049655,-0.00051131,0,-12.5,-3.3333,0
0.00020172,0.049629,-0.00056129,0,-12.25,-3.3333,0
0.00020308,0.049602,-0.00061421,0,-12,-3.3333,0
0.00020456,0.049571,-0.00067205,0,-11.75,-3.3333,0
0.00020611,0.04954,-0.00073369,0,-11.5,-3.3333,0
0.00020779,0.049504,-0.0008005,0,-11.25,-3.3333,0
0.00020957,0.049467,-0.00087185,0,-11,-3.3333,0
0.00021148,0.049426,-0.00094923,0,-10.75,-3.3333,0
0.0002135,0.049383,-0.0010341,0,-10.5,-3.3333,0
0.00021563,0.049337,-0.0011254,0,-10.25,-3.3333,0
0.00021782,0.04929,-0.0012273,0,-10,-3.3333,0
0.00018539,0.05,-1.3992e-07,0,-24.75,-2.6667,0
0.00018539,0.05,0,0,-25,-2.6667,0
0.0001854,0.05,1.9367e-07,0,-24.5,-2.6667,0
0.00018541,0.05,8.2871e-07,0,-24.25,-2.6667,0
0.00018543,0.049999,1.9799e-06,0,-24,-2.6667,0
0.00018544,0.049999,3.3889e-06,0,-23.75,-2.6667,0
0.00018546,0.049998,5.0869e-06,0,-23.5,-2.6667,0
0.00018549,0.049998,7.1271e-06,0,-23.25,-2.6667,0
0.00018552,0.049997,9.3505e-06,0,-23,-2.6667,0
0.00018555,0.049996,1.13e-05,0,-22.75,-2.6667,0
0.00018559,0.049995,1.3483e-05,0,-22.5,-2.6667,0
0.00018564,0.049993,1.5968e-05,0,-22.25,-2.6667,0
0.0001857,0.049992,1.8617e-05,0,-22,-2.6667,0
0.00018575,0.04999,2.0841e-05,0,-21.75,-2.6667,0
0.00018582,0.049988,2.2726e-05,0,-21.5,-2.6667,0
0.0001859,0.049986,2.434e-05,0,-21.25,-2.6667,0
0.00018598,0.049984,2.6199e-05,0,-21,-2.6667,0
0.00018608,0.049981,2.7892e-05,0,-20.75,-2.6667,0
0.00018619,0.049978,2.9314e-05,0,-20.5,-2.6667,0
0.00018631,0.049975,3.0109e-05,0,-20.25,-2.6667,0
0.00018644,0.049971,3.0474e-05,0,-20,-2.6667,0
0.00018659,0.049967,3.0042e-05,0,-19.75,-2.6667,0
0.00018675,0.049963,2.9117e-05,0,-19.5,-2.6667,0
0.00018693,0.049959,2.7194e-05,0,-19.25,-2.6667,0
0.00018713,0.049953,2.4756e-05,0,-19,-2.6667,0
0.00018734,0.049948,2.1288e-05,0,-18.75,-2.6667,0
0.00018758,0.049942,1.7294e-05,0,-18.5,-2.6667,0
0.00018783,0.049936,1.2208e-05,0,-18.25,-2.6667,0
0.00018811,0.049929,6.5774e-06,0,-18,-2.6667,0
0.00018842,0.049922,-2.1633e-07,0,-17.75,-2.6667,0
0.00018875,0.049914,-7.6501e-06,0,-17.5,-2.6667,0
0.00018911,0.049906,-1.6418e-05,0,-17.25,-2.6667,0
0.00018951,0.049897,-2.6068e-05,0,-17,-2.6667,0
0.00018994,0.049887,-3.6703e-05,0,-16.75,-2.6667,0
0.00019041,0.049877,-4.8489e-05,0,-16.5,-2.6667,0
0.00019092,0.049866,-6.1362e-05,0,-16.25,-2.6667,0
0.00019147,0.049854,-7.519e-05,0,-16,-2.6667,0
0.00019207,0.049841,-9.0423e-05,0,-15.75,-2.6667,0
0.00019272,0.049827,-0.0001061,0,-15.5,-2.6667,0
0.00019343,0.049812,-0.00012411,0,-15.25,-2.6667,0
0.00019419,0.049796,-0.00014261,0,-15,-2.6667,0
0.00019503,0.049779,-0.00016359,0,-14.75,-2.6667,0
0.00019592,0.04976,-0.00018501,0,-14.5,-2.6667,0
0.0001969,0.049739,-0.00020849,0,-14.25,-2.6667,0
0.00019796,0.049717,-0.00023239,0,-14,-2.6667,0
0.0001991,0.049694,-0.00025895,0,-13.75,-2.6667,0
0.00020034,0.049669,-0.00028692,0,-13.5,-2.6667,0
0.00020167,0.049642,-0.00031895,0,-13.25,-2.6667,0
0.0002031,0.049612,-0.00035282,0,-13,-2.6667,0
0.00020466,0.049581,-0.00039095,0,-12.75,-2.6667,0
0.00020634,0.049547,-0.0004304,0,-12.5,-2.6667,0
0.00020815,0.04951,-0.00047432,0,-12.25,-2.6667,0
0.0002101,0.04947,-0.00051922,0,-12,-2.6667,0
0.00021222,0.049426,-0.00056921,0,-11.75,-2.6667,0
0.00021446,0.049379,-0.00062141,0,-11.5,-2.6667,0
0.00021693,0.049328,-0.00067942,0,-11.25,-2.6667,0
0.00021955,0.049273,-0.00074193,0,-11,-2.6667,0
0.00022239,0.049214,-0.00081024,0,-10.75,-2.6667,0
0.00022543,0.049151,-0.00088646,0,-10.5,-2.6667,0
0.00022869,0.049083,-0.00096786,0,-10.25,-2.6667,0
0.00023218,0.049011,-0.001059,0,-10,-2.6667,0
0.00018544,0.05,9.9139e-08,0,-24.75,-2,0
0.00018544,0.05,0,0,-25,-2,0
0.00018545,0.05,6.299e-07,0,-24.5,-2,0
0.00018546,0.05,1.651e-06,0,-24.25,-2,0
0.00018548,0.049999,3.0762e-06,0,-24,-2,0
0.0001855,0.049999,4.8407e-06,0,-23.75,-2,0
0.00018553,0.049998,7.0094e-06,0,-23.5,-2,0
0.00018556,0.049997,9.2973e-06,0,-23.25,-2,0
0.00018561,0.049996,1.202e-05,0,-23,-2,0
0.00018565,0.049995,1.4541e-05,0,-22.75,-2,0
0.0001857,0.049994,1.7192e-05,0,-22.5,-2,0
0.00018577,0.049992,2.0143e-05,0,-22.25,-2,0
0.00018584,0.049991,2.3202e-05,0,-22,-2,0
0.00018591,0.049989,2.6102e-05,0,-21.75,-2,0
0.000186,0.049986,2.896e-05,0,-21.5,-2,0
0.0001861,0.049984,3.1307e-05,0,-21.25,-2,0
0.00018621,0.049981,3.3594e-05,0,-21,-2,0
0.00018633,0.049978,3.5756e-05,0,-20.75,-2,0
0.00018647,0.049975,3.7876e-05,0,-20.5,-2,0
0.00018662,0.049971,3.9785e-05,0,-20.25,-2,0
0.00018678,0.049967,4.1298e-05,0,-20,-2,0
0.00018696,0.049963,4.2043e-05,0,-19.75,-2,0
0.00018716,0.049958,4.2154e-05,0,-19.5,-2,0
0.00018738,0.049953,4.1221e-05,0,-19.25,-2,0
0.00018762,0.049947,3.98e-05,0,-19,-2,0
0.00018789,0.049941,3.7571e-05,0,-18.75,-2,0
0.00018817,0.049934,3.4817e-05,0,-18.5,-2,0
0.00018849,0.049927,3.118e-05,0,-18.25,-2,0
0.00018883,0.049919,2.6888e-05,0,-18,-2,0
0.00018921,0.049911,2.1733e-05,0,-17.75,-2,0
0.00018961,0.049902,1.5815e-05,0,-17.5,-2,0
0.00019006,0.049893,9.0051e-06,0,-17.25,-2,0
0.00019054,0.049882,1.2858e-06,0,-17,-2,0
0.00019107,0.049871,-7.2762e-06,0,-16.75,-2,0
0.00019164,0.049858,-1.673e-05,0,-16.5,-2,0
0.00019226,0.049845,-2.6996e-05,0,-16.25,-2,0
0.00019294,0.049831,-3.7961e-05,0,-16,-2,0
0.00019367,0.049816,-5.0471e-05,0,-15.75,-2,0
0.00019448,0.049799,-6.3295e-05,0,-15.5,-2,0
0.00019534,0.049781,-7.8225e-05,0,-15.25,-2,0
0.00019628,0.049761,-9.2965e-05,0,-15,-2,0
0.00019729,0.049741,-0.00010955,0,-14.75,-2,0
0.0001984,0.049718,-0.00012614,0,-14.5,-2,0
0.0001996,0.049693,-0.0001447,0,-14.25,-2,0
0.0002009,0.049666,-0.00016427,0,-14,-2,0
0.0002023,0.049638,-0.00018609,0,-13.75,-2,0
0.00020384,0.049607,-0.00020937,0,-13.5,-2,0
0.00020548,0.049574,-0.00023483,0,-13.25,-2,0
0.00020727,0.049537,-0.00026157,0,-13,-2,0
0.00020921,0.049499,-0.00029089,0,-12.75,-2,0
0.00021131,0.049455,-0.00032145,0,-12.5,-2,0
0.00021358,0.04941,-0.00035536,0,-12.25,-2,0
0.00021606,0.049358,-0.00039058,0,-12,-2,0
0.00021871,0.049304,-0.00043017,0,-11.75,-2,0
0.00022159,0.049244,-0.00047139,0,-11.5,-2,0
0.00022472,0.049181,-0.00051841,0,-11.25,-2,0
0.00022807,0.04911,-0.00056799,0,-11,-2,0
0.00023176,0.049036,-0.00062318,0,-10.75,-2,0
0.00023573,0.048953,-0.00068324,0,-10.5,-2,0
0.00023999,0.048865,-0.00074949,0,-10.25,-2,0
0.00024464,0.048769,-0.00082235,2.4726e-24,-10,-2,0
0.00018547,0.05,3.2805e-07,0,-24.75,-1.3333,0
0.00018546,0.05,0,0,-25,-1.3333,0
0.00018547,0.05,1.1581e-06,0,-24.5,-1.3333,0
0.00018549,0.05,2.5357e-06,0,-24.25,-1.3333,0
0.00018551,0.049999,4.3376e-06,0,-24,-1.3333,0
0.00018553,0.049999,6.5786e-06,0,-23.75,-1.3333,0
0.00018557,0.049998,9.0694e-06,0,-23.5,-1.3333,0
0.00018561,0.049997,1.1741e-05,0,-23.25,-1.3333,0
0.00018565,0.049996,1.5055e-05,0,-23,-1.3333,0
0.00018571,0.049995,1.8028e-05,0,-22.75,-1.3333,0
0.00018577,0.049993,2.1086e-05,0,-22.5,-1.3333,0
0.00018584,0.049991,2.4617e-05,0,-22.25,-1.3333,0
0.00018592,0.04999,2.8414e-05,0,-22,-1.3333,0
0.00018601,0.049988,3.1817e-05,0,-21.75,-1.3333,0
0.00018611,0.049985,3.5355e-05,0,-21.5,-1.3333,0
0.00018623,0.049983,3.856e-05,0,-21.25,-1.3333,0
0.00018635,0.04998,4.1568e-05,0,-21,-1.3333,0
0.00018649,0.049977,4.4377e-05,0,-20.75,-1.3333,0
0.00018665,0.049973,4.7382e-05,0,-20.5,-1.3333,0
0.00018682,0.049969,5.0298e-05,0,-20.25,-1.3333,0
0.00018701,0.049965,5.2895e-05,0,-20,-1.3333,0
0.00018721,0.049961,5.4743e-05,0,-19.75,-1.3333,0
0.00018744,0.049955,5.5997e-05,0,-19.5,-1.3333,0
0.00018769,0.04995,5.6315e-05,0,-19.25,-1.3333,0
0.00018796,0.049944,5.6224e-05,0,-19,-1.3333,0
0.00018826,0.049937,5.5391e-05,0,-18.75,-1.3333,0
0.00018858,0.04993,5.4119e-05,0,-18.5,-1.3333,0
0.00018894,0.049922,5.2053e-05,0,-18.25,-1.3333,0
0.00018932,0.049914,4.943e-05,0,-18,-1.3333,0
0.00018975,0.049905,4.6064e-05,0,-17.75,-1.3333,0
0.00019021,0.049895,4.1992e-05,0,-17.5,-1.3333,0
0.00019071,0.049884,3.7485e-05,0,-17.25,-1.3333,0
0.00019126,0.049873,3.1871e-05,0,-17,-1.3333,0
0.00019185,0.049861,2.6134e-05,0,-16.75,-1.3333,0
0.0001925,0.049847,1.9097e-05,0,-16.5,-1.3333,0
0.0001932,0.049833,1.2099e-05,0,-16.25,-1.3333,0
0.00019397,0.049816,3.9345e-06,0,-16,-1.3333,0
0.0001948,0.0498,-4.835e-06,0,-15.75,-1.3333,0
0.0001957,0.049781,-1.4078e-05,0,-15.5,-1.3333,0
0.00019668,0.049761,-2.4833e-05,0,-15.25,-1.3333,0
0.00019775,0.049739,-3.5272e-05,0,-15,-1.3333,0
0.0001989,0.049716,-4.7102e-05,0,-14.75,-1.3333,0
0.00020016,0.04969,-5.8418e-05,0,-14.5,-1.3333,0
0.00020152,0.049662,-7.1415e-05,0,-14.25,-1.3333,0
0.000203,0.049632,-8.4677e-05,0,-14,-1.3333,0
0.0002046,0.0496,-9.9768e-05,0,-13.75,-1.3333,0
0.00020635,0.049564,-0.00011596,0,-13.5,-1.3333,0
0.00020823,0.049526,-0.00013371,0,-13.25,-1.3333,0
0.00021029,0.049484,-0.0001522,0,-13,-1.3333,0
0.00021251,0.049439,-0.00017237,0,-12.75,-1.3333,0
0.00021493,0.04939,-0.00019315,0,-12.5,-1.3333,0
0.00021755,0.049337,-0.00021544,0,-12.25,-1.3333,0
0.00022041,0.049278,-0.00023912,0,-12,-1.3333,0
0.00022348,0.049216,-0.00026427,0,-11.75,-1.3333,0
0.00022684,0.049146,-0.00029168,0,-11.5,-1.3333,0
0.00023048,0.049073,-0.00032277,0,-11.25,-1.3333,0
0.0002344,0.04899,-0.0003545,0,-11,-1.3333,0
0.00023873,0.048903,-0.00039253,0,-10.75,-1.3333,0
0.00024341,0.048806,-0.0004313,0,-10.5,-1.3333,0
0.00024847,0.048702,-0.00047696,0,-10.25,-1.3333,0
0.00025401,0.048588,-0.00052636,2.571e-24,-10,-1.3333,0
0.00018543,0.05,6.6214e-07,0,-24.75,-0.66667,0
0.00018543,0.05,0,0,-25,-0.66667,0
0.00018544,0.05,1.8294e-06,0,-24.5,-0.66667,0
0.00018546,0.049999,3.5296e-06,0,-24.25,-0.66667,0
0.00018548,0.049999,5.721e-06,0,-24,-0.66667,0
0.00018551,0.049998,8.4491e-06,0,-23.75,-0.66667,0
0.00018554,0.049998,1.1304e-05,0,-23.5,-0.66667,0
0.00018559,0.049997,1.4371e-05,0,-23.25,-0.66667,0
0.00018564,0.049996,1.8214e-05,0,-23,-0.66667,0
0.0001857,0.049994,2.1685e-05,0,-22.75,-0.66667,0
0.00018576,0.049993,2.5365e-05,0,-22.5,-0.66667,0
0.00018584,0.049991,2.9257e-05,0,-22.25,-0.66667,0
0.00018593,0.049989,3.3688e-05,0,-22,-0.66667,0
0.00018602,0.049987,3.7874e-05,0,-21.75,-0.66667,0
0.00018613,0.049985,4.1955e-05,0,-21.5,-0.66667,0
0.00018626,0.049982,4.5999e-05,0,-21.25,-0.66667,0
0.00018639,0.049979,4.9851e-05,0,-21,-0.66667,0
0.00018654,0.049976,5.3455e-05,0,-20.75,-0.66667,0
0.00018671,0.049973,5.7056e-05,0,-20.5,-0.66667,0
0.00018689,0.049969,6.0955e-05,0,-20.25,-0.66667,0
0.00018709,0.049965,6.463e-05,0,-20,-0.66667,0
0.00018731,0.04996,6.7959e-05,0,-19.75,-0.66667,0
0.00018755,0.049955,7.0636e-05,0,-19.5,-0.66667,0
0.00018782,0.04995,7.2359e-05,0,-19.25,-0.66667,0
0.00018811,0.049943,7.3635e-05,0,-19,-0.66667,0
0.00018842,0.049936,7.43e-05,0,-18.75,-0.66667,0
0.00018878,0.049929,7.4491e-05,0,-18.5,-0.66667,0
0.00018915,0.049921,7.4306e-05,0,-18.25,-0.66667,0
0.00018957,0.049912,7.3532e-05,0,-18,-0.66667,0
0.00019002,0.049903,7.2436e-05,0,-17.75,-0.66667,0
0.00019052,0.049893,7.0118e-05,0,-17.5,-0.66667,0
0.00019105,0.049882,6.8057e-05,0,-17.25,-0.66667,0
0.00019163,0.04987,6.4961e-05,0,-17,-0.66667,0
0.00019227,0.049857,6.1961e-05,0,-16.75,-0.66667,0
0.00019296,0.049842,5.8142e-05,0,-16.5,-0.66667,0
0.00019371,0.049827,5.4278e-05,0,-16.25,-0.66667,0
0.00019453,0.04981,4.9619e-05,0,-16,-0.66667,0
0.00019542,0.049793,4.4679e-05,0,-15.75,-0.66667,0
0.00019639,0.049773,3.9496e-05,0,-15.5,-0.66667,0
0.00019743,0.049752,3.355e-05,0,-15.25,-0.66667,0
0.00019858,0.049728,2.8276e-05,0,-15,-0.66667,0
0.00019981,0.049703,2.1901e-05,0,-14.75,-0.66667,0
0.00020117,0.049676,1.6116e-05,0,-14.5,-0.66667,0
0.00020262,0.049646,9.3733e-06,0,-14.25,-0.66667,0
0.00020423,0.049614,2.2859e-06,0,-14,-0.66667,0
0.00020594,0.049579,-5.0618e-06,0,-13.75,-0.66667,0
0.00020782,0.049541,-1.3298e-05,0,-13.5,-0.66667,0
0.00020984,0.049501,-2.1347e-05,0,-13.25,-0.66667,0
0.00021206,0.049455,-3.0279e-05,0,-13,-0.66667,0
0.00021446,0.049407,-3.9014e-05,0,-12.75,-0.66667,0
0.00021706,0.049353,-4.8435e-05,0,-12.5,-0.66667,0
0.0002199,0.049296,-5.7736e-05,0,-12.25,-0.66667,0
0.00022299,0.049232,-6.8194e-05,0,-12,-0.66667,0
0.00022634,0.049165,-7.8418e-05,0,-11.75,-0.66667,0
0.00023,0.04909,-8.9755e-05,0,-11.5,-0.66667,0
0.00023395,0.049009,-0.00010313,0,-11.25,-0.66667,0
0.00023826,0.04892,-0.00011495,0,-11,-0.66667,0
0.00024296,0.048824,-0.00013205,-2.9161e-37,-10.75,-0.66667,0
0.00024807,0.048719,-0.00014611,-2.9161e-37,-10.5,-0.66667,0
0.00025364,0.048604,-0.00016699,0,-10.25,-0.66667,0
0.00025975,0.048479,-0.00018669,0,-10,-0.66667,0
0.00018537,0.05,1.015e-06,0,-24.75,0,0
0.00018536,0.05,0,0,-25,0,0
0.00018538,0.05,2.6051e-06,0,-24.5,0,0
0.00018539,0.049999,4.525e-06,0,-24.25,0,0
0.00018541,0.049999,7.0946e-06,0,-24,0,0
0.00018544,0.049998,1.0275e-05,0,-23.75,0,0
0.00018548,0.049998,1.3513e-05,0,-23.5,0,0
0.00018552,0.049997,1.7017e-05,0,-23.25,0,0
0.00018557,0.049996,2.1244e-05,0,-23,0,0
0.00018563,0.049995,2.5205e-05,0,-22.75,0,0
0.0001857,0.049993,2.9554e-05,0,-22.5,0,0
0.00018578,0.049992,3.3935e-05,0,-22.25,0,0
0.00018586,0.04999,3.8664e-05,0,-22,0,0
0.00018596,0.049988,4.3607e-05,0,-21.75,0,0
0.00018607,0.049986,4.8498e-05,0,-21.5,0,0
0.00018619,0.049983,5.3497e-05,0,-21.25,0,0
0.00018633,0.04998,5.8062e-05,0,-21,0,0
0.00018648,0.049977,6.2416e-05,0,-20.75,0,0
0.00018665,0.049974,6.6396e-05,0,-20.5,0,0
0.00018683,0.049971,7.1124e-05,0,-20.25,0,0
0.00018703,0.049967,7.6302e-05,0,-20,1.4803e-16,0
0.00018726,0.049962,8.0829e-05,0,-19.75,0,0
0.0001875,0.049957,8.4866e-05,0,-19.5,-1.4803e-16,0
0.00018777,0.049952,8.8121e-05,0,-19.25,1.4803e-16,0
0.00018806,0.049946,9.0897e-05,0,-19,0,0
0.00018838,0.049939,9.3266e-05,0,-18.75,-1.4803e-16,0
0.00018874,0.049932,9.524e-05,0,-18.5,0,0
0.00018912,0.049924,9.6711e-05,0,-18.25,0,0
0.00018954,0.049916,9.7738e-05,0,-18,0,0
0.00018999,0.049906,9.8621e-05,0,-17.75,-1.4803e-16,0
0.00019049,0.049897,9.8492e-05,0,-17.5,0,0
0.00019103,0.049885,9.9082e-05,0,-17.25,0,0
0.00019162,0.049874,9.8228e-05,0,-17,0,0
0.00019227,0.049861,9.86e-05,0,-16.75,0,0
0.00019297,0.049847,9.7794e-05,0,-16.5,0,0
0.00019373,0.049831,9.727e-05,0,-16.25,0,0
0.00019455,0.049815,9.6398e-05,0,-16,0,0
0.00019546,0.049797,9.5802e-05,0,-15.75,0,0
0.00019644,0.049777,9.4736e-05,0,-15.5,0,0
0.0001975,0.049756,9.4048e-05,0,-15.25,0,0
0.00019866,0.049732,9.3899e-05,0,-15,0,0
0.00019992,0.049707,9.3056e-05,0,-14.75,7.4015e-17,0
0.00020129,0.049678,9.3296e-05,0,-14.5,7.4015e-17,0
0.00020277,0.049649,9.3346e-05,0,-14.25,0,0
0.0002044,0.049616,9.312e-05,0,-14,0,0
0.00020614,0.049581,9.3865e-05,0,-13.75,0,0
0.00020805,0.049542,9.4242e-05,0,-13.5,0,0
0.00021011,0.049501,9.5711e-05,0,-13.25,0,0
0.00021236,0.049455,9.6933e-05,0,-13,-7.4015e-17,0
0.00021481,0.049406,9.9854e-05,0,-12.75,-7.4015e-17,0
0.00021746,0.049351,0.00010272,0,-12.5,3.7007e-17,0
0.00022036,0.049293,0.00010664,0,-12.25,3.7007e-17,0
0.00022351,0.049228,0.00011145,0,-12,1.4803e-16,0
0.00022692,0.049158,0.00011618,0,-11.75,-1.4803e-16,0
0.00023067,0.049082,0.00012363,0,-11.5,-3.7007e-17,0
0.00023469,0.048999,0.00012901,0,-11.25,-3.7007e-17,0
0.00023912,0.048909,0.00013791,0,-11,7.4015e-17,0
0.00024391,0.04881,0.0001446,1.4075e-39,-10.75,7.4015e-17,0
0.00024916,0.048702,0.00015543,1.4075e-39,-10.5,-1.1102e-16,0
0.00025485,0.048584,0.00016305,0,-10.25,-1.1102e-16,0
0.00026109,0.048455,0.00017468,0,-10,0,0
0.00018525,0.05,1.2886e-06,0,-24.75,0.66667,0
0.00018524,0.05,0,0,-25,0.66667,0
0.00018525,0.05,3.1444e-06,0,-24.5,0.66667,0
0.00018527,0.05,5.5185e-06,0,-24.25,0.66667,0
0.00018529,0.049999,8.5231e-06,0,-24,0.66667,0
0.00018531,0.049999,1.1909e-05,0,-23.75,0.66667,0
0.00018535,0.049998,1.5617e-05,0,-23.5,0.66667,0
0.00018539,0.049997,1.9603e-05,0,-23.25,0.66667,0
0.00018544,0.049996,2.3971e-05,0,-23,0.66667,0
0.00018549,0.049995,2.8454e-05,0,-22.75,0.66667,0
0.00018556,0.049994,3.3326e-05,0,-22.5,0.66667,0
0.00018563,0.049993,3.8283e-05,0,-22.25,0.66667,0
0.00018571,0.049991,4.3517e-05,0,-22,0.66667,0
0.00018581,0.049989,4.8722e-05,0,-21.75,0.66667,0
0.00018591,0.049987,5.4178e-05,0,-21.5,0.66667,0
0.00018603,0.049985,6.0432e-05,0,-21.25,0.66667,0
0.00018616,0.049983,6.5692e-05,0,-21,0.66667,0
0.0001863,0.04998,7.0396e-05,0,-20.75,0.66667,0
0.00018646,0.049977,7.5184e-05,0,-20.5,0.66667,0
0.00018664,0.049974,8.0613e-05,0,-20.25,0.66667,0
0.00018683,0.04997,8.6704e-05,0,-20,0.66667,0
0.00018704,0.049966,9.2316e-05,0,-19.75,0.66667,0
0.00018728,0.049962,9.7808e-05,0,-19.5,0.66667,0
0.00018753,0.049957,0.00010312,0,-19.25,0.66667,0
0.00018782,0.049952,0.00010744,0,-19,0.66667,0
0.00018812,0.049945,0.00011127,0,-18.75,0.66667,0
0.00018846,0.049939,0.00011503,0,-18.5,0.66667,0
0.00018883,0.049931,0.0001181,0,-18.25,0.66667,0
0.00018923,0.049923,0.00012094,0,-18,0.66667,0
0.00018967,0.049915,0.00012347,0,-17.75,0.66667,0
0.00019015,0.049906,0.00012582,0,-17.5,0.66667,0
0.00019067,0.049895,0.00012906,0,-17.25,0.66667,0
0.00019124,0.049884,0.00013088,0,-17,0.66667,0
0.00019186,0.049872,0.0001343,0,-16.75,0.66667,0
0.00019253,0.049858,0.00013668,0,-16.5,0.66667,0
0.00019327,0.049844,0.00013963,0,-16.25,0.66667,0
0.00019408,0.049828,0.00014234,0,-16,0.66667,0
0.00019494,0.04981,0.00014609,0,-15.75,0.66667,0
0.00019589,0.049792,0.00014879,0,-15.5,0.66667,0
0.00019692,0.049771,0.00015369,0,-15.25,0.66667,0
0.00019803,0.049748,0.00015816,0,-15,0.66667,0
0.00019925,0.049725,0.00016354,0,-14.75,0.66667,0
0.00020058,0.049697,0.00016955,0,-14.5,0.66667,0
0.00020201,0.049669,0.00017637,0,-14.25,0.66667,0
0.00020357,0.049637,0.00018339,0,-14,0.66667,0
0.00020525,0.049603,0.00019199,0,-13.75,0.66667,0
0.00020711,0.049566,0.00020114,0,-13.5,0.66667,0
0.0002091,0.049526,0.00021204,0,-13.25,0.66667,0
0.00021127,0.049481,0.00022377,0,-13,0.66667,0
0.00021363,0.049434,0.00023801,0,-12.75,0.66667,0
0.0002162,0.049381,0.00025291,0,-12.5,0.66667,0
0.00021898,0.049324,0.00027049,0,-12.25,0.66667,0
0.00022203,0.049262,0.00028927,0,-12,0.66667,0
0.00022531,0.049195,0.00031064,0,-11.75,0.66667,0
0.00022891,0.04912,0.00033453,0,-11.5,0.66667,0
0.00023281,0.049042,0.00035984,0,-11.25,0.66667,0
0.00023707,0.048953,0.00038942,0,-11,0.66667,0
0.00024167,0.048859,0.00041957,2.9302e-37,-10.75,0.66667,0
0.0002467,0.048754,0.00045482,2.9302e-37,-10.5,0.66667,0
0.00025217,0.048642,0.00049148,0,-10.25,0.66667,0
0.00025814,0.048516,0.00053356,0,-10,0.66667,0
0.00018508,0.05,1.5462e-06,0,-24.75,1.3333,0
0.00018508,0.05,0,0,-25,1.3333,0
0.00018509,0.05,3.71e-06,0,-24.5,1.3333,0
0.0001851,0.05,6.4893e-06,0,-24.25,1.3333,0
0.00018512,0.049999,9.7374e-06,0,-24,1.3333,0
0.00018514,0.049999,1.3301e-05,0,-23.75,1.3333,0
0.00018517,0.049998,1.7473e-05,0,-23.5,1.3333,0
0.00018521,0.049998,2.1728e-05,0,-23.25,1.3333,0
0.00018525,0.049997,2.6388e-05,0,-23,1.3333,0
0.0001853,0.049996,3.1251e-05,0,-22.75,1.3333,0
0.00018536,0.049995,3.6451e-05,0,-22.5,1.3333,0
0.00018542,0.049994,4.2092e-05,0,-22.25,1.3333,0
0.0001855,0.049993,4.7698e-05,0,-22,1.3333,0
0.00018558,0.049991,5.3092e-05,0,-21.75,1.3333,0
0.00018567,0.04999,5.9058e-05,0,-21.5,1.3333,0
0.00018577,0.049988,6.6141e-05,0,-21.25,1.3333,0
0.00018589,0.049986,7.1979e-05,0,-21,1.3333,0
0.00018602,0.049984,7.745e-05,0,-20.75,1.3333,0
0.00018616,0.049981,8.3272e-05,0,-20.5,1.3333,0
0.00018632,0.049978,8.9156e-05,0,-20.25,1.3333,0
0.00018649,0.049976,9.5433e-05,0,-20,1.3333,0
0.00018668,0.049972,0.00010233,0,-19.75,1.3333,0
0.00018689,0.049969,0.00010921,0,-19.5,1.3333,0
0.00018712,0.049965,0.00011656,0,-19.25,1.3333,0
0.00018738,0.049961,0.0001224,0,-19,1.3333,0
0.00018765,0.049955,0.00012738,0,-18.75,1.3333,0
0.00018796,0.04995,0.00013283,0,-18.5,1.3333,0
0.00018829,0.049943,0.00013752,0,-18.25,1.3333,0
0.00018865,0.049936,0.00014157,0,-18,1.3333,0
0.00018906,0.049929,0.00014633,0,-17.75,1.3333,0
0.0001895,0.04992,0.00015076,0,-17.5,1.3333,0
0.00018997,0.049911,0.00015616,0,-17.25,1.3333,0
0.00019047,0.049901,0.00016066,0,-17,1.3333,0
0.00019105,0.04989,0.0001669,0,-16.75,1.3333,0
0.00019165,0.049878,0.00017291,0,-16.5,1.3333,0
0.00019234,0.049865,0.00017899,0,-16.25,1.3333,0
0.00019307,0.049851,0.00018513,0,-16,1.3333,0
0.00019385,0.049835,0.00019243,0,-15.75,1.3333,0
0.00019471,0.049818,0.00019949,0,-15.5,1.3333,0
0.00019566,0.0498,0.00020913,0,-15.25,1.3333,0
0.00019668,0.049779,0.00021848,0,-15,1.3333,0
0.00019778,0.049757,0.00022955,0,-14.75,1.3333,0
0.000199,0.049733,0.00024076,0,-14.5,1.3333,0
0.0002003,0.049707,0.00025429,0,-14.25,1.3333,0
0.00020173,0.049678,0.00026781,0,-14,1.3333,0
0.00020326,0.049647,0.00028422,0,-13.75,1.3333,0
0.00020495,0.049613,0.00030118,0,-13.5,1.3333,0
0.00020676,0.049576,0.00032142,0,-13.25,1.3333,0
0.00020874,0.049536,0.00034244,0,-13,1.3333,0
0.00021088,0.049492,0.00036746,0,-12.75,1.3333,0
0.00021321,0.049445,0.0003935,0,-12.5,1.3333,0
0.00021574,0.049393,0.00042413,0,-12.25,1.3333,0
0.00021849,0.049337,0.00045597,0,-12,1.3333,0
0.00022147,0.049276,0.00049305,0,-11.75,1.3333,0
0.0002247,0.049209,0.00053185,0,-11.5,1.3333,0
0.00022822,0.049137,0.00057563,0,-11.25,1.3333,0
0.00023207,0.049058,0.00062391,0,-11,1.3333,0
0.0002362,0.048973,0.00067591,0,-10.75,1.3333,0
0.00024069,0.048878,0.00073423,0,-10.5,1.3333,0
0.00024559,0.048778,0.00079636,0,-10.25,1.3333,0
0.00025091,0.048665,0.00086685,-2.5196e-24,-10,1.3333,0
0.00018488,0.05,1.7875e-06,0,-24.75,2,0
0.00018487,0.05,0,0,-25,2,0
0.00018488,0.05,4.1881e-06,0,-24.5,2,0
0.00018489,0.05,7.1178e-06,0,-24.25,2,0
0.00018491,0.049999,1.0665e-05,0,-24,2,0
0.00018492,0.049999,1.4411e-05,0,-23.75,2,0
0.00018495,0.049999,1.8697e-05,0,-23.5,2,0
0.00018498,0.049998,2.3448e-05,0,-23.25,2,0
0.00018501,0.049998,2.8155e-05,0,-23,2,0
0.00018505,0.049997,3.3235e-05,0,-22.75,2,0
0.00018509,0.049996,3.8908e-05,0,-22.5,2,0
0.00018514,0.049996,4.4747e-05,0,-22.25,2,0
0.0001852,0.049995,5.0611e-05,0,-22,2,0
0.00018527,0.049994,5.6633e-05,0,-21.75,2,0
0.00018534,0.049993,6.2896e-05,0,-21.5,2,0
0.00018543,0.049992,7.0084e-05,0,-21.25,2,0
0.00018552,0.049991,7.6648e-05,0,-21,2,0
0.00018563,0.049989,8.3051e-05,0,-20.75,2,0
0.00018574,0.049987,8.9477e-05,0,-20.5,2,0
0.00018587,0.049985,9.5928e-05,0,-20.25,2,0
0.00018602,0.049983,0.00010267,0,-20,2,0
0.00018618,0.049981,0.0001098,0,-19.75,2,0
0.00018635,0.049978,0.00011726,0,-19.5,2,0
0.00018655,0.049976,0.00012568,0,-19.25,2,0
0.00018676,0.049972,0.00013331,0,-19,2,0
0.00018699,0.049968,0.00014014,0,-18.75,2,0
0.00018725,0.049964,0.00014712,0,-18.5,2,0
0.00018753,0.049959,0.0001534,0,-18.25,2,0
0.00018784,0.049953,0.00015927,0,-18,2,0
0.00018818,0.049947,0.00016618,0,-17.75,2,0
0.00018855,0.04994,0.00017293,0,-17.5,2,0
0.00018896,0.049932,0.00018032,0,-17.25,2,0
0.00018938,0.049924,0.00018726,0,-17,2,0
0.00018988,0.049915,0.00019585,0,-16.75,2,0
0.0001904,0.049905,0.00020427,0,-16.5,2,0
0.00019098,0.049894,0.00021302,0,-16.25,2,0
0.00019159,0.049882,0.00022195,0,-16,2,0
0.00019227,0.049869,0.00023247,0,-15.75,2,0
0.00019301,0.049854,0.00024368,0,-15.5,2,0
0.00019382,0.049839,0.00025742,0,-15.25,2,0
0.0001947,0.049821,0.00027153,0,-15,2,0
0.00019564,0.049803,0.00028744,0,-14.75,2,0
0.00019667,0.049782,0.00030391,0,-14.5,2,0
0.00019779,0.04976,0.00032293,0,-14.25,2,0
0.00019901,0.049735,0.00034259,0,-14,2,0
0.00020033,0.049709,0.0003654,0,-13.75,2,0
0.00020177,0.04968,0.00038946,0,-13.5,2,0
0.00020331,0.049649,0.00041744,0,-13.25,2,0
0.00020501,0.049615,0.00044696,0,-13,2,0
0.00020682,0.049577,0.00048105,0,-12.75,2,0
0.0002088,0.049537,0.00051713,0,-12.5,2,0
0.00021093,0.049493,0.00055845,0,-12.25,2,0
0.00021326,0.049446,0.00060217,0,-12,2,0
0.00021577,0.049394,0.00065181,0,-11.75,2,0
0.00021848,0.049338,0.00070433,0,-11.5,2,0
0.00022142,0.049277,0.00076387,0,-11.25,2,0
0.00022461,0.049211,0.00082722,0,-11,2,0
0.00022807,0.049139,0.00089844,0,-10.75,2,0
0.00023179,0.049061,0.00097528,0,-10.5,2,0
0.0002358,0.048977,0.0010606,0,-10.25,2,0
0.00024015,0.048885,0.001153,-2.4232e-24,-10,2,0
0.00018465,0.05,2.0234e-06,0,-24.75,2.6667,0
0.00018465,0.05,0,0,-25,2.6667,0
0.00018466,0.05,4.4138e-06,0,-24.5,2.6667,0
0.00018466,0.05,7.4748e-06,0,-24.25,2.6667,0
0.00018467,0.05,1.1366e-05,0,-24,2.6667,0
0.00018468,0.05,1.5189e-05,0,-23.75,2.6667,0
0.0001847,0.049999,1.9447e-05,0,-23.5,2.6667,0
0.00018471,0.049999,2.4494e-05,0,-23.25,2.6667,0
0.00018473,0.049999,2.9281e-05,0,-23,2.6667,0
0.00018476,0.049999,3.4504e-05,0,-22.75,2.6667,0
0.00018479,0.049998,4.039e-05,0,-22.5,2.6667,0
0.00018482,0.049998,4.6214e-05,0,-22.25,2.6667,0
0.00018486,0.049998,5.2358e-05,0,-22,2.6667,0
0.00018491,0.049997,5.8977e-05,0,-21.75,2.6667,0
0.00018496,0.049997,6.5445e-05,0,-21.5,2.6667,0
0.00018502,0.049996,7.221e-05,0,-21.25,2.6667,0
0.00018508,0.049996,7.9141e-05,0,-21,2.6667,0
0.00018516,0.049995,8.6583e-05,0,-20.75,2.6667,0
0.00018524,0.049994,9.3913e-05,0,-20.5,2.6667,0
0.00018534,0.049993,0.00010068,0,-20.25,2.6667,0
0.00018544,0.049992,0.00010684,0,-20,2.6667,0
0.00018556,0.049991,0.00011382,0,-19.75,2.6667,0
0.00018569,0.049989,0.00012243,0,-19.5,2.6667,0
0.00018583,0.049988,0.00013259,0,-19.25,2.6667,0
0.00018599,0.049986,0.0001423,0,-19,2.6667,0
0.00018617,0.049984,0.00015099,0,-18.75,2.6667,0
0.00018636,0.049981,0.0001586,0,-18.5,2.6667,0
0.00018658,0.049977,0.0001658,0,-18.25,2.6667,0
0.00018682,0.049974,0.00017296,0,-18,2.6667,0
0.00018707,0.04997,0.00018095,0,-17.75,2.6667,0
0.00018736,0.049965,0.00018927,0,-17.5,2.6667,0
0.00018767,0.049959,0.0001986,0,-17.25,2.6667,0
0.000188,0.049952,0.00020803,0,-17,2.6667,0
0.00018839,0.049945,0.00021831,0,-16.75,2.6667,0
0.00018879,0.049937,0.00022892,0,-16.5,2.6667,0
0.00018924,0.049929,0.0002404,0,-16.25,2.6667,0
0.00018972,0.04992,0.00025233,0,-16,2.6667,0
0.00019025,0.049911,0.00026571,0,-15.75,2.6667,0
0.00019083,0.0499,0.00028,0,-15.5,2.6667,0
0.00019145,0.049888,0.00029669,0,-15.25,2.6667,0
0.00019213,0.049875,0.00031428,0,-15,2.6667,0
0.00019288,0.049861,0.00033415,0,-14.75,2.6667,0
0.00019368,0.049844,0.00035491,0,-14.5,2.6667,0
0.00019455,0.049827,0.00037843,0,-14.25,2.6667,0
0.00019549,0.049808,0.00040324,0,-14,2.6667,0
0.00019652,0.049788,0.00043152,0,-13.75,2.6667,0
0.00019765,0.049766,0.00046156,0,-13.5,2.6667,0
0.00019884,0.049741,0.00049603,0,-13.25,2.6667,0
0.00020016,0.049715,0.00053246,0,-13,2.6667,0
0.00020156,0.049686,0.000574,0,-12.75,2.6667,0
0.00020309,0.049655,0.00061789,0,-12.5,2.6667,0
0.00020472,0.049621,0.00066777,0,-12.25,2.6667,0
0.0002065,0.049585,0.0007207,0,-12,2.6667,0
0.00020842,0.049545,0.00077993,0,-11.75,2.6667,0
0.00021047,0.049503,0.00084381,0,-11.5,2.6667,0
0.0002127,0.049455,0.00091437,0,-11.25,2.6667,0
0.00021507,0.049406,0.00099064,0,-11,2.6667,0
0.00021766,0.049351,0.0010752,0,-10.75,2.6667,0
0.0002204,0.049294,0.0011663,0,-10.5,2.6667,0
0.00022336,0.04923,0.0012679,0,-10.25,2.6667,0
0.00022644,0.049165,0.0013769,-4.3559e-24,-10,2.6667,0
0.0001844,0.05,1.9897e-06,0,-24.75,3.3333,0
0.0001844,0.05,0,0,-25,3.3333,0
0.0001844,0.05,4.5812e-06,0,-24.5,3.3333,0
0.0001844,0.05,7.6677e-06,0,-24.25,3.3333,0
0.0001844,0.05,1.1365e-05,0,-24,3.3333,0
0.0001844,0.05,1.5415e-05,0,-23.75,3.3333,0
0.00018441,0.05,1.9568e-05,0,-23.5,3.3333,0
0.00018441,0.05,2.4429e-05,0,-23.25,3.3333,0
0.00018442,0.05,2.9513e-05,0,-23,3.3333,0
0.00018443,0.05,3.4677e-05,0,-22.75,3.3333,0
0.00018444,0.050001,4.0293e-05,0,-22.5,3.3333,0
0.00018445,0.050001,4.6472e-05,0,-22.25,3.3333,0
0.00018447,0.050001,5.2643e-05,0,-22,3.3333,0
0.00018449,0.050001,5.9161e-05,0,-21.75,3.3333,0
0.00018451,0.050001,6.5906e-05,0,-21.5,3.3333,0
0.00018454,0.050002,7.274e-05,0,-21.25,3.3333,0
0.00018458,0.050002,7.969e-05,0,-21,3.3333,0
0.00018462,0.050002,8.737e-05,0,-20.75,3.3333,0
0.00018466,0.050002,9.5115e-05,0,-20.5,3.3333,0
0.00018471,0.050002,0.00010232,0,-20.25,3.3333,0
0.00018477,0.050002,0.00010893,0,-20,3.3333,0
0.00018484,0.050001,0.00011618,0,-19.75,3.3333,0
0.00018491,0.050001,0.00012481,0,-19.5,3.3333,0
0.000185,0.05,0.00013475,0,-19.25,3.3333,0
0.0001851,0.05,0.00014488,0,-19,3.3333,0
0.00018521,0.05,0.00015437,0,-18.75,3.3333,0
0.00018533,0.05,0.00016351,0,-18.5,3.3333,0
0.00018547,0.049999,0.00017207,0,-18.25,3.3333,0
0.00018562,0.049998,0.00018019,0,-18,3.3333,0
0.00018578,0.049996,0.00018994,0,-17.75,3.3333,0
0.00018597,0.049994,0.00020142,0,-17.5,3.3333,0
0.00018617,0.04999,0.00021385,0,-17.25,3.3333,0
0.00018639,0.049986,0.00022513,0,-17,3.3333,0
0.00018664,0.049981,0.00023557,0,-16.75,3.3333,0
0.00018691,0.049976,0.0002459,0,-16.5,3.3333,0
0.00018721,0.049971,0.00025769,0,-16.25,3.3333,0
0.00018754,0.049965,0.00027082,0,-16,3.3333,0
0.00018789,0.049959,0.00028692,0,-15.75,3.3333,0
0.00018828,0.049952,0.0003043,0,-15.5,3.3333,0
0.00018871,0.049944,0.00032421,0,-15.25,3.3333,0
0.00018916,0.049936,0.0003451,0,-15,3.3333,0
0.00018967,0.049927,0.00036826,0,-14.75,3.3333,0
0.00019021,0.049916,0.00039247,0,-14.5,3.3333,0
0.0001908,0.049905,0.00041935,0,-14.25,3.3333,0
0.00019144,0.049892,0.00044775,0,-14,3.3333,0
0.00019213,0.049879,0.00047977,0,-13.75,3.3333,0
0.00019288,0.049864,0.00051394,0,-13.5,3.3333,0
0.00019369,0.049847,0.0005527,0,-13.25,3.3333,0
0.00019455,0.04983,0.00059406,0,-13,3.3333,0
0.0001955,0.04981,0.00064073,0,-12.75,3.3333,0
0.0001965,0.04979,0.00069042,0,-12.5,3.3333,0
0.00019759,0.049767,0.00074614,0,-12.25,3.3333,0
0.00019874,0.049743,0.00080565,0,-12,3.3333,0
0.0002,0.049717,0.00087113,0,-11.75,3.3333,0
0.0002013,0.049689,0.00094311,0,-11.5,3.3333,0
0.00020274,0.049658,0.0010205,0,-11.25,3.3333,0
0.00020422,0.049627,0.0011055,0,-11,3.3333,0
0.00020584,0.049592,0.0011979,0,-10.75,3.3333,0
0.00020751,0.049556,0.0012991,0,-10.5,3.3333,0
0.00020933,0.049516,0.0014087,0,-10.25,3.3333,0
0.00021108,0.049477,0.0015294,-4.0606e-24,-10,3.3333,0
0.00018415,0.05,1.9272e-06,0,-24.75,4,0
0.00018415,0.05,0,0,-25,4,0
0.00018415,0.05,4.4537e-06,0,-24.5,4,0
0.00018415,0.05,7.6351e-06,0,-24.25,4,0
0.00018414,0.05,1.1043e-05,0,-24,4,0
0.00018413,0.050001,1.4958e-05,0,-23.75,4,0
0.00018413,0.050001,1.9097e-05,0,-23.5,4,0
0.00018412,0.050001,2.379e-05,0,-23.25,4,0
0.00018411,0.050002,2.8677e-05,0,-23,4,0
0.0001841,0.050003,3.3717e-05,0,-22.75,4,0
0.00018409,0.050003,3.9321e-05,0,-22.5,4,0
0.00018408,0.050004,4.5363e-05,0,-22.25,4,0
0.00018407,0.050005,5.1415e-05,0,-22,4,0
0.00018406,0.050006,5.7761e-05,0,-21.75,4,0
0.00018405,0.050007,6.4368e-05,0,-21.5,4,0
0.00018404,0.050008,7.1541e-05,0,-21.25,4,0
0.00018404,0.050009,7.8763e-05,0,-21,4,0
0.00018404,0.05001,8.5889e-05,0,-20.75,4,0
0.00018404,0.050011,9.331e-05,0,-20.5,4,0
0.00018404,0.050012,0.00010126,0,-20.25,4,0
0.00018405,0.050013,0.00010883,0,-20,4,0
0.00018406,0.050014,0.00011649,0,-19.75,4,0
0.00018408,0.050015,0.0001247,0,-19.5,4,0
0.0001841,0.050016,0.00013341,0,-19.25,4,0
0.00018412,0.050017,0.00014256,0,-19,4,0
0.00018416,0.050018,0.00015195,0,-18.75,4,0
0.0001842,0.050019,0.00016235,0,-18.5,4,0
0.00018424,0.05002,0.00017242,0,-18.25,4,0
0.0001843,0.050021,0.00018194,0,-18,4,0
0.00018436,0.050021,0.00019185,0,-17.75,4,0
0.00018444,0.050022,0.00020418,0,-17.5,4,0
0.00018452,0.050022,0.00021802,0,-17.25,4,0
0.00018461,0.050023,0.00023165,0,-17,4,0
0.00018472,0.050023,0.00024491,0,-16.75,4,0
0.00018484,0.050022,0.00025738,0,-16.5,4,0
0.00018497,0.05002,0.00027089,0,-16.25,4,0
0.00018512,0.050017,0.00028426,0,-16,4,0
0.00018528,0.050015,0.00030069,0,-15.75,4,0
0.00018546,0.050011,0.00031841,0,-15.5,4,0
0.00018566,0.050007,0.00033899,0,-15.25,4,0
0.00018587,0.050003,0.00036101,0,-15,4,0
0.00018611,0.049999,0.00038618,0,-14.75,4,0
0.00018637,0.049994,0.00041277,0,-14.5,4,0
0.00018665,0.049989,0.00044228,0,-14.25,4,0
0.00018696,0.049984,0.00047342,0,-14,4,0
0.00018728,0.049978,0.00050801,0,-13.75,4,0
0.00018763,0.049971,0.00054525,0,-13.5,4,0
0.00018801,0.049964,0.00058634,0,-13.25,4,0
0.0001884,0.049956,0.00063106,0,-13,4,0
0.00018884,0.049946,0.00068009,0,-12.75,4,0
0.00018928,0.049937,0.00073349,0,-12.5,4,0
0.00018978,0.049926,0.00079167,0,-12.25,4,0
0.00019027,0.049916,0.00085497,0,-12,4,0
0.00019082,0.049904,0.00092348,0,-11.75,4,0
0.00019135,0.049892,0.00099915,0,-11.5,4,0
0.00019194,0.049879,0.0010799,0,-11.25,4,0
0.0001925,0.049866,0.0011689,0,-11,4,0
0.00019311,0.049851,0.0012644,0,-10.75,4,0
0.00019368,0.049837,0.0013694,0,-10.5,4,0
0.0001943,0.049821,0.0014822,0,-10.25,4,0
0.00019471,0.04981,0.0016065,0,-10,4,0
0.0001839,0.05,1.8676e-06,0,-24.75,4.6667,0
0.0001839,0.05,0,0,-25,4.6667,0
0.00018389,0.05,4.0759e-06,0,-24.5,4.6667,0
0.00018388,0.05,6.9139e-06,0,-24.25,4.6667,0
0.00018387,0.050001,1.0128e-05,0,-24,4.6667,0
0.00018385,0.050001,1.3703e-05,0,-23.75,4.6667,0
0.00018383,0.050002,1.7539e-05,0,-23.5,4.6667,0
0.00018381,0.050003,2.1966e-05,0,-23.25,4.6667,0
0.00018378,0.050004,2.6452e-05,0,-23,4.6667,0
0.00018375,0.050005,3.1189e-05,0,-22.75,4.6667,0
0.00018371,0.050006,3.6678e-05,0,-22.5,4.6667,0
0.00018368,0.050007,4.2354e-05,0,-22.25,4.6667,0
0.00018364,0.050009,4.7879e-05,0,-22,4.6667,0
0.0001836,0.05001,5.417e-05,0,-21.75,4.6667,0
0.00018356,0.050012,6.0704e-05,0,-21.5,4.6667,0
0.00018352,0.050014,6.7418e-05,0,-21.25,4.6667,0
0.00018347,0.050016,7.4326e-05,0,-21,4.6667,0
0.00018343,0.050018,8.1417e-05,0,-20.75,4.6667,0
0.00018338,0.05002,8.8837e-05,0,-20.5,4.6667,0
0.00018333,0.050023,9.6545e-05,0,-20.25,4.6667,0
0.00018329,0.050025,0.00010387,0,-20,4.6667,0
0.00018324,0.050027,0.00011158,0,-19.75,4.6667,0
0.00018319,0.05003,0.00012006,0,-19.5,4.6667,0
0.00018315,0.050032,0.00012897,0,-19.25,4.6667,0
0.0001831,0.050035,0.00013849,0,-19,4.6667,0
0.00018305,0.050037,0.00014786,0,-18.75,4.6667,0
0.00018301,0.05004,0.00015788,0,-18.5,4.6667,0
0.00018296,0.050043,0.00016778,0,-18.25,4.6667,0
0.00018292,0.050046,0.00017798,0,-18,4.6667,0
0.00018287,0.050048,0.00018724,0,-17.75,4.6667,0
0.00018283,0.050051,0.00019759,0,-17.5,4.6667,0
0.00018279,0.050054,0.00020995,0,-17.25,4.6667,0
0.00018275,0.050058,0.0002236,0,-17,4.6667,0
0.00018271,0.050062,0.00023904,0,-16.75,4.6667,0
0.00018267,0.050065,0.00025393,0,-16.5,4.6667,0
0.00018263,0.050068,0.00026982,0,-16.25,4.6667,0
0.00018259,0.05007,0.00028541,0,-16,4.6667,0
0.00018256,0.050073,0.00030358,0,-15.75,4.6667,0
0.00018252,0.050074,0.00032343,0,-15.5,4.6667,0
0.00018248,0.050075,0.00034526,0,-15.25,4.6667,0
0.00018245,0.050076,0.00036764,0,-15,4.6667,0
0.00018242,0.050077,0.00039233,0,-14.75,4.6667,0
0.00018237,0.050077,0.00041828,0,-14.5,4.6667,0
0.00018234,0.050078,0.00044731,0,-14.25,4.6667,0
0.0001823,0.05008,0.00047829,0,-14,4.6667,0
0.00018226,0.050081,0.00051322,0,-13.75,4.6667,0
0.00018221,0.050082,0.00055197,0,-13.5,4.6667,0
0.00018215,0.050083,0.00059385,0,-13.25,4.6667,0
0.00018208,0.050085,0.0006402,0,-13,4.6667,0
0.00018201,0.050086,0.00068947,0,-12.75,4.6667,0
0.00018191,0.050088,0.00074426,0,-12.5,4.6667,0
0.0001818,0.050089,0.00080222,0,-12.25,4.6667,0
0.00018165,0.050092,0.00086668,0,-12,4.6667,0
0.0001815,0.050093,0.00093495,0,-11.75,4.6667,0
0.00018128,0.050097,0.0010108,0,-11.5,4.6667,0
0.00018105,0.0501,0.0010911,0,-11.25,4.6667,0
0.00018073,0.050106,0.0011799,0,-11,4.6667,0
0.00018037,0.050111,0.0012741,0,-10.75,4.6667,0
0.0001799,0.050118,0.001378,0,-10.5,4.6667,0
0.00017937,0.050126,0.0014883,0,-10.25,4.6667,0
0.00017857,0.050139,0.0016097,6.3102e-24,-10,4.6667,0
0.0001837,0.05,1.6618e-06,0,-24.75,5.3333,0
0.0001837,0.05,0,0,-25,5.3333,0
0.00018369,0.05,3.5528e-06,0,-24.5,5.3333,0
0.00018368,0.050001,5.9233e-06,0,-24.25,5.3333,0
0.00018365,0.050001,8.6662e-06,0,-24,5.3333,0
0.00018362,0.050002,1.1922e-05,0,-23.75,5.3333,0
0.00018358,0.050003,1.5309e-05,0,-23.5,5.3333,0
0.00018354,0.050004,1.9238e-05,0,-23.25,5.3333,0
0.00018349,0.050006,2.3353e-05,0,-23,5.3333,0
0.00018344,0.050007,2.7745e-05,0,-22.75,5.3333,0
0.00018338,0.050009,3.2649e-05,0,-22.5,5.3333,0
0.00018331,0.050011,3.7927e-05,0,-22.25,5.3333,0
0.00018324,0.050013,4.2997e-05,0,-22,5.3333,0
0.00018317,0.050015,4.8812e-05,0,-21.75,5.3333,0
0.00018309,0.050018,5.5029e-05,0,-21.5,5.3333,0
0.00018301,0.050021,6.1301e-05,0,-21.25,5.3333,0
0.00018292,0.050024,6.7579e-05,0,-21,5.3333,0
0.00018283,0.050027,7.4403e-05,0,-20.75,5.3333,0
0.00018274,0.05003,8.1457e-05,0,-20.5,5.3333,0
0.00018264,0.050034,8.8644e-05,0,-20.25,5.3333,0
0.00018254,0.050038,9.5798e-05,0,-20,5.3333,0
0.00018243,0.050041,0.00010333,0,-19.75,5.3333,0
0.00018232,0.050045,0.00011129,0,-19.5,5.3333,0
0.0001822,0.050049,0.00011976,0,-19.25,5.3333,0
0.00018208,0.050054,0.00012924,0,-19,5.3333,0
0.00018195,0.050058,0.00013821,0,-18.75,5.3333,0
0.00018181,0.050063,0.00014774,0,-18.5,5.3333,0
0.00018168,0.050068,0.00015714,0,-18.25,5.3333,0
0.00018153,0.050073,0.00016743,0,-18,5.3333,0
0.00018138,0.050079,0.0001779,0,-17.75,5.3333,0
0.00018121,0.050083,0.00018848,0,-17.5,5.3333,0
0.00018105,0.050089,0.00020044,0,-17.25,5.3333,0
0.00018087,0.050094,0.00021255,0,-17,5.3333,0
0.00018068,0.0501,0.00022638,0,-16.75,5.3333,0
0.00018048,0.050106,0.00024004,0,-16.5,5.3333,0
0.00018027,0.050113,0.00025542,0,-16.25,5.3333,0
0.00018005,0.050119,0.00027172,0,-16,5.3333,0
0.00017982,0.050126,0.00029049,0,-15.75,5.3333,0
0.00017956,0.050132,0.0003113,0,-15.5,5.3333,0
0.00017929,0.05014,0.00033403,0,-15.25,5.3333,0
0.00017901,0.050147,0.00035768,0,-15,5.3333,0
0.0001787,0.050155,0.00038238,0,-14.75,5.3333,0
0.00017837,0.050163,0.00040842,0,-14.5,5.3333,0
0.00017803,0.05017,0.00043637,0,-14.25,5.3333,0
0.00017763,0.050178,0.00046706,0,-14,5.3333,0
0.00017723,0.050186,0.00050071,0,-13.75,5.3333,0
0.00017678,0.050196,0.00053894,0,-13.5,5.3333,0
0.0001763,0.050204,0.00057934,0,-13.25,5.3333,0
0.00017578,0.050216,0.00062462,0,-13,5.3333,0
0.00017521,0.050226,0.0006719,0,-12.75,5.3333,0
0.00017458,0.050239,0.000725,0,-12.5,5.3333,0
0.0001739,0.050251,0.00078071,0,-12.25,5.3333,0
0.00017314,0.050267,0.00084267,0,-12,5.3333,0
0.00017231,0.050282,0.00090832,0,-11.75,5.3333,0
0.00017138,0.0503,0.00098076,0,-11.5,5.3333,0
0.00017037,0.050319,0.0010573,0,-11.25,5.3333,0
0.00016923,0.050341,0.0011419,0,-11,5.3333,0
0.00016797,0.050365,0.0012311,0,-10.75,5.3333,0
0.00016655,0.050392,0.0013291,0,-10.5,5.3333,0
0.00016498,0.050421,0.0014324,0,-10.25,5.3333,0
0.00016306,0.050458,0.0015467,5.6146e-24,-10,5.3333,0
0.00018352,0.05,1.1507e-06,0,-24.75,6,0
0.00018353,0.05,0,0,-25,6,0
0.00018352,0.05,2.4755e-06,0,-24.5,6,0
0.00018348,0.050001,4.3087e-06,0,-24.25,6,0
0.00018345,0.050002,6.3616e-06,0,-24,6,0
0.0001834,0.050003,8.9213e-06,0,-23.75,6,0
0.00018335,0.050004,1.1707e-05,0,-23.5,6,0
0.00018329,0.050006,1.5009e-05,0,-23.25,6,0
0.00018322,0.050008,1.8516e-05,0,-23,6,0
0.00018314,0.05001,2.2357e-05,0,-22.75,6,0
0.00018305,0.050012,2.6516e-05,0,-22.5,6,0
0.00018296,0.050015,3.1138e-05,0,-22.25,6,0
0.00018286,0.050018,3.5787e-05,0,-22,6,0
0.00018276,0.050021,4.0932e-05,0,-21.75,6,0
0.00018264,0.050024,4.6411e-05,0,-21.5,6,0
0.00018252,0.050028,5.2141e-05,0,-21.25,6,0
0.00018239,0.050032,5.7848e-05,0,-21,6,0
0.00018226,0.050036,6.4088e-05,0,-20.75,6,0
0.00018212,0.05004,7.0462e-05,0,-20.5,6,0
0.00018197,0.050045,7.7168e-05,0,-20.25,6,0
0.00018181,0.05005,8.3804e-05,0,-20,6,0
0.00018164,0.050055,9.0942e-05,0,-19.75,6,0
0.00018147,0.050061,9.8443e-05,0,-19.5,6,0
0.00018128,0.050066,0.00010623,0,-19.25,6,0
0.00018109,0.050072,0.00011471,0,-19,6,0
0.00018088,0.050079,0.00012296,0,-18.75,6,0
0.00018066,0.050085,0.0001318,0,-18.5,6,0
0.00018043,0.050092,0.00014057,0,-18.25,6,0
0.00018019,0.050099,0.0001498,0,-18,6,0
0.00017993,0.050107,0.00016,0,-17.75,6,0
0.00017965,0.050115,0.00017055,0,-17.5,6,0
0.00017936,0.050123,0.0001821,0,-17.25,6,0
0.00017905,0.050131,0.00019386,0,-17,6,0
0.00017872,0.05014,0.00020707,0,-16.75,6,0
0.00017838,0.050149,0.00022045,0,-16.5,6,0
0.000178,0.050158,0.00023515,0,-16.25,6,0
0.0001776,0.050168,0.00025065,0,-16,6,0
0.00017717,0.050178,0.00026742,0,-15.75,6,0
0.00017672,0.050189,0.00028569,0,-15.5,6,0
0.00017623,0.0502,0.00030566,0,-15.25,6,0
0.00017571,0.050213,0.00032796,0,-15,6,0
0.00017515,0.050226,0.00035167,0,-14.75,6,0
0.00017455,0.05024,0.00037777,0,-14.5,6,0
0.0001739,0.050254,0.00040493,0,-14.25,6,0
0.0001732,0.050269,0.00043546,0,-14,6,0
0.00017246,0.050284,0.00046722,0,-13.75,6,0
0.00017165,0.050302,0.00050341,0,-13.5,6,0
0.00017078,0.050319,0.00054096,0,-13.25,6,0
0.00016984,0.050339,0.00058312,0,-13,6,0
0.00016882,0.050359,0.00062702,0,-12.75,6,0
0.00016771,0.050381,0.00067627,0,-12.5,6,0
0.00016652,0.050405,0.00072771,0,-12.25,6,0
0.00016521,0.050431,0.00078495,0,-12,6,0
0.00016379,0.050459,0.00084536,0,-11.75,6,0
0.00016224,0.050489,0.00091197,0,-11.5,6,0
0.00016055,0.050522,0.00098197,0,-11.25,6,0
0.0001587,0.050559,0.0010593,0,-11,6,0
0.00015668,0.050598,0.0011402,0,-10.75,6,0
0.00015445,0.050641,0.0012294,0,-10.5,6,0
0.00015202,0.050688,0.001322,0,-10.25,6,0
0.00014925,0.050744,0.0014255,-1.5321e-22,-10,6,0
0.00018346,0.05,5.1548e-07,0,-24.75,6.6667,0
0.00018347,0.05,0,0,-25,6.6667,0
0.00018345,0.050001,1.1956e-06,0,-24.5,6.6667,0
0.0001834,0.050001,2.3709e-06,0,-24.25,6.6667,0
0.00018335,0.050003,3.7128e-06,0,-24,6.6667,0
0.00018329,0.050004,5.5408e-06,0,-23.75,6.6667,0
0.00018321,0.050006,7.5813e-06,0,-23.5,6.6667,0
0.00018312,0.050008,1.013e-05,0,-23.25,6.6667,0
0.00018302,0.05001,1.2886e-05,0,-23,6.6667,0
0.00018292,0.050013,1.5986e-05,0,-22.75,6.6667,0
0.0001828,0.050016,1.9338e-05,0,-22.5,6.6667,0
0.00018268,0.050019,2.3163e-05,0,-22.25,6.6667,0
0.00018255,0.050023,2.7124e-05,0,-22,6.6667,0
0.0001824,0.050027,3.1503e-05,0,-21.75,6.6667,0
0.00018225,0.050031,3.6101e-05,0,-21.5,6.6667,0
0.00018209,0.050036,4.1055e-05,0,-21.25,6.6667,0
0.00018193,0.050041,4.6041e-05,0,-21,6.6667,0
0.00018175,0.050046,5.1415e-05,0,-20.75,6.6667,0
0.00018156,0.050051,5.6968e-05,0,-20.5,6.6667,0
0.00018136,0.050057,6.295e-05,0,-20.25,6.6667,0
0.00018115,0.050063,6.8891e-05,0,-20,6.6667,0
0.00018093,0.05007,7.5255e-05,0,-19.75,6.6667,0
0.00018069,0.050076,8.1771e-05,0,-19.5,6.6667,0
0.00018044,0.050084,8.8657e-05,0,-19.25,6.6667,0
0.00018018,0.050091,9.5962e-05,0,-19,6.6667,0
0.0001799,0.050099,0.0001035,0,-18.75,6.6667,0
0.0001796,0.050108,0.00011142,0,-18.5,6.6667,0
0.00017928,0.050116,0.00011953,0,-18.25,6.6667,0
0.00017895,0.050125,0.00012774,0,-18,6.6667,0
0.00017859,0.050135,0.00013679,0,-17.75,6.6667,0
0.00017822,0.050145,0.00014629,0,-17.5,6.6667,0
0.00017781,0.050156,0.00015643,0,-17.25,6.6667,0
0.00017738,0.050167,0.00016723,0,-17,6.6667,0
0.00017692,0.050178,0.0001791,0,-16.75,6.6667,0
0.00017643,0.05019,0.00019137,0,-16.5,6.6667,0
0.0001759,0.050203,0.00020462,0,-16.25,6.6667,0
0.00017535,0.050217,0.00021906,0,-16,6.6667,0
0.00017474,0.05023,0.00023464,0,-15.75,6.6667,0
0.0001741,0.050245,0.00025165,0,-15.5,6.6667,0
0.00017341,0.05026,0.00026956,0,-15.25,6.6667,0
0.00017267,0.050277,0.00028957,0,-15,6.6667,0
0.00017188,0.050294,0.00031056,0,-14.75,6.6667,0
0.00017103,0.050313,0.00033401,0,-14.5,6.6667,0
0.00017011,0.050332,0.00035838,0,-14.25,6.6667,0
0.00016913,0.050354,0.00038589,0,-14,6.6667,0
0.00016807,0.050376,0.0004145,0,-13.75,6.6667,0
0.00016693,0.0504,0.00044689,0,-13.5,6.6667,0
0.00016571,0.050425,0.00048074,0,-13.25,6.6667,0
0.00016439,0.050452,0.00051848,0,-13,6.6667,0
0.00016296,0.050481,0.00055801,0,-12.75,6.6667,0
0.00016143,0.050513,0.000602,0,-12.5,6.6667,0
0.00015977,0.050546,0.00064794,0,-12.25,6.6667,0
0.00015798,0.050582,0.00069905,0,-12,6.6667,0
0.00015604,0.050621,0.00075228,0,-11.75,6.6667,0
0.00015394,0.050663,0.00081122,0,-11.5,6.6667,0
0.00015167,0.050708,0.00087259,0,-11.25,6.6667,0
0.00014921,0.050757,0.00094021,0,-11,6.6667,0
0.00014655,0.050809,0.0010104,0,-10.75,6.6667,0
0.00014367,0.050867,0.0010881,0,-10.5,6.6667,0
0.00014052,0.050928,0.001167,0,-10.25,6.6667,0
0.00013697,0.051001,0.0012546,1.1291e-23,-10,6.6667,0
0.00018345,0.05,-6.9068e-07,0,-24.75,7.3333,0
0.00018346,0.05,0,0,-25,7.3333,0
0.00018342,0.050001,-1.0632e-06,0,-24.5,7.3333,0
0.00018336,0.050002,-9.6549e-07,0,-24.25,7.3333,0
0.00018329,0.050004,-6.2483e-07,0,-24,7.3333,0
0.00018321,0.050005,2.5386e-07,0,-23.75,7.3333,0
0.00018311,0.050008,1.3916e-06,0,-23.5,7.3333,0
0.000183,0.05001,3.0156e-06,0,-23.25,7.3333,0
0.00018287,0.050013,4.8858e-06,0,-23,7.3333,0
0.00018274,0.050016,7.1639e-06,0,-22.75,7.3333,0
0.0001826,0.05002,9.6623e-06,0,-22.5,7.3333,0
0.00018244,0.050024,1.2604e-05,0,-22.25,7.3333,0
0.00018228,0.050028,1.573e-05,0,-22,7.3333,0
0.00018211,0.050033,1.924e-05,0,-21.75,7.3333,0
0.00018192,0.050038,2.2934e-05,0,-21.5,7.3333,0
0.00018173,0.050043,2.6988e-05,0,-21.25,7.3333,0
0.00018152,0.050049,3.1139e-05,0,-21,7.3333,0
0.0001813,0.050055,3.5618e-05,0,-20.75,7.3333,0
0.00018107,0.050061,4.0199e-05,0,-20.5,7.3333,0
0.00018083,0.050068,4.5116e-05,0,-20.25,7.3333,0
0.00018057,0.050076,5.0167e-05,0,-20,7.3333,0
0.0001803,0.050083,5.5555e-05,0,-19.75,7.3333,0
0.00018001,0.050091,6.107e-05,0,-19.5,7.3333,0
0.00017971,0.0501,6.693e-05,0,-19.25,7.3333,0
0.00017938,0.050109,7.3008e-05,0,-19,7.3333,0
0.00017904,0.050118,7.933e-05,0,-18.75,7.3333,0
0.00017867,0.050128,8.5938e-05,0,-18.5,7.3333,0
0.00017828,0.050138,9.2929e-05,0,-18.25,7.3333,0
0.00017786,0.050149,0.00010011,0,-18,7.3333,0
0.00017742,0.050161,0.00010784,0,-17.75,7.3333,0
0.00017695,0.050173,0.00011583,0,-17.5,7.3333,0
0.00017644,0.050185,0.00012444,0,-17.25,7.3333,0
0.00017591,0.050199,0.00013359,0,-17,7.3333,0
0.00017533,0.050212,0.0001436,0,-16.75,7.3333,0
0.00017472,0.050227,0.00015415,0,-16.5,7.3333,0
0.00017406,0.050243,0.00016568,0,-16.25,7.3333,0
0.00017336,0.050259,0.00017794,0,-16,7.3333,0
0.0001726,0.050276,0.00019111,0,-15.75,7.3333,0
0.00017181,0.050295,0.00020537,0,-15.5,7.3333,0
0.00017093,0.050314,0.00022077,0,-15.25,7.3333,0
0.00017001,0.050334,0.00023778,0,-15,7.3333,0
0.00016901,0.050356,0.00025579,0,-14.75,7.3333,0
0.00016795,0.050379,0.00027575,0,-14.5,7.3333,0
0.00016679,0.050403,0.00029673,0,-14.25,7.3333,0
0.00016558,0.050429,0.00032011,0,-14,7.3333,0
0.00016424,0.050457,0.00034457,0,-13.75,7.3333,0
0.00016284,0.050487,0.00037206,0,-13.5,7.3333,0
0.0001613,0.050518,0.0004008,0,-13.25,7.3333,0
0.00015967,0.050552,0.000433,0,-13,7.3333,0
0.00015791,0.050588,0.00046628,0,-12.75,7.3333,0
0.00015603,0.050627,0.00050354,0,-12.5,7.3333,0
0.00015399,0.050668,0.00054228,0,-12.25,7.3333,0
0.00015181,0.050712,0.00058559,0,-12,7.3333,0
0.00014947,0.050759,0.00063039,0,-11.75,7.3333,0
0.00014695,0.05081,0.0006803,0,-11.5,7.3333,0
0.00014424,0.050865,0.00073152,0,-11.25,7.3333,0
0.00014133,0.050923,0.00078864,0,-11,7.3333,0
0.00013821,0.050986,0.00084682,0,-10.75,7.3333,0
0.00013487,0.051054,0.00091248,0,-10.5,7.3333,0
0.00013121,0.051126,0.00097639,0,-10.25,7.3333,0
0.00012724,0.051209,0.0010487,1.2189e-22,-10,7.3333,0
0.00018367,0.05,-2.0012e-06,0,-24.75,8,0
0.00018369,0.05,0,0,-25,8,0
0.00018361,0.050002,-3.5023e-06,0,-24.5,8,0
0.00018352,0.050004,-4.5225e-06,0,-24.25,8,0
0.00018341,0.050006,-5.1791e-06,0,-24,8,0
0.00018328,0.050009,-5.3149e-06,0,-23.75,8,0
0.00018314,0.050012,-5.1446e-06,0,-23.5,8,0
0.00018299,0.050015,-4.4843e-06,0,-23.25,8,0
0.00018283,0.050019,-3.5733e-06,0,-23,8,0
0.00018266,0.050023,-2.2212e-06,0,-22.75,8,0
0.00018248,0.050027,-6.5505e-07,0,-22.5,8,0
0.00018229,0.050032,1.3272e-06,0,-22.25,8,0
0.00018209,0.050037,3.4678e-06,0,-22,8,0
0.00018189,0.050042,5.98e-06,0,-21.75,8,0
0.00018167,0.050048,8.6577e-06,0,-21.5,8,0
0.00018144,0.050054,1.1641e-05,0,-21.25,8,0
0.0001812,0.05006,1.4726e-05,0,-21,8,0
0.00018095,0.050067,1.8109e-05,0,-20.75,8,0
0.00018068,0.050075,2.159e-05,0,-20.5,8,0
0.0001804,0.050082,2.5355e-05,0,-20.25,8,0
0.0001801,0.05009,2.9229e-05,0,-20,8,0
0.00017979,0.050099,3.3398e-05,0,-19.75,8,0
0.00017945,0.050108,3.7706e-05,0,-19.5,8,0
0.0001791,0.050117,4.2233e-05,0,-19.25,8,0
0.00017873,0.050128,4.6992e-05,0,-19,8,0
0.00017833,0.050138,5.1982e-05,0,-18.75,8,0
0.0001779,0.050149,5.7127e-05,0,-18.5,8,0
0.00017745,0.050161,6.2544e-05,0,-18.25,8,0
0.00017697,0.050174,6.8171e-05,0,-18,8,0
0.00017646,0.050186,7.4283e-05,0,-17.75,8,0
0.00017591,0.0502,8.0608e-05,0,-17.5,8,0
0.00017533,0.050214,8.7491e-05,0,-17.25,8,0
0.0001747,0.05023,9.4674e-05,0,-17,8,0
0.00017403,0.050246,0.00010254,0,-16.75,8,0
0.00017332,0.050262,0.00011081,0,-16.5,8,0
0.00017255,0.05028,0.00011995,0,-16.25,8,0
0.00017174,0.050299,0.00012968,0,-16,8,0
0.00017086,0.050319,0.00014027,0,-15.75,8,0
0.00016992,0.05034,0.00015158,0,-15.5,8,0
0.00016891,0.050362,0.0001639,0,-15.25,8,0
0.00016783,0.050386,0.00017718,0,-15,8,0
0.00016667,0.05041,0.00019153,0,-14.75,8,0
0.00016543,0.050437,0.00020722,0,-14.5,8,0
0.00016408,0.050465,0.00022412,0,-14.25,8,0
0.00016266,0.050496,0.00024254,0,-14,8,0
0.00016111,0.050528,0.00026215,0,-13.75,8,0
0.00015948,0.050563,0.00028367,0,-13.5,8,0
0.00015769,0.050599,0.00030675,0,-13.25,8,0
0.0001558,0.050639,0.00033218,0,-13,8,0
0.00015374,0.050681,0.00035913,0,-12.75,8,0
0.00015158,0.050726,0.00038873,0,-12.5,8,0
0.0001492,0.050774,0.00041982,0,-12.25,8,0
0.00014671,0.050825,0.00045431,0,-12,8,0
0.00014399,0.05088,0.00049033,0,-11.75,8,0
0.00014114,0.050939,0.00053034,0,-11.5,8,0
0.00013803,0.051001,0.00057104,0,-11.25,8,0
0.00013477,0.051068,0.00061687,0,-11,8,0
0.00013125,0.051138,0.00066202,0,-10.75,8,0
0.00012757,0.051214,0.00071434,0,-10.5,8,0
0.00012359,0.051293,0.00076054,0,-10.25,8,0
0.00011927,0.051384,0.00081487,0,-10,8,0
0.00018395,0.050001,-5.9849e-06,0,-24.75,8.6667,0
0.000184,0.05,0,0,-25,8.6667,0
0.00018385,0.050003,-9.4561e-06,0,-24.5,8.6667,0
0.00018372,0.050006,-1.2185e-05,0,-24.25,8.6667,0
0.00018357,0.050009,-1.4095e-05,0,-24,8.6667,0
0.00018341,0.050012,-1.5256e-05,0,-23.75,8.6667,0
0.00018323,0.050016,-1.591e-05,0,-23.5,8.6667,0
0.00018304,0.05002,-1.6024e-05,0,-23.25,8.6667,0
0.00018285,0.050025,-1.5814e-05,0,-23,8.6667,0
0.00018264,0.050029,-1.5184e-05,0,-22.75,8.6667,0
0.00018243,0.050035,-1.4335e-05,0,-22.5,8.6667,0
0.00018221,0.05004,-1.3125e-05,0,-22.25,8.6667,0
0.00018199,0.050045,-1.1773e-05,0,-22,8.6667,0
0.00018175,0.050051,-1.0137e-05,0,-21.75,8.6667,0
0.0001815,0.050058,-8.3624e-06,0,-21.5,8.6667,0
0.00018125,0.050064,-6.3711e-06,0,-21.25,8.6667,0
0.00018098,0.050071,-4.2787e-06,0,-21,8.6667,0
0.0001807,0.050079,-1.9851e-06,0,-20.75,8.6667,0
0.0001804,0.050087,3.9355e-07,0,-20.5,8.6667,0
0.00018009,0.050095,2.9571e-06,0,-20.25,8.6667,0
0.00017976,0.050104,5.6305e-06,0,-20,8.6667,0
0.00017942,0.050113,8.481e-06,0,-19.75,8.6667,0
0.00017905,0.050123,1.1438e-05,0,-19.5,8.6667,0
0.00017866,0.050133,1.4586e-05,0,-19.25,8.6667,0
0.00017825,0.050144,1.7842e-05,0,-19,8.6667,0
0.0001778,0.050155,2.1245e-05,0,-18.75,8.6667,0
0.00017734,0.050168,2.4825e-05,0,-18.5,8.6667,0
0.00017684,0.05018,2.8605e-05,0,-18.25,8.6667,0
0.00017631,0.050194,3.2472e-05,0,-18,8.6667,0
0.00017574,0.050208,3.6681e-05,0,-17.75,8.6667,0
0.00017513,0.050223,4.1045e-05,0,-17.5,8.6667,0
0.00017449,0.050238,4.5809e-05,0,-17.25,8.6667,0
0.0001738,0.050255,5.0804e-05,0,-17,8.6667,0
0.00017306,0.050272,5.6284e-05,0,-16.75,8.6667,0
0.00017227,0.050291,6.2012e-05,0,-16.5,8.6667,0
0.00017142,0.05031,6.8308e-05,0,-16.25,8.6667,0
0.00017051,0.050331,7.4979e-05,0,-16,8.6667,0
0.00016954,0.050352,8.2316e-05,0,-15.75,8.6667,0
0.0001685,0.050375,9.0131e-05,0,-15.5,8.6667,0
0.00016738,0.0504,9.8692e-05,0,-15.25,8.6667,0
0.00016618,0.050426,0.00010785,0,-15,8.6667,0
0.00016489,0.050453,0.00011786,0,-14.75,8.6667,0
0.00016352,0.050483,0.00012858,0,-14.5,8.6667,0
0.00016203,0.050514,0.00014039,0,-14.25,8.6667,0
0.00016045,0.050548,0.00015306,0,-14,8.6667,0
0.00015873,0.050583,0.00016703,0,-13.75,8.6667,0
0.00015691,0.050622,0.00018178,0,-13.5,8.6667,0
0.00015493,0.050662,0.0001981,0,-13.25,8.6667,0
0.00015285,0.050706,0.00021534,0,-13,8.6667,0
0.00015057,0.050752,0.00023477,0,-12.75,8.6667,0
0.00014817,0.050803,0.00025507,0,-12.5,8.6667,0
0.00014556,0.050855,0.00027795,0,-12.25,8.6667,0
0.00014283,0.050912,0.00030169,0,-12,8.6667,0
0.00013984,0.050972,0.00032883,0,-11.75,8.6667,0
0.00013677,0.051037,0.00035696,0,-11.5,8.6667,0
0.00013337,0.051104,0.00038872,0,-11.25,8.6667,0
0.00013002,0.051177,0.00042228,0,-11,8.6667,0
0.00012621,0.051251,0.00045847,0,-10.75,8.6667,0
0.00012277,0.051332,0.00050088,0,-10.5,8.6667,0
0.00011853,0.051408,0.00053699,0,-10.25,8.6667,0
0.00011452,0.051494,0.00058853,0,-10,8.6667,0
0.00018495,0.049998,-9.6185e-06,0,-24.75,9.3333,0
0.00018529,0.05,0,0,-25,9.3333,0
0.0001845,0.049998,-1.5344e-05,0,-24.5,9.3333,0
0.00018423,0.049996,-1.9444e-05,0,-24.25,9.3333,0
0.00018394,0.049994,-2.2675e-05,0,-24,9.3333,0
0.00018366,0.049991,-2.4896e-05,0,-23.75,9.3333,0
0.0001834,0.049988,-2.6445e-05,0,-23.5,9.3333,0
0.00018315,0.049985,-2.7405e-05,0,-23.25,9.3333,0
0.0001829,0.049982,-2.7954e-05,0,-23,9.3333,0
0.00018266,0.049979,-2.8127e-05,0,-22.75,9.3333,0
0.00018241,0.049976,-2.8072e-05,0,-22.5,9.3333,0
0.00018217,0.049974,-2.7726e-05,0,-22.25,9.3333,0
0.00018192,0.049971,-2.7259e-05,0,-22,9.3333,0
0.00018166,0.049969,-2.6573e-05,0,-21.75,9.3333,0
0.00018139,0.049968,-2.5783e-05,0,-21.5,9.3333,0
0.00018112,0.049966,-2.4867e-05,0,-21.25,9.3333,0
0.00018083,0.049965,-2.3857e-05,0,-21,9.3333,0
0.00018053,0.049965,-2.2743e-05,0,-20.75,9.3333,0
0.00018022,0.049965,-2.1568e-05,0,-20.5,9.3333,0
0.00017989,0.049965,-2.0289e-05,0,-20.25,9.3333,0
0.00017954,0.049966,-1.8932e-05,0,-20,9.3333,0
0.00017918,0.049967,-1.7505e-05,0,-19.75,9.3333,0
0.00017879,0.049969,-1.5981e-05,0,-19.5,9.3333,0
0.00017838,0.049971,-1.4399e-05,0,-19.25,9.3333,0
0.00017794,0.049974,-1.2711e-05,0,-19,9.3333,0
0.00017748,0.049978,-1.0968e-05,0,-18.75,9.3333,0
0.00017698,0.049982,-9.1495e-06,0,-18.5,9.3333,0
0.00017646,0.049987,-7.2037e-06,0,-18.25,9.3333,0
0.00017589,0.049993,-5.197e-06,0,-18,9.3333,0
0.0001753,0.05,-3.0332e-06,0,-17.75,9.3333,0
0.00017466,0.050007,-7.867e-07,0,-17.5,9.3333,0
0.00017397,0.050015,1.807e-06,0,-17.25,9.3333,0
0.00017324,0.050024,4.3313e-06,0,-17,9.3333,0
0.00017246,0.050034,7.1857e-06,0,-16.75,9.3333,0
0.00017162,0.050045,1.0139e-05,0,-16.5,9.3333,0
0.00017073,0.050057,1.3451e-05,0,-16.25,9.3333,0
0.00016977,0.050071,1.6904e-05,0,-16,9.3333,0
0.00016874,0.050085,2.0714e-05,0,-15.75,9.3333,0
0.00016763,0.050102,2.481e-05,0,-15.5,9.3333,0
0.00016645,0.050119,2.9353e-05,0,-15.25,9.3333,0
0.00016518,0.050139,3.4143e-05,0,-15,9.3333,0
0.00016382,0.050159,3.9404e-05,0,-14.75,9.3333,0
0.00016236,0.050183,4.5002e-05,0,-14.5,9.3333,0
0.00016079,0.050208,5.1261e-05,0,-14.25,9.3333,0
0.0001591,0.050235,5.791e-05,0,-14,9.3333,0
0.00015729,0.050265,6.5455e-05,0,-13.75,9.3333,0
0.00015535,0.050298,7.3319e-05,0,-13.5,9.3333,0
0.00015326,0.050333,8.2392e-05,0,-13.25,9.3333,0
0.00015102,0.050372,9.162e-05,0,-13,9.3333,0
0.0001486,0.050414,0.0001027,0,-12.75,9.3333,0
0.00014601,0.05046,0.00011379,0,-12.5,9.3333,0
0.00014322,0.050509,0.00012773,0,-12.25,9.3333,0
0.00014023,0.050564,0.00014129,0,-12,9.3333,0
0.000137,0.050622,0.00015908,0,-11.75,9.3333,0
0.00013358,0.050687,0.00017624,0,-11.5,9.3333,0
0.00012981,0.050755,0.00019944,0,-11.25,9.3333,0
0.00012606,0.050834,0.00022249,0,-11,9.3333,0
0.00012157,0.05091,0.00025266,0,-10.75,9.3333,0
0.000118,0.05101,0.00028888,0,-10.5,9.3333,0
0.00011201,0.051093,0.00033639,0,-10.25,9.3333,0
0.0001053,0.0512,0.00037841,2.9327e-24,-10,9.3333,0
0.00018596,0,0,0,-24.75,10,0
0.00018657,0.023084,0,0,-25,10,0
0.00018519,0,0,0,-24.5,10,0
0.00018479,0,0,0,-24.25,10,0
0.00018436,0,0,0,-24,10,0
0.00018398,0,0,0,-23.75,10,0
0.00018364,0,0,0,-23.5,10,0
0.00018333,0,0,0,-23.25,10,0
0.00018304,0,0,0,-23,10,0
0.00018276,0,0,0,-22.75,10,0
0.00018249,0,0,0,-22.5,10,0
0.00018222,0,0,0,-22.25,10,0
0.00018195,0,0,0,-22,10,0
0.00018167,0,0,0,-21.75,10,0
0.00018139,0,0,0,-21.5,10,0
0.00018111,0,0,0,-21.25,10,0
0.00018081,0,0,0,-21,10,0
0.0001805,0,0,0,-20.75,10,0
0.00018018,0,0,0,-20.5,10,0
0.00017984,0,0,0,-20.25,10,0
0.00017948,0,0,0,-20,10,0
0.00017911,0,0,0,-19.75,10,0
0.00017871,0,0,0,-19.5,10,0
0.00017829,0,0,0,-19.25,10,0
0.00017784,0,0,0,-19,10,0
0.00017737,0,0,0,-18.75,10,0
0.00017687,0,0,0,-18.5,10,0
0.00017633,0,0,0,-18.25,10,0
0.00017576,0,0,0,-18,10,0
0.00017515,0,0,0,-17.75,10,0
0.00017449,0,0,0,-17.5,10,0
0.00017378,0,0,0,-17.25,10,0
0.00017304,0,0,0,-17,10,0
0.00017224,0,0,0,-16.75,10,0
0.00017139,0,0,0,-16.5,10,0
0.00017047,0,0,0,-16.25,10,0
0.00016949,0,0,0,-16,10,0
0.00016844,0,0,0,-15.75,10,0
0.00016731,0,0,0,-15.5,10,0
0.0001661,0,0,0,-15.25,10,0
0.0001648,0,0,0,-15,10,0
0.0001634,0,0,0,-14.75,10,0
0.0001619,0,0,0,-14.5,10,0
0.00016029,0,0,0,-14.25,10,0
0.00015856,0,0,0,-14,10,0
0.0001567,0,0,0,-13.75,10,0
0.00015469,0,0,0,-13.5,10,0
0.00015253,0,0,0,-13.25,10,0
0.00015019,0,0,0,-13,10,0
0.00014769,0,0,0,-12.75,10,0
0.00014496,0,0,0,-12.5,10,0
0.00014204,0,0,0,-12.25,10,0
0.00013883,0,0,0,-12,10,0
0.0001354,0,0,0,-11.75,10,0
0.00013164,0,0,0,-11.5,10,0
0.00012751,0,0,0,-11.25,10,0
0.00012324,0,0,0,-11,10,0
0.00011809,0,0,0,-10.75,10,0
0.00011394,0,0,0,-10.5,10,0
0.00010631,0,0,0,-10.25,10,0
0.00011105,0,0,0,-10,10,0
0.00010898,0.050848,-7.4384e-05,3.7683e-22,-9.078,-9.7286,0
0.00011516,0,0,0,-9.3333,-10,0
0.00011305,0.050716,-0.00015939,4.6315e-22,-9.7256,-9.7256,0
8.0058e-05,0.051149,-0.0001211,-4.8645e-22,-8.4302,-9.7314,0
8.7881e-05,0,0,0,-8.6667,-10,0
5.6484e-05,0.051458,-0.0001266,1.2587e-23,-7.7823,-9.7341,0
6.3903e-05,0,0,0,-8,-10,0
3.1315e-05,0.051802,-0.00014278,-3.5158e-23,-7.1343,-9.7366,0
3.8713e-05,0,0,0,-7.3333,-10,0
2.6511e-06,0.052205,-0.0001632,-1.023e-22,-6.4861,-9.7388,0
1.0255e-05,0,0,0,-6.6667,-10,0
-2.9621e-05,0.052673,-0.00018064,-1.9988e-22,-5.8378,-9.7409,0
-2.1794e-05,0,0,0,-6,-10,0
-6.6045e-05,0.05319,-0.0001919,9.3025e-23,-5.1895,-9.7428,0
-5.8082e-05,0,0,0,-5.3333,-10,0
-0.00010648,0.05376,-0.00020208,2.53e-22,-4.541,-9.7445,0
-9.8755e-05,0,0,0,-4.6667,-10,0
-0.00014989,0.054363,-0.00021142,1.3496e-23,-3.8924,-9.7459,0
-0.0001428,0,0,0,-4,-10,0
-0.00019507,0.054998,-0.00022213,3.3231e-22,-3.2438,-9.7472,0
-0.00018889,0,0,0,-3.3333,-10,0
-0.00023989,0.055647,-0.0002228,4.1664e-24,-2.5951,-9.7482,0
-0.00023467,0,0,0,-2.6667,-10,0
-0.00028343,0.056275,-0.00020452,-1.352e-22,-1.9464,-9.749,0
-0.00027922,0,0,0,-2,-10,0
-0.00032403,0.056851,-0.00017302,1.387e-22,-1.2976,-9.7495,0
-0.00032091,0,0,0,-1.3333,-10,0
-0.00036003,0.057343,-0.00013068,4.6275e-21,-0.64881,-9.7499,0
-0.00035796,0,0,0,-0.66667,-10,0
-0.00038974,0.057732,-8.5114e-05,-2.521e-22,0,-9.75,0
-0.00038842,0,0,0,0,-10,0
-0.00041259,0.058006,-2.6891e-05,-5.1443e-21,0.64881,-9.7499,0
-0.00041189,0,0,0,0.66667,-10,0
-0.00042897,0.058146,2.9976e-05,1.5247e-22,1.2976,-9.7495,0
-0.00042868,0,0,0,1.3333,-10,0
-0.00043841,0.058178,6.9807e-05,-3.421e-22,1.9464,-9.749,0
-0.00043803,0,0,0,2,-10,0
-0.00044098,0.05811,0.00010326,3.2932e-22,2.5951,-9.7482,0
-0.00044041,0,0,0,2.6667,-10,0
-0.00043831,0.057955,0.00013184,8.723e-22,3.2438,-9.7472,0
-0.00043707,0,0,0,3.3333,-10,0
-0.0004301,0.057736,0.00015736,-3.4293e-23,3.8924,-9.7459,0
-0.00042793,0,0,0,4,-10,0
-0.00041808,0.05746,0.00018374,1.1418e-21,4.541,-9.7445,0
-0.00041523,0,0,0,4.6667,-10,0
-0.00040328,0.05712,0.0002049,1.0083e-21,5.1895,-9.7428,0
-0.00039965,0,0,0,5.3333,-10,0
-0.00038659,0.056734,0.00022939,-2.2786e-21,5.8378,-9.7409,0
-0.00038218,0,0,0,6,-10,0
-0.00036766,0.056281,0.00023693,-1.217e-21,6.4861,-9.7388,0
-0.00036232,0,0,0,6.6667,-10,0
-0.00034743,0.055815,0.00028827,1.2161e-21,7.1343,-9.7366,0
-0.00034235,0,0,0,7.3333,-10,0
-0.00033251,0.055159,0.00024347,6.7293e-23,7.7823,-9.7341,0
-0.00032685,0,0,0,8,-10,0
-0.00030026,0.054736,0.00038763,2.0616e-21,8.4302,-9.7314,0
-0.00029878,0,0,0,8.6667,-10,0
-0.00031491,0.053622,-1.8507e-06,4.3e-22,9.078,-9.7286,0
-0.00033101,0,0,0,9.3333,-10,0
-0.00031916,0.054277,-0.00046371,-1.3052e-21,9.7256,-9.7256,0
-0.00026611,0,0,0,10,-10,0
9.9847e-05,0.051323,-0.00016712,-8.3473e-23,-8.8226,-9.4572,0
0.00010651,0.051064,-0.00024714,5.9519e-22,-9.4512,-9.4512,0
7.0479e-05,0.051705,-0.00023014,-3.3113e-22,-8.1938,-9.4629,0
4.8078e-05,0.052122,-0.00025748,4.7039e-22,-7.5646,-9.4682,0
2.306e-05,0.052582,-0.00029441,1.2726e-23,-6.9352,-9.4731,0
-5.7736e-06,0.053109,-0.00033881,-1.2572e-22,-6.3056,-9.4777,0
-3.8226e-05,0.053698,-0.00037861,-2.174e-22,-5.6757,-9.4818,0
-7.4607e-05,0.054353,-0.00041304,1.5533e-22,-5.0456,-9.4856,0
-0.00011457,0.055067,-0.00044292,4.7305e-22,-4.4153,-9.4889,0
-0.00015715,0.055817,-0.00046645,3.3837e-22,-3.7848,-9.4918,0
-0.0002013,0.056589,-0.00048151,-2.2563e-22,-3.1542,-9.4943,0
-0.00024512,0.057348,-0.00047702,-3.8201e-22,-2.5235,-9.4964,0
-0.00028764,0.058078,-0.00044777,2.5372e-22,-1.8927,-9.4979,0
-0.00032714,0.058753,-0.00039683,1.2e-22,-1.2619,-9.4991,0
-0.00036217,0.059355,-0.00032869,9.3028e-21,-0.63094,-9.4998,0
-0.00039123,0.059859,-0.00024975,-1.918e-22,0,-9.5,0
-0.00041368,0.060259,-0.00015723,-9.7765e-21,0.63094,-9.4998,0
-0.00042975,0.06056,-6.6064e-05,1.2832e-22,1.2619,-9.4991,0
-0.00043928,0.060762,1.3566e-05,3.5047e-22,1.8927,-9.4979,0
-0.00044208,0.060862,8.7528e-05,-4.3428e-22,2.5235,-9.4964,0
-0.00044002,0.060877,0.00015222,-2.4287e-22,3.1542,-9.4943,0
-0.00043291,0.060822,0.00020236,5.3678e-22,3.7848,-9.4918,0
-0.00042174,0.060722,0.00025612,1.484e-21,4.4153,-9.4889,0
-0.00040782,0.060552,0.0003049,1.0241e-21,5.0456,-9.4856,0
-0.00039185,0.060347,0.00036191,-1.1283e-21,5.6757,-9.4818,0
-0.00037435,0.060063,0.00039458,-1.1793e-21,6.3056,-9.4777,0
-0.00035435,0.059765,0.00047988,1.7699e-22,6.9352,-9.4731,0
-0.00034067,0.059327,0.00049954,-2.279e-21,7.5646,-9.4682,0
-0.00031097,0.058947,0.00070277,1.5499e-21,8.1938,-9.4629,0
-0.00031073,0.0585,0.00038993,2.7087e-21,8.8226,-9.4572,0
-0.00027617,0.058013,-8.2706e-05,-1.5345e-21,9.4512,-9.4512,0
9.2699e-05,0.051539,-0.00034464,-2.901e-22,-8.5673,-9.1858,0
0.00010138,0.051264,-0.00037773,3.4245e-22,-9.1768,-9.1768,0
6.3698e-05,0.051925,-0.00045273,-2.7451e-22,-7.9573,-9.1943,0
4.1704e-05,0.052332,-0.00051437,7.6541e-22,-7.3469,-9.2023,0
1.6264e-05,0.052804,-0.00057656,1.1894e-22,-6.7362,-9.2097,0
-1.2937e-05,0.053338,-0.00064528,-1.2831e-23,-6.125,-9.2165,0
-4.5635e-05,0.053932,-0.00070748,1.2276e-23,-5.5135,-9.2228,0
-8.2075e-05,0.05459,-0.00076271,2.7352e-23,-4.9017,-9.2284,0
-0.00012187,0.055299,-0.0008065,2.3802e-22,-4.2896,-9.2334,0
-0.00016407,0.056048,-0.00083344,5.8036e-22,-3.6773,-9.2378,0
-0.0002077,0.056809,-0.00084026,-5.7336e-22,-3.0647,-9.2415,0
-0.00025096,0.057564,-0.00081761,-5.6883e-22,-2.452,-9.2445,0
-0.00029285,0.058285,-0.00076172,5.8428e-22,-1.8391,-9.2469,0
-0.00033165,0.058955,-0.00067909,1.3771e-22,-1.2261,-9.2486,0
-0.00036602,0.059548,-0.00057072,1.4118e-20,-0.61308,-9.2497,0
-0.00039455,0.060048,-0.00044902,-1.6228e-22,0,-9.25,0
-0.00041667,0.060446,-0.00031462,-1.4546e-20,0.61308,-9.2497,0
-0.00043237,0.060747,-0.0001823,1.5171e-22,1.2261,-9.2486,0
-0.00044172,0.060951,-6.3277e-05,9.0041e-22,1.8391,-9.2469,0
-0.0004446,0.06106,4.2579e-05,-1.2276e-21,2.452,-9.2445,0
-0.00044269,0.061099,0.0001371,-1.2246e-21,3.0647,-9.2415,0
-0.00043612,0.06106,0.00021058,1.2094e-21,3.6773,-9.2378,0
-0.00042568,0.060975,0.00028474,6.2637e-22,4.2896,-9.2334,0
-0.00041251,0.060827,0.00034872,-1.3645e-22,4.9017,-9.2284,0
-0.00039697,0.060643,0.00042668,-1.3649e-22,5.5135,-9.2228,0
-0.0003806,0.060397,0.00047239,-1.3211e-22,6.125,-9.2165,0
-0.00036073,0.060118,0.00057208,-1.4632e-21,6.7362,-9.2097,0
-0.00034624,0.059745,0.0005958,-3.9523e-21,7.3469,-9.2023,0
-0.00032127,0.059406,0.00077283,2.8195e-21,7.9573,-9.1943,0
-0.00031633,0.059107,0.00074202,3.6994e-21,8.5673,-9.1858,0
-0.00029167,0.058512,0.00058083,-1.8168e-21,9.1768,-9.1768,0
8.4798e-05,0.051747,-0.00051301,-6.6372e-23,-8.3119,-8.9144,0
9.5396e-05,0.051453,-0.00052532,3.7439e-22,-8.9024,-8.9024,0
5.6069e-05,0.05214,-0.00063506,-4.6798e-22,-7.7209,-8.9257,0
3.4262e-05,0.052543,-0.00070782,-4.4045e-23,-7.1293,-8.9363,0
8.451e-06,0.05302,-0.000787,1.9072e-22,-6.5371,-8.9462,0
-2.0936e-05,0.053556,-0.00087383,-2.0291e-24,-5.9444,-8.9553,0
-5.383e-05,0.054153,-0.00095445,-7.3391e-24,-5.3513,-8.9637,0
-9.0329e-05,0.054811,-0.0010237,-1.4251e-23,-4.7578,-8.9712,0
-0.00012995,0.055514,-0.0010774,-8.3081e-23,-4.1639,-8.9779,0
-0.00017176,0.056256,-0.0011085,2.4069e-22,-3.5697,-8.9837,0
-0.00021483,0.057008,-0.0011115,-4.0817e-23,-2.9752,-8.9886,0
-0.00025751,0.05775,-0.0010789,-3.2525e-22,-2.3804,-8.9927,0
-0.00029875,0.058463,-0.0010072,2.44e-22,-1.7855,-8.9959,0
-0.00033684,0.059121,-0.00090148,1.2638e-22,-1.1904,-8.9982,0
-0.00037052,0.059702,-0.00076542,1.8988e-20,-0.59522,-8.9995,0
-0.00039849,0.060194,-0.00061241,-1.881e-22,0,-9,0
-0.00042018,0.060586,-0.00044534,-1.9422e-20,0.59522,-8.9995,0
-0.00043551,0.060881,-0.00028136,1.5635e-22,1.1904,-8.9982,0
-0.00044471,0.061082,-0.00012825,3.0828e-22,1.7855,-8.9959,0
-0.0004477,0.061194,7.192e-06,-5.5217e-22,2.3804,-8.9927,0
-0.00044595,0.061236,0.00013196,1.6192e-23,2.9752,-8.9886,0
-0.00043986,0.061211,0.00023092,8.94e-22,3.5697,-8.9837,0
-0.00043008,0.061133,0.00032815,2.1713e-22,4.1639,-8.9779,0
-0.00041782,0.061,0.00041252,7.5445e-23,4.7578,-8.9712,0
-0.00040273,0.06083,0.00051171,5.0675e-23,5.3513,-8.9637,0
-0.00038758,0.060607,0.00058205,2.0352e-23,5.9444,-8.9553,0
-0.00036843,0.060343,0.00070442,-2.5937e-21,6.5371,-8.9462,0
-0.000353,0.060007,0.00076554,-2.0202e-22,7.1293,-8.9363,0
-0.0003307,0.059644,0.00089987,2.572e-21,7.7209,-8.9257,0
-0.00031921,0.059301,0.0008956,5.1165e-22,8.3119,-8.9144,0
-0.00029569,0.05885,0.00085867,-2.442e-21,8.9024,-8.9024,0
7.7464e-05,0.05191,-0.00071648,1.3211e-22,-8.0566,-8.643,0
8.9937e-05,0.05161,-0.00069416,3.4572e-22,-8.628,-8.628,0
4.9861e-05,0.052296,-0.00086602,-5.663e-22,-7.4844,-8.6571,0
2.8131e-05,0.052695,-0.00096978,1.8577e-23,-6.9116,-8.6704,0
1.8823e-06,0.053182,-0.0010801,1.0483e-22,-6.338,-8.6828,0
-2.7841e-05,0.053721,-0.0011928,4.7146e-23,-5.7639,-8.6942,0
-6.1097e-05,0.054326,-0.0012951,-3.9041e-22,-5.1892,-8.7046,0
-9.7808e-05,0.054983,-0.0013806,3.3605e-22,-4.6139,-8.714,0
-0.00013748,0.055689,-0.0014442,3.5979e-22,-4.0382,-8.7223,0
-0.00017922,0.056425,-0.0014775,-4.3117e-22,-3.4621,-8.7296,0
-0.00022212,0.057176,-0.0014715,-3.3548e-24,-2.8856,-8.7358,0
-0.00026457,0.057913,-0.0014222,-4.8138e-23,-2.3089,-8.7409,0
-0.00030549,0.058623,-0.0013258,1.8737e-22,-1.7318,-8.7449,0
-0.00034317,0.059274,-0.0011886,1.3993e-22,-1.1547,-8.7477,0
-0.00037642,0.059851,-0.0010157,2.392e-20,-0.57736,-8.7494,0
-0.00040398,0.060338,-0.00082304,-1.9796e-22,0,-8.75,0
-0.00042534,0.060725,-0.00061586,-2.4388e-20,0.57736,-8.7494,0
-0.00044033,0.061017,-0.00041286,1.5455e-22,1.1547,-8.7477,0
-0.00044925,0.061214,-0.00022245,3.8156e-22,1.7318,-8.7449,0
-0.00045219,0.061327,-5.5068e-05,7.2656e-23,2.3089,-8.7409,0
-0.00045039,0.061369,9.7471e-05,5.8022e-24,2.8856,-8.7358,0
-0.0004445,0.061354,0.00022076,-1.2895e-21,3.4621,-8.7296,0
-0.00043508,0.06128,0.00033959,1.4366e-21,4.0382,-8.7223,0
-0.00042357,0.061158,0.00044078,1.2863e-21,4.6139,-8.714,0
-0.00040878,0.061,0.00055545,-2.267e-21,5.1892,-8.7046,0
-0.00039441,0.060795,0.00064256,3.2677e-23,5.7639,-8.6942,0
-0.00037627,0.060549,0.0007756,1.2341e-21,6.338,-8.6828,0
-0.00036055,0.060262,0.0008686,-9.8905e-22,6.9116,-8.6704,0
-0.00034097,0.05993,0.0010179,2.7091e-21,7.4844,-8.6571,0
-0.00032744,0.059571,0.0010917,-1.1917e-21,8.0566,-8.643,0
-0.00030512,0.059135,0.0011539,-2.3926e-21,8.628,-8.628,0
7.0451e-05,0.052071,-0.0009261,-5.1363e-22,-7.8012,-8.3716,0
8.4532e-05,0.051743,-0.00088077,2.5911e-22,-8.3536,-8.3536,0
4.3903e-05,0.05246,-0.0010961,2.8726e-22,-7.248,-8.3886,0
2.1697e-05,0.052868,-0.0012204,5.1282e-22,-6.6939,-8.4045,0
-5.2393e-06,0.053366,-0.0013484,-6.1516e-23,-6.139,-8.4193,0
-3.5388e-05,0.053912,-0.0014754,-6.7491e-23,-5.5833,-8.433,0
-6.9071e-05,0.054524,-0.00159,-3.4769e-22,-5.027,-8.4455,0
-0.00010607,0.055185,-0.001683,4.7435e-22,-4.47,-8.4568,0
-0.0001459,0.055894,-0.0017507,3.1071e-22,-3.9125,-8.4668,0
-0.00018767,0.05663,-0.0017804,-4.1688e-22,-3.3545,-8.4755,0
-0.00023045,0.057377,-0.0017644,-7.9639e-23,-2.7961,-8.483,0
-0.00027271,0.058112,-0.0016997,-8.3875e-24,-2.2373,-8.4891,0
-0.00031331,0.058815,-0.0015823,2.5087e-22,-1.6782,-8.4938,0
-0.00035059,0.059462,-0.0014183,9.6683e-23,-1.1189,-8.4973,0
-0.00038337,0.060032,-0.0012154,2.884e-20,-0.5595,-8.4993,0
-0.00041048,0.060513,-0.00098964,-1.7636e-22,0,-8.5,0
-0.00043141,0.060894,-0.00074896,-2.9278e-20,0.5595,-8.4993,0
-0.00044598,0.061181,-0.0005137,1.7832e-22,1.1189,-8.4973,0
-0.00045457,0.061374,-0.00029086,3.0827e-22,1.6782,-8.4938,0
-0.00045737,0.061488,-9.5017e-05,1.0758e-23,2.2373,-8.4891,0
-0.00045548,0.061529,8.3445e-05,1.5817e-22,2.7961,-8.483,0
-0.00044969,0.061519,0.00023031,-1.1551e-21,3.3545,-8.4755,0
-0.00044054,0.06145,0.00037191,8.9503e-22,3.9125,-8.4668,0
-0.0004297,0.061339,0.00049111,1.5528e-21,4.47,-8.4568,0
-0.00041534,0.061193,0.00062053,-6.9887e-22,5.027,-8.4455,0
-0.00040156,0.061006,0.00072884,-8.0449e-23,5.5833,-8.433,0
-0.00038438,0.060784,0.00087112,1.1911e-21,6.139,-8.4193,0
-0.0003686,0.060521,0.00098616,-3.33e-21,6.6939,-8.4045,0
-0.00035006,0.060219,0.0011375,-8.0452e-22,7.248,-8.3886,0
-0.00033441,0.059864,0.001241,5.426e-21,7.8012,-8.3716,0
-0.00031411,0.059453,0.001336,-3.429e-22,8.3536,-8.3536,0
6.4323e-05,0.0522,-0.0011745,-1.7375e-22,-7.5459,-8.1002,0
7.9628e-05,0.051863,-0.0010876,-1.9778e-22,-8.0791,-8.0791,0
3.8509e-05,0.052607,-0.0013668,4.1557e-22,-7.0115,-8.12,0
1.5758e-05,0.053021,-0.001517,2.3115e-22,-6.4762,-8.1386,0
-1.1791e-05,0.053529,-0.0016711,-1.5991e-22,-5.9399,-8.1559,0
-4.238e-05,0.05408,-0.0018205,-1.1912e-23,-5.4028,-8.1718,0
-7.6578e-05,0.054701,-0.0019528,9.2034e-23,-4.8648,-8.1864,0
-0.00011399,0.055366,-0.0020582,0,-4.3262,-8.1996,0
-0.00015417,0.056083,-0.0021319,0,-3.7868,-8.2113,0
-0.0001962,0.05682,-0.0021587,-3.3887e-22,-3.2469,-8.2214,0
-0.00023917,0.05757,-0.0021329,3.6572e-22,-2.7065,-8.2301,0
-0.00028153,0.058307,-0.0020502,2.6273e-22,-2.1657,-8.2373,0
-0.00032212,0.059007,-0.0019074,-3.1288e-22,-1.6246,-8.2428,0
-0.00035926,0.059653,-0.0017125,2.2924e-22,-1.0832,-8.2468,0
-0.0003918,0.060217,-0.001474,3.4373e-20,-0.54164,-8.2492,0
-0.0004186,0.060695,-0.00121,1.0934e-22,0,-8.25,0
-0.00043918,0.061069,-0.0009305,-3.4264e-20,0.54164,-8.2492,0
-0.00045336,0.061351,-0.00065771,3.2322e-22,1.0832,-8.2468,0
-0.00046156,0.061538,-0.00039897,-8.2099e-22,1.6246,-8.2428,0
-0.00046409,0.061648,-0.00017151,2.0647e-22,2.1657,-8.2373,0
-0.00046194,0.061685,3.4155e-05,5.6793e-22,2.7065,-8.2301,0
-0.00045603,0.061675,0.00020474,-5.9092e-22,3.2469,-8.2214,0
-0.00044689,0.061607,0.0003669,0,3.7868,-8.2113,0
-0.00043644,0.061505,0.00050362,0,4.3262,-8.1996,0
-0.00042244,0.061369,0.00064474,1.1689e-21,4.8648,-8.1864,0
-0.00040897,0.061199,0.00076804,4.2131e-22,5.4028,-8.1718,0
-0.00039273,0.060999,0.00091929,-8.7652e-23,5.9399,-8.1559,0
-0.00037738,0.060762,0.0010544,-1.6772e-21,6.4762,-8.1386,0
-0.00036006,0.06049,0.001224,-2.8648e-21,7.0115,-8.12,0
-0.00034392,0.060166,0.0013733,1.9385e-21,7.5459,-8.1002,0
-0.00032514,0.059763,0.001542,3.1294e-21,8.0791,-8.0791,0
5.8964e-05,0.052313,-0.0014448,1.8256e-22,-7.2905,-7.8288,0
7.4968e-05,0.051959,-0.0013329,3.2162e-23,-7.8047,-7.8047,0
3.333e-05,0.052737,-0.0016521,4.6561e-23,-6.7751,-7.8514,0
9.869e-06,0.053164,-0.0018194,-2.5584e-22,-6.2585,-7.8727,0
-1.8471e-05,0.053682,-0.0019914,-6.4451e-23,-5.7409,-7.8924,0
-4.9707e-05,0.054246,-0.0021532,1.1174e-22,-5.2222,-7.9107,0
-8.462e-05,0.054874,-0.002294,-3.017e-22,-4.7027,-7.9273,0
-0.00012264,0.05555,-0.0024036,-4.9174e-22,-4.1823,-7.9424,0
-0.00016336,0.056273,-0.0024756,2.6117e-22,-3.6611,-7.9557,0
-0.00020584,0.057016,-0.0024927,4.7585e-22,-3.1393,-7.9674,0
-0.00024913,0.057771,-0.0024531,5.797e-22,-2.617,-7.9773,0
-0.0002917,0.05851,-0.0023485,-2.3051e-22,-2.0942,-7.9854,0
-0.00033232,0.05921,-0.0021798,-4.436e-22,-1.571,-7.9918,0
-0.00036934,0.059853,-0.0019542,2.2537e-22,-1.0475,-7.9963,0
-0.00040162,0.060413,-0.0016819,3.9864e-20,-0.52378,-7.9991,0
-0.00042805,0.060884,-0.0013828,1.1529e-22,0,-8,0
-0.0004482,0.061251,-0.0010676,-3.976e-20,0.52378,-7.9991,0
-0.00046189,0.061524,-0.00076112,3.152e-22,1.0475,-7.9963,0
-0.00046959,0.061702,-0.00047036,-5.2484e-22,1.571,-7.9918,0
-0.00047173,0.061806,-0.00021453,-4.8134e-22,2.0942,-7.9854,0
-0.00046923,0.061836,1.6042e-05,5.0465e-22,2.617,-7.9773,0
-0.00046309,0.061824,0.00020806,1.2553e-21,3.1393,-7.9674,0
-0.00045385,0.061756,0.00038904,1.3114e-21,3.6611,-7.9557,0
-0.00044356,0.06166,0.0005418,-1.2595e-21,4.1823,-7.9424,0
-0.00042996,0.061535,0.000693,-1.3634e-21,4.7027,-7.9273,0
-0.0004168,0.06138,0.00082992,8.2296e-22,5.2222,-7.9107,0
-0.00040118,0.061199,0.00098816,1.8409e-21,5.7409,-7.8924,0
-0.00038619,0.060982,0.0011364,1.088e-21,6.2585,-7.8727,0
-0.00036961,0.060736,0.0013108,-2.3773e-21,6.7751,-7.8514,0
-0.00035328,0.060437,0.0014856,-1.5858e-21,7.2905,-7.8288,0
-0.00033587,0.060059,0.0016836,3.0758e-22,7.8047,-7.8047,0
5.3678e-05,0.052394,-0.0017502,1.0788e-22,-7.0352,-7.5574,0
7.0797e-05,0.052045,-0.0015984,-9.6127e-23,-7.5303,-7.5303,0
2.8092e-05,0.052832,-0.0019758,3.0565e-22,-6.5387,-7.5829,0
3.9118e-06,0.053271,-0.0021636,-2.9778e-22,-6.0408,-7.6068,0
-2.5208e-05,0.053805,-0.0023582,-1.062e-23,-5.5418,-7.629,0
-5.7129e-05,0.054378,-0.0025369,3.603e-22,-5.0417,-7.6495,0
-9.2818e-05,0.05502,-0.0026904,-3.279e-22,-4.5405,-7.6683,0
-0.00013156,0.055706,-0.0028085,-6.6721e-22,-4.0384,-7.6852,0
-0.00017297,0.056439,-0.0028804,4.395e-22,-3.5354,-7.7002,0
-0.00021607,0.057191,-0.002891,8.0725e-22,-3.0318,-7.7133,0
-0.00025989,0.057956,-0.002838,-1.0924e-22,-2.5274,-7.7244,0
-0.00030288,0.058701,-0.0027121,-1.5884e-22,-2.0226,-7.7336,0
-0.00034376,0.059408,-0.002516,-1.0753e-22,-1.5173,-7.7408,0
-0.00038087,0.060052,-0.0022577,-2.6966e-22,-1.0117,-7.7459,0
-0.00041307,0.060612,-0.0019492,4.5626e-20,-0.50592,-7.749,0
-0.00043925,0.061079,-0.001611,1.1805e-22,0,-7.75,0
-0.00045903,0.061439,-0.0012564,-4.5514e-20,0.50592,-7.749,0
-0.00047226,0.061704,-0.00091277,-2.905e-22,1.0117,-7.7459,0
-0.00047942,0.061872,-0.00058671,1.7283e-22,1.5173,-7.7408,0
-0.00048107,0.061967,-0.00029897,-2.1274e-22,2.0226,-7.7336,0
-0.00047808,0.061989,-4.1957e-05,1.21e-22,2.5274,-7.7244,0
-0.0004715,0.061973,0.00017251,1.8171e-21,3.0318,-7.7133,0
-0.00046196,0.061905,0.00037147,1.1303e-21,3.5354,-7.7002,0
-0.0004515,0.061815,0.00054008,-2.6607e-21,4.0384,-7.6852,0
-0.0004381,0.061697,0.00070073,-1.1046e-21,4.5405,-7.6683,0
-0.00042514,0.061555,0.00084907,3.4389e-21,5.0417,-7.6495,0
-0.00041001,0.061394,0.0010136,-3.0322e-22,5.5418,-7.629,0
-0.00039552,0.061201,0.001175,-1.9264e-22,6.0408,-7.6068,0
-0.00037991,0.060986,0.0013596,-1.3784e-21,6.5387,-7.5829,0
-0.00036407,0.060716,0.0015598,-1.3404e-21,7.0352,-7.5574,0
-0.00034723,0.06036,0.0018106,2.2697e-21,7.5303,-7.5303,0
4.9031e-05,0.052478,-0.0020734,8.1293e-24,-6.7798,-7.286,0
6.6996e-05,0.052111,-0.0018985,-2.5601e-22,-7.2559,-7.2559,0
2.3314e-05,0.052924,-0.0023157,5.3023e-22,-6.3022,-7.3143,0
-1.7296e-06,0.05338,-0.0025211,-3.4127e-22,-5.8232,-7.3408,0
-3.1799e-05,0.053929,-0.002732,-2.1413e-23,-5.3428,-7.3656,0
-6.4662e-05,0.054518,-0.0029196,4.7839e-22,-4.8611,-7.3884,0
-0.00010141,0.055178,-0.0030803,-3.9936e-22,-4.3783,-7.4092,0
-0.00014115,0.05588,-0.003198,-3.1784e-22,-3.8945,-7.428,0
-0.00018353,0.056628,-0.0032643,4.9726e-22,-3.4098,-7.4447,0
-0.00022752,0.057397,-0.0032626,5.3136e-23,-2.9242,-7.4592,0
-0.00027209,0.058175,-0.0031906,4.7592e-24,-2.4379,-7.4716,0
-0.00031567,0.058929,-0.003038,6.3605e-24,-1.951,-7.4818,0
-0.00035692,0.059643,-0.0028113,-2.21e-22,-1.4637,-7.4897,0
-0.00039416,0.060288,-0.0025169,6.865e-23,-0.976,-7.4954,0
-0.00042627,0.060847,-0.0021699,5.195e-20,-0.48806,-7.4989,0
-0.00045217,0.061307,-0.0017917,1.0739e-22,0,-7.5,0
-0.00047149,0.06166,-0.0013984,-5.1247e-20,0.48806,-7.4989,0
-0.00048414,0.061915,-0.0010183,-7.6592e-23,0.976,-7.4954,0
-0.00049064,0.062072,-0.00065838,-4.1894e-22,1.4637,-7.4897,0
-0.00049164,0.062156,-0.00034141,1.3207e-23,1.951,-7.4818,0
-0.00048803,0.062168,-6.0717e-05,-1.0484e-23,2.4379,-7.4716,0
-0.00048088,0.062145,0.0001726,-1.2635e-22,2.9242,-7.4592,0
-0.00047089,0.062073,0.00038648,1.121e-21,3.4098,-7.4447,0
-0.00046008,0.061986,0.00056813,-1.1558e-21,3.8945,-7.428,0
-0.00044674,0.061874,0.00073634,-1.366e-21,4.3783,-7.4092,0
-0.00043386,0.061745,0.00089293,3.3807e-21,4.8611,-7.3884,0
-0.00041902,0.061601,0.0010591,-4.5608e-22,5.3428,-7.3656,0
-0.00040479,0.061433,0.0012267,-1.3466e-22,5.8232,-7.3408,0
-0.0003898,0.061247,0.001414,-2.7343e-21,6.3022,-7.3143,0
-0.00037464,0.061003,0.0016278,-1.2513e-21,6.7798,-7.286,0
-0.00035872,0.060682,0.0018928,4.8111e-21,7.2559,-7.2559,0
4.4251e-05,0.052545,-0.0024411,1.0378e-22,-6.5245,-7.0145,0
6.3386e-05,0.05218,-0.0022275,-1.146e-22,-6.9815,-6.9815,0
1.8176e-05,0.053005,-0.0027036,4.3036e-22,-6.0658,-7.0457,0
-7.9074e-06,0.053474,-0.0029304,-1.3625e-22,-5.6055,-7.0749,0
-3.9043e-05,0.054042,-0.0031596,2.6524e-23,-5.1437,-7.1021,0
-7.2985e-05,0.054646,-0.0033609,8.7599e-23,-4.6806,-7.1272,0
-0.0001109,0.055325,-0.0035301,-6.3182e-22,-4.2162,-7.1501,0
-0.00015176,0.056047,-0.0036499,-8.0995e-22,-3.7506,-7.1708,0
-0.00019526,0.056813,-0.0037114,-2.0209e-22,-3.2841,-7.1891,0
-0.0002403,0.057599,-0.003698,4.786e-22,-2.8166,-7.2051,0
-0.00028578,0.058391,-0.0036058,7.7766e-22,-2.3484,-7.2188,0
-0.00033011,0.059158,-0.0034268,-9.3262e-23,-1.8795,-7.23,0
-0.00037188,0.059881,-0.0031676,-7.7752e-22,-1.4101,-7.2387,0
-0.00040941,0.06053,-0.0028357,1.4056e-23,-0.94026,-7.245,0
-0.00044155,0.061091,-0.0024484,5.8599e-20,-0.4702,-7.2487,0
-0.00046724,0.061546,-0.0020284,1.2735e-22,0,-7.25,0
-0.00048614,0.061894,-0.0015944,-5.7882e-20,0.4702,-7.2487,0
-0.00049821,0.06214,-0.0011748,-4.9841e-23,0.94026,-7.245,0
-0.00050399,0.062287,-0.00077922,-1.0673e-21,1.4101,-7.2387,0
-0.00050423,0.062363,-0.00042959,2.1128e-23,1.8795,-7.23,0
-0.00049985,0.062365,-0.00012166,1.3227e-21,2.3484,-7.2188,0
-0.00049196,0.062332,0.00013339,1.4012e-21,2.8166,-7.2051,0
-0.00048133,0.062256,0.00036191,9.4753e-22,3.2841,-7.1891,0
-0.00046983,0.062172,0.00055691,-1.5946e-22,3.7506,-7.1708,0
-0.00045631,0.062068,0.00073233,-6.4588e-22,4.2162,-7.1501,0
-0.00044326,0.061954,0.00089666,9.8403e-22,4.6806,-7.1272,0
-0.00042854,0.061831,0.0010639,1.6727e-22,5.1437,-7.1021,0
-0.00041454,0.06169,0.0012365,-1.2681e-21,5.6055,-7.0749,0
-0.00040011,0.061535,0.0014281,-3.0934e-21,6.0658,-7.0457,0
-0.00038561,0.061324,0.0016539,6.1774e-22,6.5245,-7.0145,0
-0.00037021,0.061045,0.0019417,5.9195e-21,6.9815,-6.9815,0
4.0285e-05,0.052609,-0.0028285,-1.0449e-22,-6.2691,-6.7431,0
6.0315e-05,0.052224,-0.0025953,-6.7223e-23,-6.7071,-6.7071,0
1.3677e-05,0.053083,-0.0031071,4.5778e-26,-5.8293,-6.7771,0
-1.3577e-05,0.05357,-0.0033502,1.0557e-22,-5.3878,-6.809,0
-4.5977e-05,0.054158,-0.0035938,1.3129e-23,-4.9446,-6.8387,0
-8.1281e-05,0.054787,-0.0038012,-8.6364e-24,-4.5,-6.866,0
-0.00012067,0.05549,-0.0039755,-4.745e-24,-4.054,-6.891,0
-0.000163,0.056238,-0.0040912,-5.9171e-22,-3.6067,-6.9135,0
-0.00020797,0.057029,-0.0041436,-6.3929e-22,-3.1584,-6.9336,0
-0.00025436,0.05784,-0.0041125,5.1895e-22,-2.709,-6.9511,0
-0.00030104,0.058653,-0.0039957,1.1527e-21,-2.2588,-6.9659,0
-0.00034635,0.059438,-0.003785,-1.4215e-22,-1.8079,-6.9781,0
-0.00038882,0.060175,-0.0034884,-5.8887e-22,-1.3564,-6.9877,0
-0.00042673,0.060832,-0.0031149,-6.2849e-23,-0.90453,-6.9945,0
-0.00045892,0.061397,-0.0026833,6.4855e-20,-0.45234,-6.9986,0
-0.00048435,0.061849,-0.0022179,1.7581e-22,0,-7,0
-0.00050272,0.06219,-0.0017418,-6.4668e-20,0.45234,-6.9986,0
-0.00051407,0.062424,-0.0012815,9.6251e-23,0.90453,-6.9945,0
-0.000519,0.062556,-0.00085072,-5.0149e-22,1.3564,-6.9877,0
-0.00051831,0.062615,-0.00046968,1.4248e-22,1.8079,-6.9781,0
-0.000513,0.0626,-0.00013538,1.96e-21,2.2588,-6.9659,0
-0.00050418,0.062552,0.0001375,1.2247e-21,2.709,-6.9511,0
-0.0004927,0.062465,0.00037626,-1.2142e-21,3.1584,-6.9336,0
-0.00048029,0.062379,0.00057881,-1.3167e-21,3.6067,-6.9135,0
-0.00046643,0.062276,0.00075698,-7.5224e-24,4.054,-6.891,0
-0.00045313,0.062173,0.00092343,2.3117e-23,4.5,-6.866,0
-0.00043828,0.062063,0.0010873,-1.9304e-22,4.9446,-6.8387,0
-0.0004243,0.061944,0.0012589,-2.1345e-21,5.3878,-6.809,0
-0.00041018,0.061816,0.0014474,-2.6331e-22,5.8293,-6.7771,0
-0.00039629,0.061642,0.0016751,1.0044e-21,6.2691,-6.7431,0
-0.00038201,0.061416,0.0019549,2.2412e-22,6.7071,-6.7071,0
3.5743e-05,0.052668,-0.0032752,-2.4446e-23,-6.0138,-6.4717,0
5.7322e-05,0.052283,-0.003002,-1.6728e-23,-6.4327,-6.4327,0
8.2774e-06,0.053165,-0.0035772,-7.1107e-24,-5.5929,-6.5086,0
-2.0399e-05,0.053674,-0.0038424,-2.0789e-22,-5.1701,-6.5431,0
-5.4347e-05,0.054284,-0.004104,-4.1033e-23,-4.7456,-6.5752,0
-9.1257e-05,0.054939,-0.0043231,1.7402e-22,-4.3194,-6.6049,0
-0.00013233,0.055665,-0.0045023,1.8777e-22,-3.8918,-6.6319,0
-0.00017634,0.056441,-0.0046154,-2.6707e-22,-3.4629,-6.6563,0
-0.00022296,0.057257,-0.0046557,-1.2098e-22,-3.0327,-6.678,0
-0.00027091,0.058093,-0.0046057,1.3806e-21,-2.6014,-6.697,0
-0.00031896,0.058927,-0.0044612,9.3872e-22,-2.1693,-6.7131,0
-0.00036542,0.059733,-0.0042164,-8.4385e-22,-1.7363,-6.7263,0
-0.00040872,0.060481,-0.0038795,-6.8746e-22,-1.3028,-6.7367,0
-0.00044714,0.061147,-0.0034621,5.266e-22,-0.86879,-6.7441,0
-0.00047945,0.061713,-0.0029833,7.3143e-20,-0.43448,-6.7485,0
-0.00050465,0.062164,-0.0024705,2.5218e-22,0,-6.75,0
-0.00052248,0.062498,-0.0019479,-7.2229e-20,0.43448,-6.7485,0
-0.00053307,0.062719,-0.0014429,6.8782e-22,0.86879,-6.7441,0
-0.00053706,0.062839,-0.00097309,-1.0714e-21,1.3028,-6.7367,0
-0.00053535,0.062879,-0.00055715,-1.3674e-21,1.7363,-6.7263,0
-0.00052895,0.06285,-0.00019413,1.0094e-21,2.1693,-6.7131,0
-0.00051906,0.062788,0.00010135,1.3811e-21,2.6014,-6.697,0
-0.0005065,0.062686,0.00035166,-1.3809e-21,3.0327,-6.678,0
-0.00049277,0.062587,0.00056222,-2.1887e-21,3.4629,-6.6563,0
-0.00047819,0.062481,0.00074325,-5.7322e-22,3.8918,-6.6319,0
-0.0004643,0.062381,0.0009125,9.0422e-22,4.3194,-6.6049,0
-0.00044921,0.062284,0.0010718,-1.1498e-23,4.7456,-6.5752,0
-0.00043495,0.062187,0.0012412,1.5176e-21,5.1701,-6.5431,0
-0.00042064,0.06209,0.0014246,-2.53e-22,5.5929,-6.5086,0
-0.00040704,0.06196,0.0016473,-5.7834e-22,6.0138,-6.4717,0
-0.00039278,0.061792,0.0019351,7.3738e-23,6.4327,-6.4327,0
3.2325e-05,0.052731,-0.0037459,5.0179e-23,-5.7584,-6.2003,0
5.5077e-05,0.052322,-0.0034559,2.08e-23,-6.1583,-6.1583,0
3.771e-06,0.053247,-0.0040675,1.116e-22,-5.3564,-6.24,0
-2.6487e-05,0.053783,-0.0043421,-1.9117e-22,-4.9524,-6.2772,0
-6.223e-05,0.054419,-0.0046147,1.0052e-22,-4.5465,-6.3118,0
-0.00010105,0.055106,-0.0048348,2.4047e-22,-4.1389,-6.3437,0
-0.00014416,0.055864,-0.0050143,-3.8293e-22,-3.7297,-6.3728,0
-0.0001902,0.056673,-0.0051183,-7.1948e-22,-3.319,-6.3991,0
-0.00023885,0.057524,-0.0051439,5.9563e-22,-2.907,-6.4225,0
-0.00028868,0.058394,-0.0050698,6.2764e-22,-2.4939,-6.4429,0
-0.00033839,0.059258,-0.0048941,4.6728e-22,-2.0797,-6.4602,0
-0.0003862,0.060089,-0.0046096,-1.519e-22,-1.6648,-6.4745,0
-0.00043047,0.060855,-0.0042266,-6.6443e-22,-1.2492,-6.4856,0
-0.00046945,0.061534,-0.0037595,3.1758e-22,-0.83306,-6.4936,0
-0.00050188,0.062102,-0.0032289,8.1342e-20,-0.41661,-6.4984,0
-0.0005268,0.062548,-0.0026648,2.5884e-22,0,-6.5,0
-0.00054398,0.06287,-0.0020925,-8.0437e-20,0.41661,-6.4984,0
-0.00055362,0.063072,-0.0015416,2.224e-22,0.83306,-6.4936,0
-0.00055645,0.063172,-0.0010315,-1.2961e-21,1.2492,-6.4856,0
-0.00055348,0.063187,-0.00058051,-5.3167e-22,1.6648,-6.4745,0
-0.00054581,0.063135,-0.0001908,6.5108e-22,2.0797,-6.4602,0
-0.00053465,0.063051,0.00012761,1.2898e-21,2.4939,-6.4429,0
-0.0005209,0.062928,0.0003895,1.3794e-21,2.907,-6.4225,0
-0.00050575,0.062813,0.00060104,-1.4096e-21,3.319,-6.3991,0
-0.00049001,0.062695,0.00077795,-1.5825e-21,3.7297,-6.3728,0
-0.00047509,0.062594,0.00094173,8.668e-22,4.1389,-6.3437,0
-0.00045977,0.062504,0.0010868,1.3222e-21,4.5465,-6.3118,0
-0.00044544,0.062429,0.0012407,-1.3917e-21,4.9524,-6.2772,0
-0.00043097,0.062361,0.0014067,-1.3439e-21,5.3564,-6.24,0
-0.00041766,0.062276,0.0016126,2.5914e-22,5.7584,-6.2003,0
-0.00040418,0.062167,0.0018648,3.2159e-21,6.1583,-6.1583,0
2.7584e-05,0.052787,-0.0042984,-1.2287e-22,-5.5031,-5.9289,0
5.2375e-05,0.052365,-0.0039637,1.9804e-23,-5.8839,-5.8839,0
-2.5609e-06,0.053324,-0.0046446,6.6941e-23,-5.12,-5.9714,0
-3.4912e-05,0.053892,-0.0049414,-1.1932e-22,-4.7347,-6.0113,0
-7.2809e-05,0.054557,-0.0052323,3.7411e-22,-4.3475,-6.0483,0
-0.00011391,0.05528,-0.0054638,7.1925e-22,-3.9583,-6.0825,0
-0.00015941,0.056074,-0.005645,-4.3579e-22,-3.5675,-6.1138,0
-0.00020786,0.056921,-0.0057427,-1.2107e-21,-3.1751,-6.1419,0
-0.00025885,0.057808,-0.0057499,-3.5227e-22,-2.7813,-6.167,0
-0.00031087,0.058711,-0.0056483,1.4933e-23,-2.3863,-6.1888,0
-0.00036253,0.059605,-0.0054357,4.4797e-22,-1.9902,-6.2074,0
-0.00041194,0.060462,-0.0051062,1.5194e-22,-1.5932,-6.2227,0
-0.00045734,0.061249,-0.0046724,-9.0962e-22,-1.1955,-6.2346,0
-0.00049697,0.061944,-0.0041506,3.9025e-22,-0.79733,-6.2432,0
-0.00052957,0.062518,-0.0035615,9.0991e-20,-0.39875,-6.2483,0
-0.00055422,0.062965,-0.0029404,3.5217e-22,0,-6.25,0
-0.00057069,0.063276,-0.0023124,-8.9931e-20,0.39875,-6.2483,0
-0.00057926,0.063464,-0.001711,2.8487e-22,0.79733,-6.2432,0
-0.00058081,0.063541,-0.001156,-1.1497e-21,1.1955,-6.2346,0
-0.00057641,0.063531,-0.00066598,3.3334e-22,1.5932,-6.2227,0
-0.00056726,0.063453,-0.00024679,9.3452e-22,1.9902,-6.2074,0
-0.00055457,0.063341,9.7597e-05,1.187e-21,2.3863,-6.1888,0
-0.00053932,0.063196,0.00037631,1.1366e-22,2.7813,-6.167,0
-0.00052261,0.06306,0.00059518,-1.7661e-21,3.1751,-6.1419,0
-0.00050522,0.062924,0.00076835,-5.2727e-22,3.5675,-6.1138,0
-0.00048843,0.062815,0.00092618,2.8824e-21,3.9583,-6.0825,0
-0.00047231,0.062725,0.0010602,2.7516e-21,4.3475,-6.0483,0
-0.00045731,0.062658,0.001202,-6.1688e-22,4.7347,-6.0113,0
-0.00044213,0.062609,0.00135,-3.1675e-21,5.12,-5.9714,0
-0.0004283,0.062555,0.0015374,5.0602e-22,5.5031,-5.9289,0
-0.00041436,0.062509,0.0017489,1.6694e-21,5.8839,-5.8839,0
2.4616e-05,0.052834,-0.0048763,8.5277e-24,-5.2477,-5.6575,0
5.0779e-05,0.052369,-0.0045316,8.6111e-23,-5.6095,-5.6095,0
-7.4173e-06,0.053402,-0.0052398,1.0705e-22,-4.8835,-5.7029,0
-4.2059e-05,0.05401,-0.0055445,-4.1481e-22,-4.517,-5.7454,0
-8.2433e-05,0.054716,-0.0058424,3.5758e-22,-4.1484,-5.7849,0
-0.00012621,0.055482,-0.0060693,1.2558e-21,-3.7778,-5.8214,0
-0.00017449,0.056323,-0.0062436,2.2727e-22,-3.4053,-5.8547,0
-0.0002257,0.057214,-0.0063232,-1.727e-21,-3.0312,-5.8847,0
-0.00027939,0.058147,-0.0063056,-3.1173e-22,-2.6556,-5.9114,0
-0.00033389,0.059091,-0.0061696,5.0384e-22,-2.2787,-5.9347,0
-0.00038769,0.060026,-0.0059158,2.7583e-22,-1.9006,-5.9546,0
-0.00043883,0.060912,-0.0055356,2.6228e-22,-1.5217,-5.9709,0
-0.00048546,0.061722,-0.0050475,-7.1527e-22,-1.1419,-5.9836,0
-0.00052577,0.062428,-0.0044643,9.4405e-25,-0.76159,-5.9927,0
-0.00055849,0.063002,-0.0038117,1.0128e-19,-0.38089,-5.9982,0
-0.00058269,0.063442,-0.0031279,3.8204e-23,0,-6,0
-0.0005983,0.063733,-0.0024385,-1.0063e-19,0.38089,-5.9982,0
-0.00060566,0.063899,-0.0017822,-1.7428e-23,0.76159,-5.9927,0
-0.00060575,0.063945,-0.0011784,-1.2061e-21,1.1419,-5.9836,0
-0.00059973,0.063905,-0.00064794,-4.3632e-22,1.5217,-5.9709,0
-0.00058891,0.063797,-0.0001981,-1.6203e-22,1.9006,-5.9546,0
-0.00057453,0.063653,0.0001694,1.7229e-21,2.2787,-5.9347,0
-0.00055767,0.063482,0.00046019,-1.1274e-22,2.6556,-5.9114,0
-0.00053927,0.063321,0.00068419,-4.0206e-21,3.0312,-5.8847,0
-0.00052025,0.06316,0.00084752,4.7441e-22,3.4053,-5.8547,0
-0.00050129,0.063036,0.00098585,5.1056e-21,3.7778,-5.8214,0
-0.00048389,0.062939,0.0010972,1.275e-21,4.1484,-5.7849,0
-0.00046833,0.062878,0.0012121,-9.7422e-23,4.517,-5.7454,0
-0.00045268,0.062839,0.0013235,-1.2794e-21,4.8835,-5.7029,0
-0.00043759,0.062807,0.0014836,-2.1643e-21,5.2477,-5.6575,0
-0.00042299,0.062831,0.0016179,3.4762e-21,5.6095,-5.6095,0
1.8637e-05,0.052861,-0.0055786,-1.3653e-22,-4.9924,-5.3861,0
4.7744e-05,0.052358,-0.0051854,1.1718e-22,-5.3351,-5.3351,0
-1.5937e-05,0.053468,-0.005967,7.7369e-23,-4.6471,-5.4343,0
-5.36e-05,0.054129,-0.006298,-5.6168e-23,-4.2994,-5.4794,0
-9.7032e-05,0.054881,-0.006613,4.3244e-22,-3.9493,-5.5215,0
-0.00014411,0.055698,-0.0068501,9.7512e-22,-3.5972,-5.5602,0
-0.00019577,0.056588,-0.0070215,-4.0341e-22,-3.2432,-5.5956,0
-0.00025043,0.057531,-0.007089,-1.4389e-21,-2.8873,-5.6275,0
-0.00030736,0.058515,-0.0070446,1.3893e-22,-2.5299,-5.6559,0
-0.00036479,0.05951,-0.0068722,7.3507e-22,-2.1711,-5.6807,0
-0.00042109,0.06049,-0.0065683,-2.9966e-22,-1.8111,-5.7017,0
-0.00047425,0.061414,-0.0061291,-3.2152e-23,-1.4501,-5.719,0
-0.00052231,0.062254,-0.0055745,-4.8213e-22,-1.0883,-5.7326,0
-0.00056342,0.062974,-0.004918,-2.3757e-22,-0.72586,-5.7422,0
-0.00059629,0.063552,-0.0041937,1.1301e-19,-0.36303,-5.7481,0
-0.00062001,0.063983,-0.0034377,-1.9916e-22,0,-5.75,0
-0.00063463,0.064253,-0.0026816,-1.124e-19,0.36303,-5.7481,0
-0.00064052,0.064394,-0.0019658,3.3715e-22,0.72586,-5.7422,0
-0.00063885,0.064405,-0.0013088,-3.2342e-22,1.0883,-5.7326,0
-0.00063084,0.064331,-0.00073442,-1.6749e-23,1.4501,-5.719,0
-0.00061802,0.064184,-0.00024841,-7.04e-22,1.8111,-5.7017,0
-0.00060156,0.064005,0.00014913,1.8192e-21,2.1711,-5.6807,0
-0.00058272,0.063799,0.00045904,1.0427e-21,2.5299,-5.6559,0
-0.0005622,0.063606,0.00069902,-2.8898e-21,2.8873,-5.6275,0
-0.00054112,0.063414,0.0008673,-2.3535e-21,3.2432,-5.5956,0
-0.00051961,0.063264,0.00099319,1.8035e-21,3.5972,-5.5602,0
-0.0004995,0.063149,0.0010818,8.7204e-22,3.9493,-5.5215,0
-0.000482,0.063073,0.0011773,1.0922e-21,4.2994,-5.4794,0
-0.00046569,0.063036,0.0012671,-2.2261e-21,4.6471,-5.4343,0
-0.00045015,0.063025,0.0013755,-2.6355e-21,4.9924,-5.3861,0
-0.00043378,0.063116,0.0014846,2.2678e-21,5.3351,-5.3351,0
1.5616e-05,0.052843,-0.0063107,-1.4468e-22,-4.737,-5.1147,0
4.6432e-05,0.05229,-0.0059132,2.3525e-22,-5.0607,-5.0607,0
-2.191e-05,0.053506,-0.0067125,1.8704e-22,-4.4106,-5.1657,0
-6.2758e-05,0.054224,-0.0070451,-1.5494e-22,-4.0817,-5.2135,0
-0.0001097,0.055043,-0.0073566,4.2055e-22,-3.7503,-5.258,0
-0.00016048,0.055927,-0.0075781,2.8127e-22,-3.4167,-5.299,0
-0.00021585,0.056886,-0.0077311,-4.3244e-22,-3.081,-5.3365,0
-0.00027409,0.057892,-0.0077683,-8.7609e-22,-2.7434,-5.3703,0
-0.00033443,0.058935,-0.0076863,2.3966e-22,-2.4042,-5.4004,0
-0.00039501,0.059979,-0.0074662,1.1744e-21,-2.0635,-5.4266,0
-0.00045407,0.060999,-0.0071032,6.4081e-22,-1.7216,-5.4489,0
-0.00050943,0.061955,-0.0065965,-7.889e-22,-1.3785,-5.4672,0
-0.00055903,0.062816,-0.0059671,-1.0942e-21,-1.0347,-5.4815,0
-0.00060096,0.063547,-0.0052292,6.0103e-22,-0.69013,-5.4918,0
-0.00063391,0.064127,-0.0044242,1.2596e-19,-0.34517,-5.4979,0
-0.00065699,0.064548,-0.0035871,2.6525e-23,0,-5.5,0
-0.00067036,0.0648,-0.0027561,-1.2505e-19,0.34517,-5.4979,0
-0.00067449,0.064913,-0.0019735,1.054e-21,0.69013,-5.4918,0
-0.0006708,0.06489,-0.0012591,-1.1587e-21,1.0347,-5.4815,0
-0.00066058,0.064782,-0.000639,-6.3247e-22,1.3785,-5.4672,0
-0.00064559,0.064595,-0.00011923,7.8514e-22,1.7216,-5.4489,0
-0.00062698,0.064381,0.00030251,8.5445e-22,2.0635,-5.4266,0
-0.00060619,0.064139,0.0006248,-2.3606e-22,2.4042,-5.4004,0
-0.00058365,0.06391,0.00086965,-1.4891e-21,2.7434,-5.3703,0
-0.00056061,0.063688,0.0010336,-1.1697e-21,3.081,-5.3365,0
-0.00053701,0.063506,0.0011384,1.0462e-21,3.4167,-5.299,0
-0.00051398,0.06336,0.0011963,1.0698e-21,3.7503,-5.258,0
-0.00049379,0.063248,0.0012461,1.7771e-21,4.0817,-5.2135,0
-0.00047592,0.063184,0.0012857,-2.2588e-21,4.4106,-5.1657,0
-0.00045811,0.063191,0.0013303,-2.7411e-21,4.737,-5.1147,0
-0.00043985,0.063325,0.0013321,4.7649e-21,5.0607,-5.0607,0
6.515e-06,0.052852,-0.0072295,4.2461e-25,-4.4817,-4.8433,0
4.1707e-05,0.052252,-0.0067738,3.2213e-22,-4.7863,-4.7863,0
-3.4986e-05,0.05357,-0.0076629,3.1909e-23,-4.1742,-4.8971,0
-8.0164e-05,0.054358,-0.008027,-3.5533e-22,-3.864,-4.9476,0
-0.00013155,0.055245,-0.0083557,5.5547e-22,-3.5512,-4.9946,0
-0.00018699,0.056206,-0.008586,2.0288e-22,-3.2361,-5.0379,0
-0.00024698,0.057242,-0.0087293,-1.3537e-21,-2.9188,-5.0774,0
-0.00030976,0.058327,-0.0087407,3.1728e-22,-2.5996,-5.1131,0
-0.00037445,0.059442,-0.0086167,1.3534e-21,-2.2785,-5.1448,0
-0.00043907,0.060551,-0.0083404,7.641e-23,-1.9559,-5.1725,0
-0.00050153,0.061626,-0.0079077,1.2127e-21,-1.632,-5.196,0
-0.00055957,0.062624,-0.0073218,-3.4447e-22,-1.307,-5.2154,0
-0.000611,0.063514,-0.0066064,-1.1786e-21,-0.98102,-5.2305,0
-0.00065384,0.06426,-0.0057771,6.3957e-22,-0.65439,-5.2413,0
-0.0006868,0.06484,-0.0048826,1.4175e-19,-0.32731,-5.2478,0
-0.000709,0.065248,-0.0039562,-7.4027e-23,0,-5.25,0
-0.0007208,0.065475,-0.0030437,-1.4183e-19,0.32731,-5.2478,0
-0.00072272,0.065553,-0.0021859,8.5414e-23,0.65439,-5.2413,0
-0.00071649,0.065488,-0.0014071,-1.9204e-21,0.98102,-5.2305,0
-0.00070347,0.065334,-0.00073153,-2.1408e-22,1.307,-5.2154,0
-0.00068572,0.065099,-0.00016653,2.1512e-21,1.632,-5.196,0
-0.00066436,0.064838,0.00029221,-1.5953e-22,1.9559,-5.1725,0
-0.00064099,0.064552,0.00064652,7.8239e-22,2.2785,-5.1448,0
-0.00061595,0.064274,0.0009133,-4.4197e-22,2.5996,-5.1131,0
-0.00059024,0.064014,0.0010966,-2.5284e-21,2.9188,-5.0774,0
-0.00056396,0.063781,0.0012093,1.5049e-21,3.2361,-5.0379,0
-0.00053751,0.063589,0.0012613,1.2709e-21,3.5512,-4.9946,0
-0.00051294,0.06343,0.0012921,-5.628e-22,3.864,-4.9476,0
-0.00049239,0.063339,0.0012853,-2.9624e-21,4.1742,-4.8971,0
-0.00047128,0.063343,0.0012603,-7.5402e-22,4.4817,-4.8433,0
-0.00044745,0.063463,0.0012202,4.5981e-21,4.7863,-4.7863,0
2.5601e-06,0.05285,-0.0081897,2.1071e-23,-4.2263,-4.5719,0
4.0312e-05,0.052182,-0.0077393,2.113e-22,-4.5118,-4.5118,0
-4.3382e-05,0.053642,-0.0086353,-9.5822e-23,-3.9378,-4.6286,0
-9.3073e-05,0.054511,-0.0089927,3.7263e-23,-3.6463,-4.6817,0
-0.00014949,0.055485,-0.009304,5.5013e-22,-3.3522,-4.7311,0
-0.00020999,0.05654,-0.0095046,3.2584e-22,-3.0556,-4.7767,0
-0.00027504,0.057664,-0.0096075,-1.5489e-21,-2.7567,-4.8183,0
-0.00034275,0.05884,-0.0095647,-3.8724e-22,-2.4557,-4.8559,0
-0.00041204,0.060038,-0.009375,8.1536e-22,-2.1528,-4.8893,0
-0.00048068,0.061225,-0.0090214,6.1822e-22,-1.8484,-4.9184,0
-0.0005465,0.062363,-0.0085005,1.0572e-21,-1.5425,-4.9432,0
-0.00060712,0.063414,-0.0078186,-1.2817e-21,-1.2354,-4.9636,0
-0.00066021,0.064337,-0.0069998,-1.119e-21,-0.92739,-4.9795,0
-0.00070374,0.065102,-0.0060621,6.1134e-22,-0.61866,-4.9909,0
-0.00073643,0.065682,-0.0050609,1.5776e-19,-0.30945,-4.9977,0
-0.00075741,0.066071,-0.0040293,-1.424e-22,0,-5,0
-0.00076722,0.066267,-0.003021,-1.5701e-19,0.30945,-4.9977,0
-0.0007665,0.066299,-0.0020787,2.2069e-22,0.61866,-4.9909,0
-0.00075732,0.066182,-0.00123,-1.3832e-21,0.92739,-4.9795,0
-0.00074116,0.065968,-0.00050075,-1.1384e-21,1.2354,-4.9636,0
-0.00072046,0.065679,0.00010243,2.2028e-21,1.5425,-4.9432,0
-0.00069635,0.065356,0.00058326,8.0916e-22,1.8484,-4.9184,0
-0.00067067,0.065022,0.00095191,-1.4307e-22,2.1528,-4.8893,0
-0.00064357,0.064692,0.0012192,-1.7398e-21,2.4557,-4.8559,0
-0.00061611,0.064384,0.0013999,-2.3934e-21,2.7567,-4.8183,0
-0.00058787,0.064104,0.0015061,1.8959e-21,3.0556,-4.7767,0
-0.00055939,0.063855,0.0015339,1.6882e-21,3.3522,-4.7311,0
-0.00053102,0.06366,0.0015238,3.0222e-22,3.6463,-4.6817,0
-0.00050498,0.063522,0.001468,-1.3855e-21,3.9378,-4.6286,0
-0.00048239,0.063435,0.0013567,1.3129e-21,4.2263,-4.5719,0
-0.00045906,0.063486,0.0011964,4.3772e-21,4.5118,-4.5118,0
-1.3524e-05,0.052895,-0.0094396,2.3356e-24,-3.971,-4.3005,0
3.1529e-05,0.052143,-0.0089169,1.5207e-22,-4.2374,-4.2374,0
-6.5415e-05,0.05377,-0.0099262,-4.1202e-22,-3.7013,-4.36,0
-0.00012165,0.054731,-0.010316,-8.5939e-24,-3.4286,-4.4158,0
-0.00018459,0.055797,-0.010645,5.4332e-22,-3.1531,-4.4677,0
-0.00025175,0.056951,-0.010847,1.7512e-21,-2.875,-4.5155,0
-0.00032347,0.058174,-0.010928,-1.2682e-21,-2.5945,-4.5593,0
-0.00039765,0.05945,-0.010845,-1.8415e-21,-2.3118,-4.5987,0
-0.00047291,0.06074,-0.010594,5.8935e-22,-2.0271,-4.6338,0
-0.00054685,0.062016,-0.010161,5.4683e-23,-1.7408,-4.6643,0
-0.00061712,0.063226,-0.0095436,1.3498e-21,-1.4529,-4.6904,0
-0.00068109,0.064337,-0.0087531,3.336e-23,-1.1638,-4.7118,0
-0.00073634,0.065298,-0.0078158,-2.0343e-21,-0.87376,-4.7285,0
-0.00078072,0.066081,-0.0067548,-3.0734e-22,-0.58292,-4.7404,0
-0.00081303,0.066659,-0.0056318,1.8037e-19,-0.29159,-4.7476,0
-0.00083236,0.067025,-0.0044811,-3.3955e-22,0,-4.75,0
-0.00083957,0.067184,-0.0033642,-1.7877e-19,0.29159,-4.7476,0
-0.00083536,0.06716,-0.0023233,1.693e-22,0.58292,-4.7404,0
-0.00082224,0.066985,-0.0013896,-2.0364e-21,0.87376,-4.7285,0
-0.00080183,0.066698,-0.00059045,2.633e-23,1.1638,-4.7118,0
-0.000777,0.066346,7.3765e-05,1.5567e-21,1.4529,-4.6904,0
-0.00074898,0.065951,0.00059995,-2.3898e-22,1.7408,-4.6643,0
-0.00071982,0.06556,0.0010125,8.383e-22,2.0271,-4.6338,0
-0.00068966,0.065167,0.0013164,-2.6759e-21,2.3118,-4.5987,0
-0.00065948,0.064808,0.0015266,-1.3001e-21,2.5945,-4.5593,0
-0.00062869,0.064468,0.0016689,2.5654e-21,2.875,-4.5155,0
-0.0005977,0.06417,0.0017211,1.023e-21,3.1531,-4.4677,0
-0.00056621,0.063901,0.0017152,-7.678e-23,3.4286,-4.4158,0
-0.00053393,0.06367,0.0016803,-7.0133e-22,3.7013,-4.36,0
-0.0005054,0.063467,0.0015523,1.3735e-21,3.971,-4.3005,0
-0.00047771,0.063426,0.0013393,1.2494e-21,4.2374,-4.2374,0
-2.0118e-05,0.052876,-0.010753,-5.1088e-23,-3.7156,-4.0291,0
2.9395e-05,0.052008,-0.010241,2.2539e-22,-3.963,-3.963,0
-7.878e-05,0.053879,-0.011239,-3.1359e-22,-3.4649,-4.0914,0
-0.0001419,0.054969,-0.011601,8.5752e-23,-3.2109,-4.1499,0
-0.00021213,0.056173,-0.011891,1.1028e-21,-2.9541,-4.2042,0
-0.0002865,0.057458,-0.012032,1.2901e-21,-2.6944,-4.2544,0
-0.00036518,0.058813,-0.012041,-1.6977e-21,-2.4323,-4.3002,0
-0.00044584,0.060211,-0.011867,-1.0734e-21,-2.1679,-4.3415,0
-0.00052699,0.061617,-0.011512,4.7855e-22,-1.9015,-4.3782,0
-0.00060597,0.062992,-0.010959,-9.4273e-22,-1.6332,-4.4103,0
-0.00068031,0.064287,-0.010208,1.0856e-21,-1.3634,-4.4375,0
-0.00074718,0.06546,-0.0092744,1.7215e-21,-1.0923,-4.4599,0
-0.00080408,0.066462,-0.0081857,-1.502e-21,-0.82013,-4.4774,0
-0.00084876,0.067262,-0.0069725,-1.0499e-21,-0.54719,-4.49,0
-0.00088006,0.067832,-0.0056987,1.999e-19,-0.27373,-4.4975,0
-0.0008971,0.068166,-0.0044062,-4.0638e-22,0,-4.5,0
-0.00090096,0.068274,-0.0031594,-1.9927e-19,0.27373,-4.4975,0
-0.00089252,0.068179,-0.0020094,-9.0375e-22,0.54719,-4.49,0
-0.00087469,0.067926,-0.00098449,-1.7147e-21,0.82013,-4.4774,0
-0.00084944,0.06755,-0.00012506,1.6836e-21,1.0923,-4.4599,0
-0.0008201,0.067115,0.00058205,8.6956e-22,1.3634,-4.4375,0
-0.0007882,0.066636,0.0011229,-8.0712e-22,1.6332,-4.4103,0
-0.00075607,0.066175,0.0015369,2.4858e-21,1.9015,-4.3782,0
-0.00072386,0.065717,0.0018343,-1.0586e-21,2.1679,-4.3415,0
-0.00069251,0.065307,0.0020289,-3.5849e-21,2.4323,-4.3002,0
-0.00066101,0.064908,0.0021572,9.8243e-22,2.6944,-4.2544,0
-0.00062958,0.064563,0.0022096,2.2155e-21,2.9541,-4.2042,0
-0.00059735,0.064213,0.0021878,-4.8504e-22,3.2109,-4.1499,0
-0.0005638,0.063911,0.0021445,-1.5823e-21,3.4649,-4.0914,0
-0.00053166,0.063628,0.0020253,-1.2496e-21,3.7156,-4.0291,0
-0.00050099,0.063441,0.0017797,-2.2337e-21,3.963,-3.963,0
-5.1646e-05,0.052892,-0.012545,6.7726e-24,-3.4603,-3.7577,0
9.4497e-06,0.051894,-0.011948,2.8229e-23,-3.6886,-3.6886,0
-0.00011969,0.054032,-0.013073,1.1187e-23,-3.2284,-3.8229,0
-0.00019281,0.055263,-0.013461,8.0307e-22,-2.9933,-3.8839,0
-0.00027286,0.056615,-0.013759,6.037e-22,-2.755,-3.9408,0
-0.00035711,0.058044,-0.013885,-2.2204e-21,-2.5139,-3.9932,0
-0.00044541,0.059547,-0.013853,-4.7634e-22,-2.2701,-4.0411,0
-0.00053516,0.061082,-0.013612,1.5627e-21,-2.024,-4.0843,0
-0.00062457,0.062619,-0.013165,1.0167e-22,-1.7758,-4.1227,0
-0.00071063,0.064108,-0.012493,0,-1.5256,-4.1562,0
-0.0007907,0.0655,-0.011604,2.1161e-22,-1.2738,-4.1847,0
-0.00086158,0.066748,-0.010514,1.2675e-21,-1.0207,-4.2081,0
-0.00092079,0.067797,-0.0092577,1.2094e-22,-0.7665,-4.2264,0
-0.00096583,0.068619,-0.0078721,-9.4432e-22,-0.51146,-4.2395,0
-0.00099575,0.069181,-0.0064262,2.3133e-19,-0.25587,-4.2474,0
-0.0010096,0.069482,-0.0049691,-8.2999e-22,0,-4.25,0
-0.0010089,0.069532,-0.0035688,-2.3216e-19,0.25587,-4.2474,0
-0.00099453,0.069359,-0.0022834,-1.2621e-21,0.51146,-4.2395,0
-0.00097008,0.069013,-0.001139,1.1949e-22,0.7665,-4.2264,0
-0.00093779,0.068534,-0.00018478,1.1379e-21,1.0207,-4.2081,0
-0.00090147,0.067996,0.00060244,-2.449e-22,1.2738,-4.1847,0
-0.00086316,0.067419,0.0012051,0,1.5256,-4.1562,0
-0.00082543,0.066867,0.0016686,-7.9055e-23,1.7758,-4.1227,0
-0.00078875,0.066333,0.0020119,1.4372e-21,2.024,-4.0843,0
-0.000754,0.065856,0.0022546,-1.8149e-21,2.2701,-4.0411,0
-0.0007201,0.065403,0.0024238,-3.1501e-21,2.5139,-3.9932,0
-0.0006866,0.064997,0.0025479,1.8282e-21,2.755,-3.9408,0
-0.00065258,0.06459,0.0025857,1.5403e-21,2.9933,-3.8839,0
-0.00061632,0.064233,0.0025803,-1.8265e-23,3.2284,-3.8229,0
-0.00057936,0.063837,0.0025385,-5.1245e-22,3.4603,-3.7577,0
-0.00054235,0.063513,0.0023775,-8.8507e-22,3.6886,-3.6886,0
-6.6209e-05,0.052944,-0.014469,2.6794e-23,-3.2049,-3.4863,0
1.5028e-06,0.051763,-0.0139,-4.7323e-22,-3.4142,-3.4142,0
-0.00014521,0.054289,-0.014971,1.0217e-22,-2.992,-3.5543,0
-0.00022889,0.055724,-0.015297,7.6112e-22,-2.7756,-3.618,0
-0.00031948,0.057287,-0.015513,8.5823e-22,-2.5559,-3.6773,0
-0.00041384,0.058916,-0.015522,-1.6695e-21,-2.3333,-3.7321,0
-0.00051164,0.060614,-0.015358,-5.2121e-22,-2.108,-3.782,0
-0.00060999,0.062323,-0.014956,1.2146e-21,-1.8801,-3.8271,0
-0.00070698,0.06402,-0.014332,-1.0038e-23,-1.6501,-3.8672,0
-0.00079926,0.06564,-0.013464,0,-1.418,-3.9021,0
-0.00088412,0.067142,-0.012363,3.0736e-22,-1.1843,-3.9319,0
-0.00095808,0.068463,-0.011054,9.1102e-22,-0.94916,-3.9563,0
-0.0010186,0.06956,-0.0095702,-4.2157e-22,-0.71287,-3.9754,0
-0.0010631,0.070392,-0.0079598,-4.1831e-22,-0.47572,-3.989,0
-0.0010907,0.070931,-0.0062922,2.5821e-19,-0.23801,-3.9973,0
-0.0011003,0.071176,-0.004632,-1.0227e-21,0,-4,0
-0.0010937,0.071137,-0.0030439,-2.5805e-19,0.23801,-3.9973,0
-0.0010721,0.07085,-0.0016053,-7.9905e-22,0.47572,-3.989,0
-0.0010395,0.070367,-0.00033401,-4.9213e-22,0.71287,-3.9754,0
-0.00099879,0.069744,0.00069829,5.9838e-22,0.94916,-3.9563,0
-0.00095449,0.069058,0.0015277,-3.0559e-22,1.1843,-3.9319,0
-0.00090945,0.068346,0.0021305,-2.7427e-22,1.418,-3.9021,0
-0.00086679,0.067678,0.0025623,-2.6603e-22,1.6501,-3.8672,0
-0.00082756,0.067049,0.0028531,1.7429e-21,1.8801,-3.8271,0
-0.00079266,0.066507,0.0030381,-1.4459e-21,2.108,-3.782,0
-0.00076114,0.066011,0.0031529,-3.339e-21,2.3333,-3.7321,0
-0.0007318,0.065564,0.0032438,1.3534e-21,2.5559,-3.6773,0
-0.0007033,0.06514,0.0032881,1.9182e-21,2.7756,-3.618,0
-0.00067314,0.064718,0.0033005,2.6311e-21,2.992,-3.5543,0
-0.00063992,0.064228,0.0033077,6.108e-23,3.2049,-3.4863,0
-0.00060617,0.063789,0.0032177,-3.6119e-21,3.4142,-3.4142,0
-0.00013201,0.053061,-0.01723,-6.5086e-24,-2.9496,-3.2149,0
-4.5528e-05,0.051665,-0.016583,-4.819e-22,-3.1398,-3.1398,0
-0.00022693,0.054636,-0.017755,1.3639e-22,-2.7555,-3.2857,0
-0.00032615,0.056288,-0.018084,0,-2.5579,-3.3521,0
-0.00043213,0.058075,-0.018272,9.2889e-22,-2.3569,-3.4139,0
-0.00054155,0.059922,-0.018223,4.6437e-24,-2.1528,-3.4709,0
-0.00065355,0.061831,-0.017969,-8.7128e-22,-1.9458,-3.5229,0
-0.00076492,0.063736,-0.017442,-2.1055e-21,-1.7363,-3.5699,0
-0.00087329,0.06561,-0.016662,-1.1443e-21,-1.5244,-3.6116,0
-0.00097488,0.067381,-0.015603,3.6072e-21,-1.3105,-3.648,0
-0.0010667,0.069003,-0.014288,-1.3208e-22,-1.0948,-3.679,0
-0.001145,0.070412,-0.012742,-1.3814e-21,-0.87759,-3.7045,0
-0.0012073,0.071558,-0.011009,8.9241e-22,-0.65924,-3.7244,0
-0.0012505,0.072402,-0.0091407,1.068e-23,-0.43999,-3.7386,0
-0.0012743,0.072913,-0.0072172,3.061e-19,-0.22014,-3.7471,0
-0.0012775,0.073092,-0.0053094,-1.8395e-21,0,-3.75,0
-0.0012623,0.072953,-0.0034884,-3.0677e-19,0.22014,-3.7471,0
-0.0012302,0.072536,-0.0018431,8.197e-24,0.43999,-3.7386,0
-0.0011855,0.071895,-0.00038854,8.8688e-22,0.65924,-3.7244,0
-0.0011318,0.071099,0.00078644,-1.4098e-21,0.87759,-3.7045,0
-0.001074,0.070228,0.0017321,-1.2051e-22,1.0948,-3.679,0
-0.0010161,0.069338,0.0024118,3.5262e-21,1.3105,-3.648,0
-0.0009617,0.0685,0.0028963,-1.681e-21,1.5244,-3.6116,0
-0.00091293,0.067731,0.0032181,-2.4202e-21,1.7363,-3.5699,0
-0.00087083,0.067073,0.0034228,-1.4933e-21,1.9458,-3.5229,0
-0.00083508,0.0665,0.0035675,-9.4165e-23,2.1528,-3.4709,0
-0.00080413,0.065992,0.0036886,1.5308e-21,2.3569,-3.4139,0
-0.00077623,0.065534,0.0038133,0,2.5579,-3.3521,0
-0.00074879,0.065026,0.0039496,2.448e-21,2.7555,-3.2857,0
-0.00071769,0.064463,0.0040617,3.8998e-22,2.9496,-3.2149,0
-0.00068939,0.063961,0.0041329,-4.2401e-21,3.1398,-3.1398,0
-0.00017322,0.05325,-0.020254,-1.3688e-22,-2.6942,-2.9435,0
-7.3465e-05,0.051527,-0.019679,-7.0523e-23,-2.8654,-2.8654,0
-0.0002848,0.055184,-0.020707,0,-2.5191,-3.0171,0
-0.00039995,0.057177,-0.020897,-6.43e-22,-2.3402,-3.0862,0
-0.00052164,0.059306,-0.020924,-9.2858e-22,-2.1578,-3.1505,0
-0.00064523,0.061472,-0.020656,2.1648e-21,-1.9722,-3.2097,0
-0.00077038,0.063683,-0.020157,1.0225e-21,-1.7836,-3.2638,0
-0.00089331,0.065857,-0.019344,-3.8161e-21,-1.5924,-3.3127,0
-0.0010116,0.067972,-0.018254,-1.2069e-21,-1.3987,-3.3561,0
-0.001121,0.069932,-0.01686,3.2422e-21,-1.2029,-3.394,0
-0.0012185,0.071708,-0.015199,-9.5687e-22,-1.0052,-3.4262,0
-0.0012999,0.073212,-0.013299,-1.6071e-21,-0.80603,-3.4527,0
-0.0013628,0.074413,-0.011207,1.2817e-21,-0.60561,-3.4733,0
-0.001404,0.075251,-0.0089897,-1.6724e-22,-0.40426,-3.4881,0
-0.001423,0.075713,-0.0067244,3.4245e-19,-0.20228,-3.497,0
-0.0014184,0.075782,-0.0045071,-2.1749e-21,0,-3.5,0
-0.0013927,0.075492,-0.0023948,-3.4463e-19,0.20228,-3.497,0
-0.0013473,0.074865,-0.0005074,1.6989e-22,0.40426,-3.4881,0
-0.0012873,0.073981,0.0011502,1.6278e-21,0.60561,-3.4733,0
-0.0012173,0.072911,0.0024493,-1.0352e-21,0.80603,-3.4527,0
-0.0011431,0.071749,0.0034512,4.2511e-22,1.0052,-3.4262,0
-0.0010704,0.070587,0.0041138,4.4233e-21,1.2029,-3.394,0
-0.0010042,0.069483,0.0044974,-9.5863e-22,1.3987,-3.3561,0
-0.0009482,0.068522,0.0046733,-4.1731e-21,1.5924,-3.3127,0
-0.00090463,0.067706,0.0046768,1.6663e-21,1.7836,-3.2638,0
-0.00087339,0.067058,0.0046351,3.2393e-21,1.9722,-3.2097,0
-0.00085367,0.066525,0.0045686,-2.0269e-21,2.1578,-3.1505,0
-0.00084145,0.066048,0.0045896,-1.9652e-21,2.3402,-3.0862,0
-0.00083233,0.065485,0.0047473,0,2.5191,-3.0171,0
-0.00081176,0.064903,0.0048349,4.8759e-22,2.6942,-2.9435,0
-0.00080017,0.064256,0.0050249,8.8445e-22,2.8654,-2.8654,0
-0.00032298,0.053612,-0.024893,-3.0005e-22,-2.4389,-2.6721,0
-0.00019168,0.051458,-0.024317,-1.2529e-21,-2.591,-2.591,0
-0.00046074,0.055934,-0.0253,1.7214e-22,-2.2826,-2.7486,0
-0.00060171,0.058311,-0.025398,9.4072e-22,-2.1225,-2.8203,0
-0.00074864,0.060808,-0.025304,2.7924e-21,-1.9588,-2.887,0
-0.000896,0.063319,-0.024865,6.276e-22,-1.7917,-2.9486,0
-0.0010425,0.065849,-0.024162,-1.1165e-21,-1.6215,-3.0048,0
-0.0011839,0.068297,-0.023092,-2.01e-21,-1.4485,-3.0555,0
-0.001317,0.070653,-0.021698,-9.4153e-23,-1.273,-3.1006,0
-0.0014372,0.072793,-0.01996,2.2523e-21,-1.0953,-3.1399,0
-0.0015416,0.07471,-0.01793,-4.7295e-22,-0.91568,-3.1733,0
-0.0016256,0.076292,-0.015635,-3.4227e-21,-0.73447,-3.2008,0
-0.0016872,0.077525,-0.013134,-1.317e-21,-0.55198,-3.2223,0
-0.0017227,0.078324,-0.010499,6.794e-22,-0.36852,-3.2377,0
-0.0017323,0.078712,-0.0078156,4.1971e-19,-0.18442,-3.2469,0
-0.0017145,0.078628,-0.0051947,-3.7267e-21,0,-3.25,0
-0.0016724,0.078163,-0.0026868,-4.2131e-19,0.18442,-3.2469,0
-0.0016074,0.077278,-0.00044749,1.3477e-21,0.36852,-3.2377,0
-0.0015234,0.076095,0.0015284,-8.1885e-22,0.55198,-3.2223,0
-0.0014266,0.074667,0.0030893,-2.7422e-21,0.73447,-3.2008,0
-0.0013231,0.073115,0.0042809,6.2284e-24,0.91568,-3.1733,0
-0.0012199,0.071552,0.0050736,1.6492e-21,1.0953,-3.1399,0
-0.0011235,0.070038,0.0054891,4.3711e-22,1.273,-3.1006,0
-0.0010395,0.068726,0.0056307,-1.1514e-21,1.4485,-3.0555,0
-0.00097265,0.067576,0.0055314,-6.7671e-22,1.6215,-3.0048,0
-0.00092472,0.066716,0.005338,8.2769e-22,1.7917,-2.9486,0
-0.00089657,0.065961,0.0051359,1.6409e-21,1.9588,-2.887,0
-0.00088579,0.065344,0.0050064,-7.0982e-22,2.1225,-2.8203,0
-0.0008911,0.064455,0.0051708,1.2385e-21,2.2826,-2.7486,0
-0.00088705,0.0635,0.0050317,-6.3389e-23,2.4389,-2.6721,0
-0.00089766,0.061956,0.0051835,-7.1338e-21,2.591,-2.591,0
-0.00045808,0.05413,-0.030136,-1.8673e-21,-2.1835,-2.4007,0
-0.00030047,0.051279,-0.029742,-1.2074e-21,-2.3166,-2.3166,0
-0.00061905,0.057041,-0.03033,3.0661e-22,-2.0462,-2.48,0
-0.00078428,0.060013,-0.030145,2.1702e-21,-1.9048,-2.5544,0
-0.00095196,0.06308,-0.029709,1.6461e-21,-1.7597,-2.6236,0
-0.0011191,0.066128,-0.02883,-2.6202e-21,-1.6111,-2.6874,0
-0.0012835,0.069168,-0.027643,-2.8739e-21,-1.4593,-2.7457,0
-0.0014421,0.072086,-0.02603,2.2476e-21,-1.3046,-2.7983,0
-0.0015897,0.074851,-0.024071,3.1346e-21,-1.1473,-2.845,0
-0.0017202,0.077281,-0.021739,2.8198e-21,-0.98771,-2.8858,0
-0.0018314,0.079437,-0.019119,2.9775e-22,-0.82613,-2.9205,0
-0.0019184,0.081142,-0.016224,-2.9484e-21,-0.66291,-2.949,0
-0.0019793,0.08246,-0.013117,-1.0662e-21,-0.49835,-2.9713,0
-0.0020099,0.083217,-0.0099178,1.0471e-21,-0.33279,-2.9872,0
-0.0020104,0.08353,-0.0066644,4.7984e-19,-0.16656,-2.9968,0
-0.0019789,0.083243,-0.0035424,-4.1374e-21,0,-3,0
-0.0019176,0.082525,-0.00052988,-4.8187e-19,0.16656,-2.9968,0
-0.0018281,0.081261,0.0021825,1.0091e-21,0.33279,-2.9872,0
-0.0017153,0.079645,0.0045591,-1.0279e-21,0.49835,-2.9713,0
-0.0015853,0.077695,0.0064218,-2.7248e-21,0.66291,-2.949,0
-0.0014454,0.075556,0.0077702,-3.6837e-22,0.82613,-2.9205,0
-0.0013048,0.073356,0.008601,1.0219e-21,0.98771,-2.8858,0
-0.0011726,0.07119,0.0088499,1.4929e-21,1.1473,-2.845,0
-0.0010585,0.069233,0.0086722,1.6899e-21,1.3046,-2.7983,0
-0.00097088,0.067466,0.0080605,-2.3615e-21,1.4593,-2.7457,0
-0.00091678,0.066037,0.0072701,-2.0669e-21,1.6111,-2.6874,0
-0.00089768,0.064622,0.0064125,2.7108e-21,1.7597,-2.6236,0
-0.00091349,0.063332,0.005707,4.7655e-21,1.9048,-2.5544,0
-0.00095597,0.060782,0.0056194,1.3861e-21,2.0462,-2.48,0
-0.00096241,0.057098,0.0050576,-4.4395e-21,2.1835,-2.4007,0
-0.00095707,0.051406,0.0046128,-8.2345e-21,2.3166,-2.3166,0
-0.00083934,0.055036,-0.038858,3.6369e-21,-1.9282,-2.1293,0
-0.00063914,0.05115,-0.038636,0,-2.0422,-2.0422,0
-0.0010385,0.058804,-0.038747,8.1506e-22,-1.8097,-2.2114,0
-0.0012513,0.062539,-0.03826,-7.0753e-21,-1.6871,-2.2885,0
-0.0014643,0.066222,-0.037404,2.1976e-21,-1.5607,-2.3601,0
-0.001672,0.069796,-0.03604,2.5857e-21,-1.4306,-2.4262,0
-0.0018697,0.073205,-0.03436,-4.1021e-21,-1.2971,-2.4866,0
-0.0020512,0.076384,-0.032148,2.2821e-21,-1.1607,-2.5411,0
-0.0022084,0.079413,-0.029456,2.1937e-21,-1.0216,-2.5895,0
-0.0023433,0.08198,-0.0264,2.4251e-21,-0.88012,-2.6317,0
-0.0024534,0.084212,-0.023046,4.0491e-22,-0.73659,-2.6677,0
-0.0025345,0.085862,-0.019419,-2.035e-21,-0.59134,-2.6972,0
-0.0025839,0.087075,-0.015572,6.1778e-22,-0.44472,-2.7202,0
-0.0025988,0.08761,-0.011656,3.6138e-22,-0.29705,-2.7368,0
-0.0025772,0.087609,-0.0076733,6.1535e-19,-0.1487,-2.7467,0
-0.0025181,0.086894,-0.0038428,-1.0479e-20,0,-2.75,0
-0.0024214,0.08558,-0.00014165,-6.2582e-19,0.1487,-2.7467,0
-0.0022888,0.083594,0.0031925,-3.3805e-22,0.29705,-2.7368,0
-0.0021257,0.08105,0.006086,-5.6747e-22,0.44472,-2.7202,0
-0.0019353,0.077933,0.0084123,-2.7692e-21,0.59134,-2.6972,0
-0.0017263,0.074369,0.010023,1.2564e-22,0.73659,-2.6677,0
-0.0015074,0.070364,0.010901,2.914e-21,0.88012,-2.6317,0
-0.001292,0.06614,0.010886,2.2337e-21,1.0216,-2.5895,0
-0.0010951,0.061634,0.010025,1.7139e-21,1.1607,-2.5411,0
-0.00093322,0.05715,0.0082969,-3.1733e-21,1.2971,-2.4866,0
-0.00082738,0.052437,0.0058879,4.3754e-21,1.4306,-2.4262,0
-0.00078768,0.047814,0.0030746,5.6769e-22,1.5607,-2.3601,0
-0.00083208,0.042276,0.00048399,-1.8614e-20,1.6871,-2.2885,0
-0.0009276,0.034231,0.00071378,2.9578e-20,1.8097,-2.2114,0
-0.00096081,0.025991,0.0023875,4.0875e-20,1.9282,-2.1293,0
-0.00095867,0.018149,0.0018858,0,2.0422,-2.0422,0
-0.0012935,0,0,0,-1.6728,-1.8579,0
-0.0010616,0,0,0,-1.7678,-1.7678,0
-0.0015298,0,0,0,-1.5733,-1.9429,0
-0.001788,0,0,0,-1.4695,-2.0225,0
-0.0020468,0,0,0,-1.3616,-2.0967,0
-0.0022965,0,0,0,-1.25,-2.1651,0
-0.0025293,0,0,0,-1.135,-2.2275,0
-0.0027344,0,0,0,-1.0168,-2.2839,0
-0.0029014,0,0,0,-0.89592,-2.334,0
-0.0030422,0,0,0,-0.77254,-2.3776,0
-0.0031522,0,0,0,-0.64705,-2.4148,0
-0.0032288,0,0,0,-0.51978,-2.4454,0
-0.003268,0,0,0,-0.39109,-2.4692,0
-0.0032685,0,0,0,-0.26132,-2.4863,0
-0.0032279,0,0,0,-0.13084,-2.4966,0
-0.0031457,0,0,0,0,-2.5,0
-0.0030214,0,0,0,0.13084,-2.4966,0
-0.002857,0,0,0,0.26132,-2.4863,0
-0.0026559,0,0,0,0.39109,-2.4692,0
-0.0024183,0,0,0,0.51978,-2.4454,0
-0.0021533,0,0,0,0.64705,-2.4148,0
-0.0018667,0,0,0,0.77254,-2.3776,0
-0.0015738,0,0,0,0.89592,-2.334,0
-0.0012921,0,0,0,1.0168,-2.2839,0
-0.0010435,0,0,0,1.135,-2.2275,0
-0.00086039,0,0,0,1.25,-2.1651,0
-0.00076194,0,0,0,1.3616,-2.0967,0
-0.00078512,0,0,0,1.4695,-2.0225,0
-0.00088478,0,0,0,1.5733,-1.9429,0
-0.0009311,0,0,0,1.6728,-1.8579,0
-0.00094961,0,0,0,1.7678,-1.7678,0
0.00010909,0.051036,-0.00041402,7.7945e-24,-9.7286,-9.078,0
0.00010417,0.051222,-0.00052071,3.1789e-22,-9.4572,-8.8226,0
0.00010064,0.051361,-0.00064198,5.1945e-22,-9.1858,-8.5673,0
9.6799e-05,0.051498,-0.00078101,1.7243e-22,-8.9144,-8.3119,0
9.4168e-05,0.051594,-0.00094023,-3.7811e-23,-8.643,-8.0566,0
9.1893e-05,0.051682,-0.0011204,4.6598e-22,-8.3716,-7.8012,0
8.9242e-05,0.051745,-0.0013434,4.0752e-22,-8.1002,-7.5459,0
8.6299e-05,0.051811,-0.0015894,4.5553e-23,-7.8288,-7.2905,0
8.3376e-05,0.051852,-0.001867,-2.0673e-22,-7.5574,-7.0352,0
8.0863e-05,0.0519,-0.0021678,-2.1545e-22,-7.286,-6.7798,0
7.8519e-05,0.051927,-0.0025066,-2.8284e-22,-7.0145,-6.5245,0
7.7095e-05,0.051955,-0.0028718,-3.0173e-24,-6.7431,-6.2691,0
7.5623e-05,0.051974,-0.0032924,-2.1345e-22,-6.4717,-6.0138,0
7.5239e-05,0.051974,-0.0037452,-3.7408e-22,-6.2003,-5.7584,0
7.4074e-05,0.051949,-0.0042681,-2.7215e-22,-5.9289,-5.5031,0
7.4674e-05,0.051899,-0.0048324,-2.9452e-22,-5.6575,-5.2477,0
7.3461e-05,0.051818,-0.005496,-1.4191e-22,-5.3861,-4.9924,0
7.5153e-05,0.051725,-0.006217,-3.4953e-22,-5.1147,-4.737,0
7.3026e-05,0.051642,-0.0070926,-2.0394e-23,-4.8433,-4.4817,0
7.5902e-05,0.051521,-0.0080567,-7.5723e-23,-4.5719,-4.2263,0
7.0876e-05,0.051398,-0.0092605,-1.1168e-22,-4.3005,-3.971,0
7.393e-05,0.051152,-0.010585,-3.1449e-24,-4.0291,-3.7156,0
5.9632e-05,0.050918,-0.012319,5.6878e-24,-3.7577,-3.4603,0
6.053e-05,0.050604,-0.014271,3.8227e-23,-3.4863,-3.2049,0
2.3288e-05,0.050273,-0.016989,4.7978e-23,-3.2149,-2.9496,0
1.0909e-05,0.049764,-0.020081,6.3615e-23,-2.9435,-2.6942,0
-8.9965e-05,0.04921,-0.024772,1.7745e-23,-2.6721,-2.4389,0
-0.00016771,0.048334,-0.0301,-2.8565e-22,-2.4007,-2.1835,0
-0.00045859,0.047366,-0.038746,-2.1978e-21,-2.1293,-1.9282,0
-0.00082527,0,0,0,-1.8579,-1.6728,0
0.00011928,0.051221,-0.00061384,2.599e-22,-9.7314,-8.4302,0
0.00011583,0.051299,-0.00073513,2.8337e-22,-9.4629,-8.1938,0
0.0001128,0.051358,-0.00087344,3.0173e-22,-9.1943,-7.9573,0
0.00010974,0.05141,-0.0010259,2.6663e-22,-8.9257,-7.7209,0
0.00010739,0.051442,-0.001198,1.3121e-22,-8.6571,-7.4844,0
0.00010484,0.05148,-0.0013979,-3.6689e-22,-8.3886,-7.248,0
0.00010255,0.051505,-0.0016321,-3.279e-22,-8.12,-7.0115,0
0.00010053,0.051533,-0.0018842,-3.0936e-22,-7.8514,-6.7751,0
9.8813e-05,0.051543,-0.0021673,-1.8292e-22,-7.5829,-6.5387,0
9.7759e-05,0.051563,-0.0024749,-2.3411e-22,-7.3143,-6.3022,0
9.7e-05,0.051556,-0.0028186,-3.1266e-22,-7.0457,-6.0658,0
9.7116e-05,0.051557,-0.0031959,6.6321e-23,-6.7771,-5.8293,0
9.7201e-05,0.051528,-0.0036202,-5.3277e-23,-6.5086,-5.5929,0
9.8336e-05,0.051474,-0.0040732,-4.2204e-22,-6.24,-5.3564,0
9.929e-05,0.051396,-0.0045972,-4.3437e-22,-5.9714,-5.12,0
0.00010171,0.051293,-0.0051607,-7.7866e-23,-5.7029,-4.8835,0
0.00010355,0.051175,-0.0058301,-6.8455e-23,-5.4343,-4.6471,0
0.00010759,0.05105,-0.0065611,-4.2104e-22,-5.1657,-4.4106,0
0.0001096,0.050902,-0.007445,-5.2527e-22,-4.8971,-4.1742,0
0.00011523,0.050696,-0.0084116,-2.5166e-22,-4.6286,-3.9378,0
0.0001153,0.050418,-0.0096123,-5.0587e-22,-4.36,-3.7013,0
0.00012137,0.050026,-0.010935,-3.5387e-22,-4.0914,-3.4649,0
0.00011583,0.049652,-0.012682,5.6932e-24,-3.8229,-3.2284,0
0.00012197,0.049169,-0.014633,3.2837e-22,-3.5543,-2.992,0
9.8413e-05,0.048577,-0.017332,3.3611e-22,-3.2857,-2.7555,0
9.629e-05,0.047749,-0.020372,0,-3.0171,-2.5191,0
1.8754e-05,0.046819,-0.024965,-8.7666e-22,-2.7486,-2.2826,0
-3.2694e-05,0.045357,-0.030153,-9.0088e-22,-2.48,-2.0462,0
-0.0002698,0.043558,-0.038391,1.5779e-22,-2.2114,-1.8097,0
-0.00057722,0,0,0,-1.9429,-1.5733,0
0.00012542,0.051061,-0.00082032,-7.5197e-24,-9.7341,-7.7823,0
0.00012373,0.051084,-0.00095171,-2.6884e-22,-9.4682,-7.5646,0
0.00012154,0.05111,-0.001105,-4.6358e-22,-9.2023,-7.3469,0
0.00011971,0.051133,-0.0012714,1.0393e-22,-8.9363,-7.1293,0
0.0001179,0.051154,-0.0014615,-3.1585e-23,-8.6704,-6.9116,0
0.0001162,0.051181,-0.0016668,-4.5643e-22,-8.4045,-6.6939,0
0.00011526,0.051198,-0.0018967,-5.078e-22,-8.1386,-6.4762,0
0.00011483,0.051215,-0.0021456,-1.0261e-22,-7.8727,-6.2585,0
0.00011516,0.051218,-0.0024257,-2.6286e-23,-7.6068,-6.0408,0
0.000116,0.051216,-0.0027293,-9.4547e-23,-7.3408,-5.8232,0
0.00011727,0.051183,-0.0030694,2.6749e-23,-7.0749,-5.6055,0
0.00011916,0.051146,-0.003442,5.4013e-23,-6.809,-5.3878,0
0.00012088,0.051054,-0.0038537,3.1273e-23,-6.5431,-5.1701,0
0.00012374,0.050959,-0.0043032,-2.0706e-23,-6.2772,-4.9524,0
0.00012702,0.050833,-0.0048244,8.5504e-23,-6.0113,-4.7347,0
0.00013205,0.050696,-0.0053925,-2.3294e-22,-5.7454,-4.517,0
0.00013672,0.050537,-0.0060632,1.5597e-22,-5.4794,-4.2994,0
0.00014349,0.050352,-0.0067986,-2.3064e-23,-5.2135,-4.0817,0
0.00014914,0.050101,-0.0076753,-3.9863e-22,-4.9476,-3.864,0
0.00015808,0.049774,-0.008633,-5.6908e-23,-4.6817,-3.6463,0
0.00016364,0.049368,-0.0098181,-1.0969e-24,-4.4158,-3.4286,0
0.00017492,0.048913,-0.01115,1.4938e-22,-4.1499,-3.2109,0
0.00017795,0.048423,-0.012883,4.1784e-22,-3.8839,-2.9933,0
0.00019045,0.047732,-0.014813,-1.7445e-22,-3.618,-2.7756,0
0.00018052,0.046863,-0.017458,-1.2201e-22,-3.3521,-2.5579,0
0.00018903,0.045729,-0.020452,5.8429e-22,-3.0862,-2.3402,0
0.00013584,0.044358,-0.024899,4.7518e-22,-2.8203,-2.1225,0
0.0001084,0.042242,-0.029909,-2.6403e-22,-2.5544,-1.9048,0
-7.9495e-05,0.039615,-0.037692,1.6295e-21,-2.2885,-1.6871,0
-0.00033243,0,0,0,-2.0225,-1.4695,0
0.00013453,0.050889,-0.0010319,1.5835e-22,-9.7366,-7.1343,0
0.00013382,0.050906,-0.0011688,-1.7956e-23,-9.4731,-6.9352,0
0.00013259,0.050926,-0.0013265,1.9358e-23,-9.2097,-6.7362,0
0.0001321,0.050942,-0.001495,-1.0286e-22,-8.9462,-6.5371,0
0.00013165,0.050951,-0.0016859,1.4788e-22,-8.6828,-6.338,0
0.00013183,0.050955,-0.0018927,1.164e-22,-8.4193,-6.139,0
0.00013243,0.050944,-0.0021263,-4.3956e-23,-8.1559,-5.9399,0
0.00013349,0.050923,-0.0023769,2.4796e-22,-7.8924,-5.7409,0
0.00013506,0.050881,-0.0026559,2.863e-23,-7.629,-5.5418,0
0.00013713,0.050821,-0.0029523,-1.6623e-22,-7.3656,-5.3428,0
0.00013989,0.050735,-0.0032855,4.3564e-23,-7.1021,-5.1437,0
0.00014323,0.050634,-0.0036426,3.1581e-23,-6.8387,-4.9446,0
0.00014732,0.050498,-0.0040484,9.2537e-24,-6.5752,-4.7456,0
0.00015255,0.050373,-0.0045012,2.3084e-22,-6.3118,-4.5465,0
0.00015836,0.050207,-0.0050205,3.1026e-22,-6.0483,-4.3475,0
0.00016564,0.050033,-0.0055899,3.3607e-22,-5.7849,-4.1484,0
0.00017309,0.049812,-0.0062543,4.1116e-22,-5.5215,-3.9493,0
0.00018288,0.049538,-0.0069756,3.3954e-22,-5.258,-3.7503,0
0.00019256,0.049177,-0.0078314,4.3152e-22,-4.9946,-3.5512,0
0.00020548,0.048758,-0.008778,3.1768e-22,-4.7311,-3.3522,0
0.00021685,0.048274,-0.0099545,3.8532e-22,-4.4677,-3.1531,0
0.00023316,0.047714,-0.011271,9.5334e-22,-4.2042,-2.9541,0
0.00024419,0.047024,-0.012952,4.8607e-22,-3.9408,-2.755,0
0.00026381,0.046089,-0.014824,7.1098e-22,-3.6773,-2.5559,0
0.00026738,0.044977,-0.017389,8.3236e-22,-3.4139,-2.3569,0
0.0002864,0.043531,-0.020275,-9.216e-22,-3.1505,-2.1578,0
0.00025628,0.04174,-0.024522,5.989e-23,-2.887,-1.9588,0
0.00024969,0.039113,-0.029282,-4.2177e-22,-2.6236,-1.7597,0
0.00011055,0.035759,-0.036528,-1.1631e-21,-2.3601,-1.5607,0
-8.9097e-05,0,0,0,-2.0967,-1.3616,0
0.00014541,0.050682,-0.0012084,-1.7916e-22,-9.7388,-6.4861,0
0.00014578,0.050676,-0.0013452,-1.8098e-22,-9.4777,-6.3056,0
0.00014575,0.05067,-0.0015035,1.9534e-23,-9.2165,-6.125,0
0.00014652,0.050653,-0.0016719,-3.6438e-24,-8.9553,-5.9444,0
0.00014733,0.050627,-0.0018621,2.2007e-23,-8.6942,-5.7639,0
0.00014881,0.050593,-0.0020656,-8.886e-23,-8.433,-5.5833,0
0.0001506,0.050541,-0.0022913,-8.5039e-25,-8.1718,-5.4028,0
0.00015307,0.05048,-0.0025325,2.2532e-22,-7.9107,-5.2222,0
0.00015606,0.050396,-0.0028012,4.9469e-22,-7.6495,-5.0417,0
0.00015982,0.050303,-0.0030902,5.8395e-22,-7.3884,-4.8611,0
0.00016424,0.05019,-0.003418,1.671e-22,-7.1272,-4.6806,0
0.00016949,0.050068,-0.0037729,-4.4395e-24,-6.866,-4.5,0
0.00017598,0.049926,-0.0041819,2.8299e-22,-6.6049,-4.3194,0
0.00018362,0.049774,-0.0046294,2.6175e-22,-6.3437,-4.1389,0
0.00019185,0.049563,-0.0051334,5.5483e-22,-6.0825,-3.9583,0
0.00020179,0.049335,-0.0056903,1.1244e-21,-5.8214,-3.7778,0
0.00021256,0.04902,-0.0063311,8.6876e-22,-5.5602,-3.5972,0
0.00022559,0.048651,-0.0070276,7.5135e-22,-5.299,-3.4167,0
0.00023925,0.048206,-0.0078641,6.9871e-22,-5.0379,-3.2361,0
0.00025658,0.047716,-0.0087978,2.8387e-22,-4.7767,-3.0556,0
0.00027344,0.047122,-0.0099381,1.371e-21,-4.5155,-2.875,0
0.00029549,0.046424,-0.011215,9.0191e-22,-4.2544,-2.6944,0
0.00031471,0.045538,-0.012836,-1.4534e-21,-3.9932,-2.5139,0
0.00034217,0.044424,-0.014648,-6.7542e-22,-3.7321,-2.3333,0
0.0003586,0.043085,-0.017102,-1.3138e-23,-3.4709,-2.1528,0
0.00038866,0.041345,-0.01986,-4.4527e-22,-3.2097,-1.9722,0
0.00038155,0.039146,-0.023861,-1.8668e-22,-2.9486,-1.7917,0
0.00039497,0.035942,-0.028323,-1.2767e-21,-2.6874,-1.6111,0
0.00029856,0.031865,-0.034959,-1.1944e-21,-2.4262,-1.4306,0
0.00014494,0,0,0,-2.1651,-1.25,0
0.00015861,0.050428,-0.00135,-3.3112e-22,-9.7409,-5.8378,0
0.0001601,0.050399,-0.0014846,-1.623e-22,-9.4818,-5.6757,0
0.00016124,0.050372,-0.001642,2.3874e-23,-9.2228,-5.5135,0
0.00016322,0.050333,-0.0018074,-1.0623e-23,-8.9637,-5.3513,0
0.00016533,0.050285,-0.001994,-3.8879e-22,-8.7046,-5.1892,0
0.00016819,0.050227,-0.0021913,-2.557e-22,-8.4455,-5.027,0
0.00017144,0.050152,-0.0024111,1.5104e-22,-8.1864,-4.8648,0
0.00017546,0.050068,-0.0026457,-2.0188e-22,-7.9273,-4.7027,0
0.00018005,0.049964,-0.0029097,-2.5498e-22,-7.6683,-4.5405,0
0.00018554,0.04985,-0.0031941,-3.0335e-22,-7.4092,-4.3783,0
0.00019177,0.049711,-0.0035163,-4.6483e-22,-7.1501,-4.2162,0
0.00019909,0.049554,-0.0038634,5.5782e-24,-6.891,-4.054,0
0.00020747,0.04936,-0.0042597,1.4902e-22,-6.6319,-3.8918,0
0.00021708,0.049131,-0.0046821,-2.8824e-22,-6.3728,-3.7297,0
0.00022811,0.048843,-0.0051663,-5.1905e-22,-6.1138,-3.5675,0
0.00024079,0.048522,-0.0056964,6.7358e-23,-5.8547,-3.4053,0
0.00025506,0.048115,-0.0063043,-1.1127e-22,-5.5956,-3.2432,0
0.00027169,0.047681,-0.0069837,-3.3869e-22,-5.3365,-3.081,0
0.00028954,0.047169,-0.0077967,-1.2388e-21,-5.0774,-2.9188,0
0.00031119,0.04659,-0.0086957,-1.2311e-21,-4.8183,-2.7567,0
0.00033348,0.04588,-0.0097925,-1.0544e-21,-4.5593,-2.5945,0
0.00036142,0.045038,-0.011013,-1.4185e-21,-4.3002,-2.4323,0
0.00038842,0.043962,-0.012543,-3.7748e-22,-4.0411,-2.2701,0
0.00042361,0.042647,-0.014256,-7.4463e-22,-3.782,-2.108,0
0.00045193,0.041072,-0.016565,-8.0519e-22,-3.5229,-1.9458,0
0.00049258,0.039021,-0.019135,1.086e-21,-3.2638,-1.7836,0
0.00050601,0.036415,-0.02281,2.2318e-22,-3.0048,-1.6215,0
0.0005356,0.032788,-0.026933,-1.621e-21,-2.7457,-1.4593,0
0.00047851,0.028187,-0.032938,-1.206e-21,-2.4866,-1.2971,0
0.00036699,0,0,0,-2.2275,-1.135,0
0.00017325,0.050147,-0.0014407,1.61e-22,-9.7428,-5.1895,0
0.0001758,0.050098,-0.0015708,2.0469e-22,-9.4856,-5.0456,0
0.0001781,0.050049,-0.0017234,2.3867e-23,-9.2284,-4.9017,0
0.00018125,0.049985,-0.0018811,-1.5183e-23,-8.9712,-4.7578,0
0.00018463,0.049909,-0.0020581,1.9953e-22,-8.714,-4.6139,0
0.00018878,0.049821,-0.0022441,2.9986e-22,-8.4568,-4.47,0
0.00019341,0.049714,-0.0024524,0,-8.1996,-4.3262,0
0.0001989,0.049598,-0.0026753,-3.0896e-22,-7.9424,-4.1823,0
0.00020506,0.049455,-0.0029262,-4.6706e-22,-7.6852,-4.0384,0
0.00021227,0.049299,-0.0031963,-2.5291e-22,-7.428,-3.8945,0
0.00022032,0.049108,-0.0034999,-5.3899e-22,-7.1708,-3.7506,0
0.00022972,0.048896,-0.0038266,-3.7818e-22,-6.9135,-3.6067,0
0.0002402,0.048639,-0.0041981,-1.5516e-22,-6.6563,-3.4629,0
0.00025234,0.048351,-0.0045968,-4.7786e-22,-6.3991,-3.319,0
0.00026591,0.048017,-0.0050591,-1.0154e-21,-6.1419,-3.1751,0
0.00028133,0.047644,-0.0055603,-1.3677e-21,-5.8847,-3.0312,0
0.00029876,0.047206,-0.0061461,-9.109e-22,-5.6275,-2.8873,0
0.00031895,0.046736,-0.0068004,-1.1856e-21,-5.3703,-2.7434,0
0.00034114,0.046144,-0.0075659,-3.0766e-22,-5.1131,-2.5996,0
0.00036718,0.045475,-0.0084156,-3.7062e-22,-4.8559,-2.4557,0
0.00039517,0.044624,-0.0094417,-1.4839e-21,-4.5987,-2.3118,0
0.00042895,0.043618,-0.010574,-7.8775e-22,-4.3415,-2.1679,0
0.00046334,0.042356,-0.011995,1.1447e-21,-4.0843,-2.024,0
0.00050658,0.040893,-0.013613,8.3278e-22,-3.8271,-1.8801,0
0.00054604,0.039111,-0.015745,6.6298e-23,-3.5699,-1.7363,0
0.00059742,0.036779,-0.018106,-3.7084e-23,-3.3127,-1.5924,0
0.00063018,0.033856,-0.021455,-4.9022e-22,-3.0555,-1.4485,0
0.00067569,0.029783,-0.025195,2.0931e-21,-2.7983,-1.3046,0
0.00065242,0.024608,-0.030477,2.1297e-21,-2.5411,-1.1607,0
0.00057575,0,0,0,-2.2839,-1.0168,0
0.00018931,0.049839,-0.0014757,2.0771e-22,-9.7445,-4.541,0
0.00019292,0.049767,-0.0015955,3.1858e-22,-9.4889,-4.4153,0
0.00019638,0.049694,-0.0017382,1.2532e-22,-9.2334,-4.2896,0
0.00020068,0.049602,-0.0018827,-4.7879e-23,-8.9779,-4.1639,0
0.00020534,0.049501,-0.0020491,2.534e-22,-8.7223,-4.0382,0
0.0002108,0.049386,-0.0022229,2.1654e-22,-8.4668,-3.9125,0
0.00021688,0.049253,-0.0024212,0,-8.2113,-3.7868,0
0.00022386,0.049107,-0.0026306,2.2597e-22,-7.9557,-3.6611,0
0.00023166,0.048934,-0.0028672,3.3709e-22,-7.7002,-3.5354,0
0.00024057,0.048746,-0.0031194,3.7007e-22,-7.4447,-3.4098,0
0.0002505,0.04852,-0.0034028,-6.9297e-23,-7.1891,-3.2841,0
0.00026187,0.048275,-0.0037089,-3.9305e-22,-6.9336,-3.1584,0
0.0002745,0.047983,-0.0040557,-4.7914e-23,-6.678,-3.0327,0
0.000289,0.047663,-0.0044317,4.9689e-22,-6.4225,-2.907,0
0.00030501,0.047286,-0.0048639,-2.1022e-22,-6.167,-2.7813,0
0.00032351,0.046862,-0.0053318,-1.9894e-22,-5.9114,-2.6556,0
0.00034403,0.046361,-0.0058823,1.6974e-22,-5.6559,-2.5299,0
0.00036764,0.045784,-0.006476,2.5585e-22,-5.4004,-2.4042,0
0.00039409,0.045076,-0.0071811,1.1087e-21,-5.1448,-2.2785,0
0.00042452,0.044266,-0.0079544,5.9299e-22,-4.8893,-2.1528,0
0.00045808,0.043263,-0.0088871,3.52e-22,-4.6338,-2.0271,0
0.00049741,0.04212,-0.0099274,2.9605e-22,-4.3782,-1.9015,0
0.0005388,0.04074,-0.01124,7.109e-23,-4.1227,-1.7758,0
0.00058922,0.039144,-0.01273,1.9534e-22,-3.8672,-1.6501,0
0.00063809,0.037122,-0.014639,-7.3569e-22,-3.6116,-1.5244,0
0.00069939,0.034486,-0.016755,-1.4622e-21,-3.3561,-1.3987,0
0.00074818,0.031236,-0.019675,-4.0999e-22,-3.1006,-1.273,0
0.00080546,0.026798,-0.023008,2.9524e-21,-2.845,-1.1473,0
0.00081024,0.021328,-0.027627,2.0558e-21,-2.5895,-1.0216,0
0.00076232,0,0,0,-2.334,-0.89592,0
0.00020576,0.049517,-0.0014377,7.3094e-24,-9.7459,-3.8924,0
0.00021038,0.049425,-0.0015452,1.5686e-22,-9.4918,-3.7848,0
0.00021491,0.049329,-0.0016739,2.6319e-22,-9.2378,-3.6773,0
0.00022031,0.049216,-0.0018057,1.0351e-22,-8.9837,-3.5697,0
0.00022615,0.049094,-0.0019598,-2.7051e-22,-8.7296,-3.4621,0
0.00023286,0.048953,-0.002118,-2.5878e-22,-8.4755,-3.3545,0
0.00024027,0.048796,-0.0022992,-1.819e-22,-8.2214,-3.2469,0
0.00024865,0.048617,-0.0024862,3.3055e-22,-7.9674,-3.1393,0
0.00025798,0.048414,-0.0027007,5.1052e-22,-7.7133,-3.0318,0
0.00026851,0.048187,-0.002926,3.4126e-23,-7.4592,-2.9242,0
0.00028025,0.047924,-0.0031823,3.4944e-22,-7.2051,-2.8166,0
0.0002935,0.047635,-0.0034576,3.9176e-22,-6.9511,-2.709,0
0.00030827,0.047293,-0.0037697,7.6646e-22,-6.697,-2.6014,0
0.000325,0.046919,-0.004108,1.0457e-22,-6.4429,-2.4939,0
0.00034361,0.046472,-0.0044948,1.9687e-23,-6.1888,-2.3863,0
0.00036486,0.045978,-0.0049164,7.5438e-22,-5.9347,-2.2787,0
0.0003884,0.045387,-0.0054047,8.9652e-22,-5.6807,-2.1711,0
0.00041552,0.044722,-0.005937,9.6832e-22,-5.4266,-2.0635,0
0.00044555,0.043935,-0.0065675,5.0687e-23,-5.1725,-1.9559,0
0.00048003,0.043041,-0.0072603,-2.3689e-24,-4.9184,-1.8484,0
0.00051821,0.041979,-0.0081015,-5.4413e-22,-4.6643,-1.7408,0
0.00056275,0.040773,-0.0090464,-8.6626e-22,-4.4103,-1.6332,0
0.00061098,0.039291,-0.010219,0,-4.1562,-1.5256,0
0.00066814,0.037525,-0.011539,2.4555e-22,-3.9021,-1.418,0
0.0007266,0.035226,-0.013175,1.7188e-21,-3.648,-1.3105,0
0.00079669,0.032341,-0.015048,8.3657e-22,-3.394,-1.2029,0
0.00085955,0.028926,-0.017583,2.0405e-21,-3.1399,-1.0953,0
0.00092844,0.024248,-0.020485,2.802e-21,-2.8858,-0.98771,0
0.00095713,0.018354,-0.02436,2.2834e-21,-2.6317,-0.88012,0
0.00093388,0,0,0,-2.3776,-0.77254,0
0.00022228,0.049194,-0.0013244,1.33e-22,-9.7472,-3.2438,0
0.00022775,0.049085,-0.0014199,-1.3452e-22,-9.4943,-3.1542,0
0.00023327,0.048969,-0.0015353,-2.827e-22,-9.2415,-3.0647,0
0.00023972,0.048836,-0.0016519,-2.6606e-23,-8.9886,-2.9752,0
0.00024667,0.048691,-0.0017858,-7.4702e-25,-8.7358,-2.8856,0
0.00025458,0.048524,-0.001923,-4.5212e-23,-8.483,-2.7961,0
0.00026324,0.048341,-0.0020809,2.0191e-22,-8.2301,-2.7065,0
0.000273,0.048131,-0.0022427,3.0922e-22,-7.9773,-2.617,0
0.00028377,0.047901,-0.0024307,-7.6144e-23,-7.7244,-2.5274,0
0.00029588,0.047638,-0.0026273,5.5518e-24,-7.4716,-2.4379,0
0.00030926,0.047345,-0.0028526,5.0253e-22,-7.2188,-2.3484,0
0.00032435,0.047013,-0.0030919,7.7653e-22,-6.9659,-2.2588,0
0.00034104,0.046637,-0.0033658,7.1297e-22,-6.7131,-2.1693,0
0.00035991,0.046215,-0.0036599,-2.7092e-23,-6.4602,-2.0797,0
0.00038084,0.045728,-0.0039986,-1.7738e-23,-6.2074,-1.9902,0
0.0004046,0.045183,-0.0043661,1.603e-22,-5.9546,-1.9006,0
0.00043099,0.044546,-0.0047922,-4.0201e-22,-5.7017,-1.8111,0
0.00046112,0.043829,-0.0052596,5.8888e-22,-5.4489,-1.7216,0
0.00049457,0.042988,-0.0058088,9.4189e-22,-5.196,-1.632,0
0.00053303,0.042021,-0.0064156,1.012e-21,-4.9432,-1.5425,0
0.00057564,0.040876,-0.0071481,1.6229e-21,-4.6904,-1.4529,0
0.00062496,0.039522,-0.0079546,1.172e-21,-4.4375,-1.3634,0
0.00067918,0.037864,-0.0089487,2.4367e-22,-4.1847,-1.2738,0
0.00074204,0.035862,-0.010046,3.6321e-22,-3.9319,-1.1843,0
0.00080886,0.03334,-0.011405,-7.343e-22,-3.679,-1.0948,0
0.00088577,0.030384,-0.013055,-1.6554e-21,-3.4262,-1.0052,0
0.00095891,0.026785,-0.015151,-3.2936e-22,-3.1733,-0.91568,0
0.0010357,0.021766,-0.017531,2.3022e-23,-2.9205,-0.82613,0
0.0010823,0.01567,-0.020741,-6.0967e-22,-2.6677,-0.73659,0
0.0010778,0,0,0,-2.4148,-0.64705,0
0.0002375,0.048899,-0.0011387,-5.0352e-24,-9.7482,-2.5951,0
0.00024364,0.048776,-0.0012187,-1.7589e-22,-9.4964,-2.5235,0
0.00025005,0.048641,-0.0013129,-2.7153e-22,-9.2445,-2.452,0
0.0002574,0.04849,-0.0014085,-1.5947e-22,-8.9927,-2.3804,0
0.00026535,0.048322,-0.0015175,-2.2482e-23,-8.7409,-2.3089,0
0.00027428,0.048136,-0.0016312,-4.1012e-24,-8.4891,-2.2373,0
0.00028406,0.047927,-0.0017613,1.4649e-22,-8.2373,-2.1657,0
0.00029499,0.047695,-0.0018964,-1.4119e-22,-7.9854,-2.0942,0
0.00030702,0.047438,-0.0020505,-1.0074e-22,-7.7336,-2.0226,0
0.00032048,0.047146,-0.0022124,-5.8489e-24,-7.4818,-1.951,0
0.00033533,0.046823,-0.0023977,6.1221e-24,-7.23,-1.8795,0
0.00035199,0.046456,-0.0025943,-1.2316e-22,-6.9781,-1.8079,0
0.0003704,0.046045,-0.0028194,-3.7158e-22,-6.7263,-1.7363,0
0.00039116,0.045579,-0.0030612,2.2541e-22,-6.4745,-1.6648,0
0.00041411,0.045049,-0.0033397,1.3677e-22,-6.2227,-1.5932,0
0.00044014,0.04445,-0.0036423,-2.1143e-22,-5.9709,-1.5217,0
0.00046897,0.043757,-0.0039909,-4.5856e-22,-5.719,-1.4501,0
0.00050183,0.042971,-0.004375,-7.5624e-22,-5.4672,-1.3785,0
0.0005383,0.042049,-0.004822,-6.1832e-22,-5.2154,-1.307,0
0.00058004,0.040987,-0.0053188,-6.8565e-22,-4.9636,-1.2354,0
0.00062634,0.039732,-0.0059064,1.0369e-21,-4.7118,-1.1638,0
0.00067961,0.03825,-0.0065584,2.139e-21,-4.4599,-1.0923,0
0.00073818,0.036496,-0.0073578,1.2563e-21,-4.2081,-1.0207,0
0.00080557,0.034386,-0.0082415,7.5444e-22,-3.9563,-0.94916,0
0.000878,0.031879,-0.0093825,-1.5271e-21,-3.7045,-0.87759,0
0.00096111,0.028891,-0.010768,-1.7893e-21,-3.4527,-0.80603,0
0.0010443,0.024971,-0.01237,-3.8908e-21,-3.2008,-0.73447,0
0.001129,0.019801,-0.014303,-5.9048e-21,-2.949,-0.66291,0
0.0011911,0.013559,-0.016809,-4.8085e-21,-2.6972,-0.59134,0
0.0012018,0,0,0,-2.4454,-0.51978,0
0.00025063,0.048645,-0.00088217,-7.147e-23,-9.749,-1.9464,0
0.00025739,0.048507,-0.00094192,1.0105e-22,-9.4979,-1.8927,0
0.00026459,0.048357,-0.0010128,2.4979e-22,-9.2469,-1.8391,0
0.00027269,0.048189,-0.0010846,9.8118e-23,-8.9959,-1.7855,0
0.00028148,0.048004,-0.0011673,8.1883e-23,-8.7449,-1.7318,0
0.00029128,0.047799,-0.0012538,1.1355e-22,-8.4938,-1.6782,0
0.000302,0.047572,-0.0013507,-1.6859e-22,-8.2428,-1.6246,0
0.00031393,0.047318,-0.0014534,-2.3957e-22,-7.9918,-1.571,0
0.00032704,0.047037,-0.0015698,-6.6363e-23,-7.7408,-1.5173,0
0.00034164,0.046722,-0.001692,-1.3218e-22,-7.4897,-1.4637,0
0.00035774,0.04637,-0.0018338,-4.2006e-22,-7.2387,-1.4101,0
0.00037572,0.045976,-0.0019818,-3.9378e-22,-6.9877,-1.3564,0
0.00039558,0.045532,-0.0021557,-5.5147e-22,-6.7367,-1.3028,0
0.00041787,0.045034,-0.0023369,4.4597e-24,-6.4856,-1.2492,0
0.00044254,0.044467,-0.0025526,-3.1324e-22,-6.2346,-1.1955,0
0.00047037,0.043829,-0.00278,-6.18e-22,-5.9836,-1.1419,0
0.00050123,0.043091,-0.003048,-4.3969e-22,-5.7326,-1.0883,0
0.00053624,0.04226,-0.0033393,-9.9786e-22,-5.4815,-1.0347,0
0.00057513,0.041284,-0.0036801,-1.1372e-21,-5.2305,-0.98102,0
0.00061947,0.040177,-0.00406,-1.1431e-21,-4.9795,-0.92739,0
0.00066877,0.038863,-0.0045056,-2.0859e-21,-4.7285,-0.87376,0
0.00072515,0.037341,-0.0050103,-1.5113e-21,-4.4774,-0.82013,0
0.00078762,0.035531,-0.0056186,-2.9766e-22,-4.2264,-0.7665,0
0.00085901,0.033363,-0.0063129,-1.1935e-21,-3.9754,-0.71287,0
0.00093675,0.030771,-0.0071847,8.8066e-22,-3.7244,-0.65924,0
0.0010242,0.027489,-0.0081694,1.6181e-21,-3.4733,-0.60561,0
0.0011146,0.023275,-0.0092884,-2.1978e-21,-3.2223,-0.55198,0
0.001205,0.017989,-0.010772,-8.3367e-22,-2.9713,-0.49835,0
0.0012751,0.011743,-0.012583,2.018e-21,-2.7202,-0.44472,0
0.0012948,0,0,0,-2.4692,-0.39109,0
0.00026051,0.048454,-0.00056346,4.4462e-23,-9.7495,-1.2976,0
0.0002677,0.048305,-0.00060151,4.3757e-23,-9.4991,-1.2619,0
0.00027548,0.048144,-0.00064659,4.9945e-23,-9.2486,-1.2261,0
0.00028412,0.047964,-0.00069127,3.9009e-23,-8.9982,-1.1904,0
0.00029352,0.047767,-0.00074434,5.6647e-23,-8.7477,-1.1547,0
0.00030394,0.047548,-0.000799,3.5864e-23,-8.4973,-1.1189,0
0.00031535,0.047306,-0.00086073,1.2318e-22,-8.2468,-1.0832,0
0.00032799,0.047037,-0.00092601,1.1896e-22,-7.9963,-1.0475,0
0.00034188,0.046739,-0.0010018,-1.5917e-22,-7.7459,-1.0117,0
0.0003573,0.046407,-0.00108,6.0643e-23,-7.4954,-0.976,0
0.00037429,0.046036,-0.0011726,9.1604e-24,-7.245,-0.94026,0
0.00039323,0.045621,-0.0012673,-2.7362e-23,-6.9945,-0.90453,0
0.00041413,0.045156,-0.0013819,3.9633e-22,-6.7441,-0.86879,0
0.00043755,0.044632,-0.0014983,3.0596e-22,-6.4936,-0.83306,0
0.00046345,0.04404,-0.0016415,3.3503e-22,-6.2432,-0.79733,0
0.00049261,0.043368,-0.0017879,5.4266e-25,-5.9927,-0.76159,0
0.00052494,0.042603,-0.0019656,-2.0266e-22,-5.7422,-0.72586,0
0.00056155,0.04173,-0.0021559,5.4212e-22,-5.4918,-0.69013,0
0.00060221,0.040719,-0.0023806,6.7595e-22,-5.2413,-0.65439,0
0.00064847,0.03956,-0.0026316,7.5591e-22,-4.9909,-0.61866,0
0.00069992,0.038194,-0.0029221,-2.6439e-22,-4.7404,-0.58292,0
0.00075862,0.036609,-0.0032557,-1.295e-21,-4.49,-0.54719,0
0.00082371,0.034706,-0.0036483,-1.3134e-21,-4.2395,-0.51146,0
0.00089776,0.032452,-0.0040991,-3.8678e-22,-3.989,-0.47572,0
0.00097866,0.029692,-0.0046374,-7.0327e-23,-3.7386,-0.43999,0
0.0010686,0.026304,-0.0052444,-2.5839e-22,-3.4881,-0.40426,0
0.0011615,0.022119,-0.005964,1.7902e-21,-3.2377,-0.36852,0
0.0012558,0.017135,-0.0071674,5.412e-21,-2.9872,-0.33279,0
0.0013353,0.010799,-0.0082728,3.8217e-21,-2.7368,-0.29705,0
0.0013623,0,0,0,-2.4863,-0.26132,0
0.00026656,0.048337,-0.00020046,-9.1832e-23,-9.7499,-0.64881,0
0.00027402,0.048183,-0.00021443,-8.3506e-23,-9.4998,-0.63094,0
0.00028216,0.048013,-0.00023134,-9.7241e-23,-9.2497,-0.61308,0
0.00029113,0.047826,-0.0002477,-1.0376e-22,-8.9995,-0.59522,0
0.00030092,0.04762,-0.00026912,-1.1596e-22,-8.7494,-0.57736,0
0.00031173,0.047392,-0.00028957,-1.3946e-22,-8.4993,-0.5595,0
0.00032357,0.047141,-0.00031504,-7.4728e-24,-8.2492,-0.54164,0
0.00033665,0.046862,-0.00034052,2.9715e-23,-7.9991,-0.52378,0
0.00035104,0.046555,-0.00037251,2.4274e-23,-7.749,-0.50592,0
0.00036696,0.046209,-0.00040408,1.9409e-22,-7.4989,-0.48806,0
0.00038453,0.045828,-0.00044351,1.4445e-22,-7.2487,-0.4702,0
0.00040405,0.045396,-0.00048354,-6.1885e-23,-6.9986,-0.45234,0
0.00042562,0.044921,-0.00053307,2.2855e-22,-6.7485,-0.43448,0
0.0004497,0.044374,-0.00058386,2.5061e-22,-6.4984,-0.41661,0
0.00047639,0.043773,-0.00064784,3.5707e-22,-6.2483,-0.39875,0
0.00050633,0.043072,-0.00071242,3.7918e-22,-5.9982,-0.38089,0
0.00053958,0.042299,-0.00079339,2.3172e-22,-5.7481,-0.36303,0
0.00057711,0.041386,-0.00087913,2.4868e-22,-5.4979,-0.34517,0
0.00061883,0.040371,-0.00098232,8.0076e-23,-5.2478,-0.32731,0
0.00066619,0.039162,-0.0010974,5.1793e-22,-4.9977,-0.30945,0
0.00071888,0.037789,-0.0012314,1.1789e-21,-4.7476,-0.29159,0
0.00077885,0.036147,-0.0013854,6.3654e-22,-4.4975,-0.27373,0
0.00084544,0.034236,-0.0015679,7.9877e-23,-4.2474,-0.25587,0
0.00092096,0.031929,-0.0017776,1.2448e-21,-3.9973,-0.23801,0
0.0010037,0.029172,-0.0020343,7.7932e-22,-3.7471,-0.22014,0
0.0010954,0.025795,-0.0023416,-9.0942e-23,-3.497,-0.20228,0
0.0011912,0.021672,-0.0027472,2.6517e-21,-3.2469,-0.18442,0
0.0012877,0.016531,-0.0033831,2.8465e-21,-2.9968,-0.16656,0
0.0013688,0.0094545,-0.0035135,4.2827e-22,-2.7467,-0.1487,0
0.0013977,0,0,0,-2.4966,-0.13084,0
0.000268,0.048312,0.00018531,-9.3659e-23,-9.75,7.4015e-18,0
0.00027553,0.048155,0.00019701,-9.2887e-23,-9.5,1.4803e-17,0
0.00028375,0.047984,0.00020904,-9.8974e-23,-9.25,2.2204e-17,0
0.0002928,0.047794,0.0002213,-9.798e-23,-9,2.9606e-17,0
0.00030268,0.047587,0.0002345,-1.1665e-22,-8.75,3.7007e-17,0
0.00031358,0.047355,0.00024759,-1.3632e-22,-8.5,4.4409e-17,0
0.00032552,0.047103,0.00026167,-2.5047e-23,-8.25,1.9984e-16,0
0.0003387,0.046819,0.00027588,-1.0352e-23,-8,5.9212e-17,0
0.00035321,0.04651,0.00029077,1.4995e-23,-7.75,6.6613e-17,0
0.00036924,0.046159,0.00030609,3.2036e-23,-7.5,7.4015e-17,0
0.00038696,0.045777,0.00032229,-6.2436e-25,-7.25,8.1416e-17,0
0.00040663,0.045339,0.00033836,-2.6246e-23,-7,8.8818e-17,0
0.00042835,0.044861,0.00035616,8.6311e-25,-6.75,9.6219e-17,0
0.00045263,0.044311,0.00037288,3.2284e-23,-6.5,1.0362e-16,0
0.00047947,0.043703,0.00039125,-1.1337e-24,-6.25,1.1102e-16,0
0.00050963,0.043,0.00040949,2.6513e-23,-6,1.1842e-16,0
0.00054309,0.042219,0.00043138,9.9432e-23,-5.75,1.2583e-16,0
0.00058088,0.041302,0.00044824,-5.6018e-23,-5.5,1.3323e-16,0
0.00062285,0.040279,0.00047298,-4.0998e-23,-5.25,6.6613e-17,0
0.00067051,0.039062,0.00049552,-4.7436e-23,-5,7.4015e-17,0
0.00072352,0.037682,0.0005241,-7.0495e-23,-4.75,1.5543e-16,0
0.00078384,0.036029,0.00055039,-1.4231e-23,-4.5,1.6283e-16,0
0.00085083,0.034115,0.00058628,8.0432e-23,-4.25,1.7023e-16,0
0.00092676,0.031784,0.00062079,1.4347e-22,-4,1.7764e-16,0
0.0010101,0.029028,0.00066899,-2.1768e-22,-3.75,1.4803e-16,0
0.0011024,0.025583,0.00071478,-3.8701e-22,-3.5,1.9244e-16,0
0.0011995,0.021394,0.00079153,2.4111e-22,-3.25,1.9984e-16,0
0.0012966,0.015867,0.00083678,7.4605e-23,-3,1.7023e-16,0
0.0013755,0.0084754,0.00089939,1.8739e-23,-2.75,2.1464e-16,0
0.0014027,0,0,0,-2.5,2.2204e-16,0
0.00026492,0.048378,0.00056968,-8.7978e-23,-9.7499,0.64881,0
0.00027234,0.048221,0.00060619,-8.8824e-23,-9.4998,0.63094,0
0.00028039,0.048054,0.00064742,-9.909e-23,-9.2497,0.61308,0
0.00028928,0.047864,0.00068921,-9.67e-23,-8.9995,0.59522,0
0.000299,0.047662,0.00073587,-1.1107e-22,-8.7494,0.57736,0
0.00030972,0.047431,0.00078366,-1.0677e-22,-8.4993,0.5595,0
0.00032148,0.047184,0.00083633,-1.7988e-23,-8.2492,0.54164,0
0.00033446,0.046901,0.00089132,-3.9476e-23,-7.9991,0.52378,0
0.00034876,0.046597,0.00095147,-8.9507e-24,-7.749,0.50592,0
0.00036456,0.046248,0.0010157,1.7334e-22,-7.4989,0.48806,0
0.00038204,0.045871,0.0010846,1.8389e-22,-7.2487,0.4702,0
0.00040144,0.045437,0.0011602,3.4689e-23,-6.9986,0.45234,0
0.0004229,0.044964,0.0012404,2.2262e-22,-6.7485,0.43448,0
0.00044683,0.044418,0.001329,2.2523e-22,-6.4984,0.41661,0
0.00047338,0.043815,0.0014264,2.041e-22,-6.2483,0.39875,0
0.0005031,0.043118,0.0015306,2.8192e-22,-5.9982,0.38089,0
0.00053623,0.042341,0.0016519,5.7054e-22,-5.7481,0.36303,0
0.00057362,0.04144,0.0017759,3.1222e-22,-5.4979,0.34517,0
0.00061505,0.040412,0.0019268,-1.1927e-22,-5.2478,0.32731,0
0.00066214,0.03922,0.0020867,5.4037e-22,-4.9977,0.30945,0
0.00071452,0.037836,0.0022767,1.1346e-21,-4.7476,0.29159,0
0.00077414,0.036208,0.0024815,6.2794e-22,-4.4975,0.27373,0
0.00084029,0.034295,0.0027355,0,-4.2474,0.25587,0
0.00091535,0.031991,0.0030096,1.2213e-21,-3.9973,0.23801,0
0.00099742,0.029254,0.0033646,1.1075e-21,-3.7471,0.22014,0
0.0010886,0.02586,0.0037469,-2.5621e-22,-3.497,0.20228,0
0.0011834,0.021785,0.0043021,2.682e-21,-3.2469,0.18442,0
0.0012791,0.016641,0.0050314,2.0932e-21,-2.9968,0.16656,0
0.0013593,0.009614,0.0055249,-3.7461e-22,-2.7467,0.1487,0
0.0013874,0,0,0,-2.4966,0.13084,0
0.0002573,0.048533,0.00092703,4.4032e-23,-9.7495,1.2976,0
0.00026439,0.048384,0.00098829,4.2112e-23,-9.4991,1.2619,0
0.00027201,0.048224,0.0010576,4.8909e-23,-9.2486,1.2261,0
0.0002805,0.048043,0.0011283,4.4314e-23,-8.9982,1.1904,0
0.00028976,0.047848,0.0012068,5.5372e-23,-8.7477,1.1547,0
0.00030002,0.047628,0.0012876,6.5665e-23,-8.4973,1.1189,0
0.00031126,0.047389,0.0013779,1.1911e-22,-8.2468,1.0832,0
0.00032372,0.047118,0.0014718,1.1523e-22,-7.9963,1.0475,0
0.00033742,0.046824,0.001576,-1.6099e-22,-7.7459,1.0117,0
0.00035263,0.046489,0.0016865,-1.7221e-23,-7.4954,0.976,0
0.00036942,0.046124,0.0018082,1.3075e-23,-7.245,0.94026,0
0.00038811,0.045705,0.0019396,6.9968e-23,-6.9945,0.90453,0
0.00040878,0.045246,0.0020837,3.8502e-22,-6.7441,0.86879,0
0.00043188,0.044716,0.0022403,1.8564e-22,-6.4936,0.83306,0
0.00045753,0.044131,0.0024139,1.8854e-22,-6.2432,0.79733,0
0.00048629,0.043455,0.0026027,-1.0918e-23,-5.9927,0.76159,0
0.00051834,0.042694,0.002813,3.1153e-22,-5.7422,0.72586,0
0.00055462,0.041822,0.0030471,7.7542e-22,-5.4918,0.69013,0
0.00059476,0.040814,0.0033176,4.5126e-23,-5.2413,0.65439,0
0.00064052,0.039656,0.0036101,2.9618e-22,-4.9909,0.61866,0
0.00069134,0.038302,0.0039631,2.9544e-22,-4.7404,0.58292,0
0.00074937,0.036709,0.0043408,-1.006e-21,-4.49,0.54719,0
0.0008136,0.034831,0.0048137,-1.5691e-21,-4.2395,0.51146,0
0.00088678,0.032558,0.0053184,-8.7862e-22,-3.989,0.47572,0
0.00096648,0.029834,0.0059698,1.8454e-22,-3.7386,0.43999,0
0.0010553,0.026433,0.0066533,2.7897e-22,-3.4881,0.40426,0
0.0011464,0.022231,0.0075235,3.0388e-21,-3.2377,0.36852,0
0.0012389,0.017281,0.0088292,4.5128e-21,-2.9872,0.33279,0
0.0013144,0.010734,0.010177,1.4571e-21,-2.7368,0.29705,0
0.0013378,0,0,0,-2.4863,0.26132,0
0.00024597,0.048762,0.0012364,-6.6701e-23,-9.749,1.9464,0
0.00025256,0.048625,0.0013197,1.0577e-22,-9.4979,1.8927,0
0.00025956,0.048476,0.0014156,2.4338e-22,-9.2469,1.8391,0
0.00026745,0.048309,0.0015123,9.636e-23,-8.9959,1.7855,0
0.00027602,0.048125,0.001622,1.306e-22,-8.7449,1.7318,0
0.00028557,0.047922,0.0017326,1.0735e-22,-8.4938,1.6782,0
0.00029606,0.047695,0.0018588,-2.6908e-22,-8.2428,1.6246,0
0.0003077,0.047444,0.0019881,-1.6134e-22,-7.9918,1.571,0
0.00032055,0.047163,0.0021352,2.7268e-23,-7.7408,1.5173,0
0.00033482,0.046851,0.0022886,-2.0018e-22,-7.4897,1.4637,0
0.00035062,0.046499,0.002461,-3.6605e-22,-7.2387,1.4101,0
0.00036824,0.046109,0.0026433,-2.132e-22,-6.9877,1.3564,0
0.00038776,0.045665,0.0028485,-6.2672e-22,-6.7367,1.3028,0
0.00040962,0.045171,0.0030688,-2.2919e-22,-6.4856,1.2492,0
0.00043388,0.044606,0.003315,-3.0338e-22,-6.2346,1.1955,0
0.00046119,0.043971,0.0035871,-7.9897e-22,-5.9836,1.1419,0
0.00049154,0.043237,0.0038864,-2.4185e-22,-5.7326,1.0883,0
0.00052591,0.042402,0.0042202,-8.5004e-22,-5.4815,1.0347,0
0.00056414,0.041439,0.0046053,-1.6486e-21,-5.2305,0.98102,0
0.00060767,0.040322,0.0050224,-1.175e-21,-4.9795,0.92739,0
0.00065605,0.039032,0.005532,-1.5217e-21,-4.7285,0.87376,0
0.00071142,0.037501,0.0060791,-1.4707e-21,-4.4774,0.82013,0
0.00077254,0.035713,0.0067663,-3.0217e-22,-4.2264,0.7665,0
0.00084258,0.033552,0.007517,-1.3233e-21,-3.9754,0.71287,0
0.00091833,0.030956,0.0084859,8.6068e-22,-3.7244,0.65924,0
0.001004,0.027746,0.0095744,2.078e-21,-3.4733,0.60561,0
0.001091,0.023502,0.010812,-1.0403e-21,-3.2223,0.55198,0
0.0011791,0.018337,0.012465,-1.0386e-21,-2.9713,0.49835,0
0.0012443,0.012009,0.014526,-5.497e-22,-2.7202,0.44472,0
0.0012585,0,0,0,-2.4692,0.39109,0
0.00023149,0.049054,0.0014805,1.0495e-23,-9.7482,2.5951,0
0.00023744,0.048932,0.0015846,-1.542e-22,-9.4964,2.5235,0
0.00024362,0.048798,0.0017021,-2.8101e-22,-9.2445,2.452,0
0.0002507,0.04865,0.0018238,-1.2703e-22,-8.9927,2.3804,0
0.00025837,0.048482,0.001959,2.2162e-23,-8.7409,2.3089,0
0.00026697,0.0483,0.0020995,4.2577e-24,-8.4891,2.2373,0
0.00027645,0.04809,0.0022548,2.5993e-23,-8.2373,2.1657,0
0.000287,0.047865,0.0024185,-1.8828e-22,-7.9854,2.0942,0
0.00029868,0.047603,0.0026013,-3.7159e-23,-7.7336,2.0226,0
0.00031172,0.047321,0.0027955,-5.6081e-24,-7.4818,1.951,0
0.00032613,0.046992,0.0030114,7.836e-23,-7.23,1.8795,0
0.00034236,0.046635,0.003242,4.4433e-23,-6.9781,1.8079,0
0.00036025,0.046218,0.0034991,-4.4732e-22,-6.7263,1.7363,0
0.0003805,0.045762,0.0037745,2.8149e-23,-6.4745,1.6648,0
0.00040287,0.045232,0.0040877,1.2345e-22,-6.2227,1.5932,0
0.00042826,0.044638,0.0044294,-6.8393e-22,-5.9709,1.5217,0
0.00045649,0.043957,0.0048173,-4.1125e-22,-5.719,1.4501,0
0.00048848,0.043162,0.0052396,-5.5068e-22,-5.4672,1.3785,0
0.00052408,0.042259,0.0057336,-6.0571e-22,-5.2154,1.307,0
0.00056481,0.041184,0.0062661,-3.127e-22,-4.9636,1.2354,0
0.00060989,0.039948,0.0069137,1.203e-21,-4.7118,1.1638,0
0.00066181,0.03847,0.0076129,1.719e-21,-4.4599,1.0923,0
0.00071863,0.03672,0.0084826,1.0437e-21,-4.2081,1.0207,0
0.00078429,0.034643,0.0094364,3.373e-22,-3.9563,0.94916,0
0.0008542,0.032108,0.01066,-1.3134e-21,-3.7045,0.87759,0
0.000935,0.029148,0.012133,-8.9175e-22,-3.4527,0.80603,0
0.0010142,0.025239,0.013879,-2.9696e-21,-3.2008,0.73447,0
0.0010955,0.020136,0.015944,-5.4996e-21,-2.949,0.66291,0
0.0011506,0.013903,0.0187,-6.0785e-21,-2.6972,0.59134,0
0.0011545,0,0,0,-2.4454,0.51978,0
0.00021518,0.049384,0.0016508,1.4141e-22,-9.7472,3.2438,0
0.0002204,0.049278,0.001771,-1.1328e-22,-9.4943,3.1542,0
0.00022558,0.049163,0.0019092,-2.9368e-22,-9.2415,3.0647,0
0.00023174,0.049034,0.002051,-5.2352e-24,-8.9886,2.9752,0
0.00023835,0.048887,0.0022092,1.045e-24,-8.7358,2.8856,0
0.00024588,0.048727,0.0023746,4.3774e-23,-8.483,2.7961,0
0.00025415,0.048542,0.0025575,1.8758e-22,-8.2301,2.7065,0
0.00026348,0.04834,0.0027505,1.6671e-22,-7.9773,2.617,0
0.00027378,0.048107,0.0029656,3.0468e-23,-7.7244,2.5274,0
0.00028542,0.047852,0.0031942,-6.0122e-24,-7.4716,2.4379,0
0.00029823,0.047557,0.0034511,4.9567e-22,-7.2188,2.3484,0
0.0003128,0.047233,0.0037228,7.2242e-22,-6.9659,2.2588,0
0.00032886,0.046859,0.0040313,4.8656e-22,-6.7131,2.1693,0
0.00034707,0.046439,0.0043538,-2.2476e-23,-6.4602,2.0797,0
0.0003673,0.045959,0.0047315,1.3882e-22,-6.2074,1.9902,0
0.0003902,0.045412,0.0051283,-6.8412e-23,-5.9546,1.9006,0
0.00041586,0.044793,0.0055991,-4.6409e-22,-5.7017,1.8111,0
0.0004449,0.044074,0.0061031,5.5581e-22,-5.4489,1.7216,0
0.00047732,0.043248,0.0067008,1.3614e-21,-5.196,1.632,0
0.0005145,0.042283,0.0073466,1.4886e-21,-4.9432,1.5425,0
0.0005557,0.041138,0.0081293,1.4741e-21,-4.6904,1.4529,0
0.00060337,0.039804,0.0089874,7.7584e-22,-4.4375,1.3634,0
0.00065539,0.03814,0.010045,-2.3125e-22,-4.1847,1.2738,0
0.00071627,0.03619,0.011215,-3.4422e-22,-3.9319,1.1843,0
0.00077928,0.033675,0.012676,-6.288e-22,-3.679,1.0948,0
0.00085392,0.030757,0.014406,6.3653e-24,-3.4262,1.0052,0
0.00092202,0.027113,0.016615,2.6606e-22,-3.1733,0.91568,0
0.0009936,0.022177,0.019166,-8.2796e-22,-2.9205,0.82613,0
0.0010319,0.016156,0.022592,-1.1958e-21,-2.6677,0.73659,0
0.0010192,0,0,0,-2.4148,0.64705,0
0.0001978,0.049736,0.001742,-6.9003e-24,-9.7459,3.8924,0
0.00020213,0.04965,0.0018761,1.2311e-22,-9.4918,3.7848,0
0.00020623,0.049556,0.0020291,2.6783e-22,-9.2378,3.6773,0
0.00021129,0.04945,0.0021886,1.9165e-22,-8.9837,3.5697,0
0.00021671,0.049326,0.0023647,-2.609e-22,-8.7296,3.4621,0
0.00022298,0.049192,0.0025512,-2.2579e-22,-8.4755,3.3545,0
0.00022991,0.049034,0.0027558,-1.6837e-22,-8.2214,3.2469,0
0.00023781,0.048862,0.0029736,3.1101e-22,-7.9674,3.1393,0
0.00024658,0.04866,0.0032148,4.8481e-22,-7.7133,3.0318,0
0.00025656,0.048438,0.003471,-3.2638e-23,-7.4592,2.9242,0
0.00026766,0.04818,0.003759,4.1479e-22,-7.2051,2.8166,0
0.00028024,0.047893,0.0040635,3.6716e-22,-6.9511,2.709,0
0.00029435,0.047562,0.0044122,2.8271e-22,-6.697,2.6014,0
0.00031026,0.047186,0.0047798,1.1765e-22,-6.4429,2.4939,0
0.00032815,0.046748,0.0052055,4.0428e-22,-6.1888,2.3863,0
0.00034833,0.046252,0.0056569,1.0382e-21,-5.9347,2.2787,0
0.00037098,0.045668,0.0061856,1.0808e-21,-5.6807,2.1711,0
0.00039685,0.045013,0.0067591,3.1297e-22,-5.4266,2.0635,0
0.0004256,0.044231,0.0074349,-4.7161e-23,-5.1725,1.9559,0
0.0004587,0.043352,0.0081745,2.5835e-23,-4.9184,1.8484,0
0.0004952,0.042289,0.0090637,-7.6679e-22,-4.6643,1.7408,0
0.00053781,0.041096,0.01006,-6.2725e-22,-4.4103,1.6332,0
0.00058349,0.039603,0.011287,0,-4.1562,1.5256,0
0.00063808,0.037861,0.012668,0,-3.9021,1.418,0
0.00069229,0.035583,0.014403,1.3526e-21,-3.648,1.3105,0
0.00075915,0.032787,0.016367,1.8102e-21,-3.394,1.2029,0
0.00081649,0.029401,0.019029,1.4225e-21,-3.1399,1.0953,0
0.00088007,0.024713,0.022042,1.0563e-21,-2.8858,0.98771,0
0.00089855,0.018885,0.026171,2.8464e-21,-2.6317,0.88012,0
0.00086509,0,0,0,-2.3776,0.77254,0
0.00018063,0.050086,0.0017563,1.801e-22,-9.7445,4.541,0
0.00018396,0.05002,0.001901,2.6146e-22,-9.4889,4.4153,0
0.00018693,0.049949,0.0020668,1.321e-22,-9.2334,4.2896,0
0.00019085,0.049866,0.0022395,4.5309e-23,-8.9779,4.1639,0
0.00019502,0.049768,0.0024314,2.4099e-22,-8.7223,4.0382,0
0.00020001,0.049659,0.0026338,1.3469e-22,-8.4668,3.9125,0
0.00020553,0.04953,0.0028577,0,-8.2113,3.7868,0
0.00021195,0.049388,0.0030945,2.8627e-22,-7.9557,3.6611,0
0.00021914,0.04922,0.0033597,2.3849e-22,-7.7002,3.5354,0
0.00022738,0.049033,0.0036392,2.5339e-22,-7.4447,3.4098,0
0.00023664,0.048815,0.0039556,1.9293e-22,-7.1891,3.2841,0
0.00024719,0.048572,0.0042896,-3.9689e-22,-6.9336,3.1584,0
0.00025905,0.048291,0.0046732,-4.4143e-22,-6.678,3.0327,0
0.00027259,0.047978,0.0050822,4.5047e-22,-6.4225,2.907,0
0.00028777,0.047608,0.0055512,5.6233e-23,-6.167,2.7813,0
0.0003051,0.047189,0.0060529,1.3056e-22,-5.9114,2.6556,0
0.00032451,0.04669,0.0066373,5.1044e-22,-5.6559,2.5299,0
0.00034684,0.046118,0.0072696,-9.6481e-23,-5.4004,2.4042,0
0.00037173,0.045423,0.0080193,2.7229e-22,-5.1448,2.2785,0
0.00040052,0.044624,0.0088366,-3.4171e-22,-4.8893,2.1528,0
0.00043209,0.043633,0.0098197,2.4165e-22,-4.6338,2.0271,0
0.00046928,0.042512,0.010918,1.2794e-21,-4.3782,1.9015,0
0.00050796,0.041134,0.012286,-6.3592e-23,-4.1227,1.7758,0
0.00055538,0.03955,0.013838,4.0932e-23,-3.8672,1.6501,0
0.00059983,0.037516,0.015823,-1.0873e-21,-3.6116,1.5244,0
0.00065678,0.034922,0.018021,-9.7637e-22,-3.3561,1.3987,0
0.00069872,0.031728,0.021096,9.3144e-23,-3.1006,1.273,0
0.00074995,0.027414,0.02456,1.9019e-21,-2.845,1.1473,0
0.00074284,0.021967,0.029365,2.6264e-21,-2.5895,1.0216,0
0.00068374,0,0,0,-2.334,0.89592,0
0.00016407,0.050424,0.0016991,1.5042e-22,-9.7428,5.1895,0
0.00016631,0.050381,0.0018517,1.541e-22,-9.4856,5.0456,0
0.00016812,0.050333,0.0020257,-2.2192e-23,-9.2284,4.9017,0
0.0001708,0.050276,0.0022083,1.4027e-23,-8.9712,4.7578,0
0.00017366,0.050205,0.0024111,2.3073e-22,-8.714,4.6139,0
0.00017725,0.050124,0.0026256,2.8089e-22,-8.4568,4.47,0
0.00018132,0.050025,0.0028624,0,-8.1996,4.3262,0
0.00018613,0.049913,0.0031134,-2.8826e-22,-7.9424,4.1823,0
0.00019166,0.049777,0.0033935,-5.5806e-22,-7.6852,4.0384,0
0.00019808,0.049624,0.0036907,-2.1428e-22,-7.428,3.8945,0
0.00020541,0.049438,0.0040244,-8.4468e-23,-7.1708,3.7506,0
0.00021392,0.049228,0.0043794,-3.6823e-22,-6.9135,3.6067,0
0.00022354,0.048977,0.0047829,-6.3007e-22,-6.6563,3.4629,0
0.00023465,0.048698,0.0052165,-4.2527e-22,-6.3991,3.319,0
0.0002472,0.048373,0.0057171,-6.7771e-22,-6.1419,3.1751,0
0.00026142,0.04801,0.0062541,-1.2618e-21,-5.8847,3.0312,0
0.00027752,0.047583,0.0068778,-8.1055e-22,-5.6275,2.8873,0
0.00029621,0.047113,0.0075642,-1.0963e-21,-5.3703,2.7434,0
0.00031683,0.046532,0.0083697,-7.3877e-22,-5.1131,2.5996,0
0.00034108,0.045881,0.0092676,-7.265e-22,-4.8559,2.4557,0
0.00036691,0.045033,0.010335,-1.0264e-21,-4.5987,2.3118,0
0.00039838,0.04405,0.011526,-3.066e-22,-4.3415,2.1679,0
0.00042955,0.042799,0.013006,5.562e-22,-4.0843,2.024,0
0.00046969,0.041368,0.014693,7.6901e-22,-3.8271,1.8801,0
0.00050412,0.039608,0.016901,-5.3898e-23,-3.5699,1.7363,0
0.00055088,0.037305,0.019342,3.6671e-23,-3.3127,1.5924,0
0.000576,0.034393,0.022804,4.4523e-22,-3.0555,1.4485,0
0.00061421,0.030382,0.026661,1.7863e-21,-2.7983,1.3046,0
0.00057696,0.025326,0.032202,1.8195e-21,-2.5411,1.1607,0
0.00048669,0,0,0,-2.2839,1.0168,0
0.00014915,0.050732,0.0015818,-3.0536e-22,-9.7409,5.8378,0
0.00015026,0.05071,0.0017381,-1.6377e-22,-9.4818,5.6757,0
0.00015095,0.050687,0.0019189,-1.333e-24,-9.2228,5.5135,0
0.00015237,0.050653,0.0021077,6.3071e-24,-8.9637,5.3513,0
0.00015396,0.050609,0.0023191,-3.7382e-22,-8.7046,5.1892,0
0.00015619,0.050556,0.0025424,-1.3891e-22,-8.4455,5.027,0
0.00015885,0.050489,0.0027909,1.6463e-22,-8.1864,4.8648,0
0.00016214,0.050412,0.003054,-2.6994e-22,-7.9273,4.7027,0
0.00016602,0.050318,0.0033489,-2.4176e-22,-7.6683,4.5405,0
0.00017068,0.050211,0.0036625,-3.0338e-22,-7.4092,4.3783,0
0.00017604,0.050081,0.0040158,-1.4778e-22,-7.1501,4.2162,0
0.00018243,0.04993,0.0043919,-4.4408e-24,-6.891,4.054,0
0.00018979,0.049741,0.0048174,-1.3614e-22,-6.6319,3.8918,0
0.00019828,0.049516,0.00527,-4.3992e-22,-6.3728,3.7297,0
0.00020814,0.049238,0.0057909,-1.5576e-22,-6.1138,3.5675,0
0.00021951,0.048924,0.006355,1.919e-22,-5.8547,3.4053,0
0.00023235,0.048531,0.0070021,-4.2071e-22,-5.5956,3.2432,0
0.00024735,0.048109,0.0077195,-2.6516e-22,-5.3365,3.081,0
0.00026353,0.047596,0.0085656,-1.0517e-21,-5.0774,2.9188,0
0.00028324,0.047038,0.0095136,-8.4701e-22,-4.8183,2.7567,0
0.00030307,0.046344,0.010659,-6.3366e-22,-4.5593,2.5945,0
0.00032861,0.045521,0.011932,-1.5281e-21,-4.3002,2.4323,0
0.00035193,0.044451,0.013518,-7.1577e-22,-4.0411,2.2701,0
0.00038369,0.043139,0.015292,-8.416e-22,-3.782,2.108,0
0.00040674,0.041586,0.017676,-6.8658e-22,-3.5229,1.9458,0
0.00044184,0.039584,0.020332,1.1179e-21,-3.2638,1.7836,0
0.00044638,0.03704,0.024145,2.6446e-22,-3.0048,1.6215,0
0.00046819,0.033501,0.02838,-1.4332e-21,-2.7457,1.4593,0
0.00039536,0.028947,0.034564,-9.164e-22,-2.4866,1.2971,0
0.00026831,0,0,0,-2.2275,1.135,0
0.00013591,0.051009,0.001411,-1.6812e-22,-9.7388,6.4861,0
0.00013582,0.05101,0.0015694,-1.5788e-22,-9.4777,6.3056,0
0.00013534,0.051009,0.0017513,1.8158e-23,-9.2165,6.125,0
0.0001355,0.051,0.0019443,1.9914e-24,-8.9553,5.9444,0
0.00013576,0.050979,0.0021587,-2.4391e-23,-8.6942,5.7639,0
0.00013652,0.050951,0.0023881,-3.1439e-24,-8.433,5.5833,0
0.00013766,0.050905,0.0026404,5.4866e-23,-8.1718,5.4028,0
0.00013935,0.050848,0.0029085,1.0698e-22,-7.9107,5.2222,0
0.00014156,0.050772,0.0032065,5.3605e-22,-7.6495,5.0417,0
0.00014446,0.050684,0.0035238,5.2829e-22,-7.3884,4.8611,0
0.0001479,0.050583,0.003883,1.4302e-22,-7.1272,4.6806,0
0.0001522,0.050472,0.0042691,4.2505e-24,-6.866,4.5,0
0.00015771,0.050341,0.0047094,1.9083e-22,-6.6049,4.3194,0
0.00016408,0.050197,0.0051866,1.0754e-22,-6.3437,4.1389,0
0.00017104,0.049998,0.0057249,5.2766e-22,-6.0825,3.9583,0
0.00017947,0.049777,0.0063148,1.1402e-21,-5.8214,3.7778,0
0.00018875,0.049472,0.0069895,4.2847e-22,-5.5602,3.5972,0
0.00020014,0.049124,0.0077277,6.5467e-22,-5.299,3.4167,0
0.00021183,0.048682,0.0086005,8.1063e-22,-5.0379,3.2361,0
0.00022709,0.0482,0.009574,6.9504e-22,-4.7767,3.0556,0
0.00024124,0.047615,0.010761,1.0146e-21,-4.5155,2.875,0
0.00026079,0.046954,0.012096,3.8939e-22,-4.2544,2.6944,0
0.0002763,0.046112,0.013777,-1.0358e-21,-3.9932,2.5139,0
0.0002999,0.045024,0.015647,-7.9012e-22,-3.7321,2.3333,0
0.00031076,0.043673,0.018174,1.3697e-23,-3.4709,2.1528,0
0.00033526,0.041955,0.021012,-1.3153e-22,-3.2097,1.9722,0
0.00031824,0.03978,0.025119,-1.8874e-22,-2.9486,1.7917,0
0.00032246,0.036671,0.029699,-1.0487e-21,-2.6874,1.6111,0
0.00020858,0.032738,0.036556,-1.2243e-21,-2.4262,1.4306,0
3.7919e-05,0,0,0,-2.1651,1.25,0
0.00012514,0.051237,0.0012034,1.4405e-22,-9.7366,7.1343,0
0.00012392,0.051263,0.0013612,1.6246e-23,-9.4731,6.9352,0
0.00012226,0.051289,0.0015417,-2.6097e-24,-9.2097,6.7362,0
0.00012115,0.051313,0.0017352,-1.5356e-22,-8.9462,6.5371,0
0.00012013,0.05133,0.0019508,1.5881e-22,-8.6828,6.338,0
0.00011963,0.05134,0.0021849,9.9961e-23,-8.4193,6.139,0
0.00011951,0.051339,0.0024471,-3.9033e-23,-8.1559,5.9399,0
0.00011978,0.051324,0.0027258,2.4578e-22,-7.8924,5.7409,0
0.00012043,0.051291,0.0030345,-4.7039e-23,-7.629,5.5418,0
0.0001216,0.051237,0.0033555,-5.9667e-23,-7.3656,5.3428,0
0.00012335,0.051156,0.0037161,1.4533e-23,-7.1021,5.1437,0
0.00012554,0.051063,0.0041028,-2.7235e-23,-6.8387,4.9446,0
0.00012848,0.050938,0.0045408,2.911e-23,-6.5752,4.7456,0
0.00013239,0.050822,0.0050245,1.8611e-22,-6.3118,4.5465,0
0.0001368,0.05067,0.0055778,3.6414e-22,-6.0483,4.3475,0
0.00014251,0.050508,0.0061815,2.8449e-22,-5.7849,4.1484,0
0.00014829,0.050295,0.0068772,3.1307e-22,-5.5215,3.9493,0
0.00015632,0.050043,0.0076383,2.9827e-22,-5.258,3.7503,0
0.00016373,0.049699,0.0085336,3.7435e-22,-4.9946,3.5512,0
0.00017455,0.049299,0.0095241,3.8613e-22,-4.7311,3.3522,0
0.00018305,0.048809,0.010741,1.2816e-22,-4.4677,3.1531,0
0.00019661,0.048242,0.012102,6.7596e-22,-4.2042,2.9541,0
0.00020383,0.04758,0.013844,6.4403e-22,-3.9408,2.755,0
0.00021925,0.046713,0.015785,6.1716e-22,-3.6773,2.5559,0
0.00021656,0.045635,0.018424,7.1863e-22,-3.4139,2.3569,0
0.00022955,0.044214,0.021389,-9.3396e-22,-3.1505,2.1578,0
0.00018879,0.042469,0.02575,-3.8656e-22,-2.887,1.9588,0
0.00017256,0.039903,0.030614,-3.5005e-22,-2.6236,1.7597,0
1.3581e-05,0.036631,0.03803,-6.5395e-22,-2.3601,1.5607,0
-0.00020578,0,0,0,-2.0967,1.3616,0
0.00011634,0.051426,0.00096077,6.9049e-24,-9.7341,7.7823,0
0.00011415,0.051457,0.0011133,-2.2036e-22,-9.4682,7.5646,0
0.00011149,0.051491,0.0012897,-4.003e-22,-9.2023,7.3469,0
0.00010898,0.051521,0.0014804,2.3714e-23,-8.9363,7.1293,0
0.00010644,0.051552,0.0016953,-8.4873e-23,-8.6704,6.9116,0
0.00010397,0.051583,0.0019253,-3.9353e-22,-8.4045,6.6939,0
0.00010227,0.051609,0.0021813,-4.243e-22,-8.1386,6.4762,0
0.00010113,0.051634,0.002457,-6.2303e-23,-7.8727,6.2585,0
0.00010063,0.05165,0.0027673,-6.6986e-23,-7.6068,6.0408,0
0.00010053,0.051661,0.0031017,-1.056e-22,-7.3408,5.8232,0
0.00010071,0.051635,0.0034712,8.4979e-24,-7.0749,5.6055,0
0.00010124,0.051605,0.0038709,-4.5445e-23,-6.809,5.3878,0
0.00010174,0.051525,0.0043137,9.3739e-23,-6.5431,5.1701,0
0.00010318,0.051438,0.0047922,1.8257e-23,-6.2772,4.9524,0
0.00010504,0.051323,0.0053448,2.0732e-23,-6.0113,4.7347,0
0.00010851,0.051204,0.0059486,-2.0865e-22,-5.7454,4.517,0
0.00011133,0.051049,0.0066495,-4.0888e-23,-5.4794,4.2994,0
0.00011628,0.050881,0.0074195,-2.9112e-23,-5.2135,4.0817,0
0.00011961,0.050651,0.0083313,-1.9481e-22,-4.9476,3.864,0
0.00012629,0.050361,0.0093321,-2.0911e-23,-4.6817,3.6463,0
0.00012907,0.049996,0.010569,-1.084e-23,-4.4158,3.4286,0
0.00013732,0.049549,0.011947,9.907e-24,-4.1499,3.2109,0
0.00013622,0.049037,0.013732,3.3983e-22,-3.8839,2.9933,0
0.00014461,0.048374,0.015725,-6.2677e-23,-3.618,2.7756,0
0.00012807,0.047558,0.018445,-1.3066e-22,-3.3521,2.5579,0
0.00013026,0.046467,0.021511,3.0212e-22,-3.0862,2.3402,0
6.5431e-05,0.045115,0.026064,2.0511e-22,-2.8203,2.1225,0
2.6969e-05,0.043101,0.031178,-4.3628e-22,-2.5544,1.9048,0
-0.00018173,0.040603,0.039144,2.5302e-21,-2.2885,1.6871,0
-0.00045528,0,0,0,-2.0225,1.4695,0
0.00011053,0.051604,0.00072027,2.312e-22,-9.7314,8.4302,0
0.00010672,0.051692,0.00086146,2.6288e-22,-9.4629,8.1938,0
0.00010331,0.051761,0.0010218,2.9171e-22,-9.1943,7.9573,0
9.9683e-05,0.051821,0.0011968,1.8761e-22,-8.9257,7.7209,0
9.6688e-05,0.051866,0.0013982,4.1325e-23,-8.6571,7.4844,0
9.3336e-05,0.051912,0.0016279,-2.8409e-22,-8.3886,7.248,0
9.0062e-05,0.051942,0.0018872,-2.8855e-22,-8.12,7.0115,0
8.7073e-05,0.051975,0.0021635,-3.1073e-22,-7.8514,6.7751,0
8.4397e-05,0.051989,0.0024739,-7.4588e-23,-7.5829,6.5387,0
8.2204e-05,0.052019,0.002814,-2.0981e-22,-7.3143,6.3022,0
8.0414e-05,0.052025,0.0031912,-2.795e-22,-7.0457,6.0658,0
7.9205e-05,0.052033,0.0035949,2.3939e-23,-6.7771,5.8293,0
7.7948e-05,0.052017,0.004048,-3.8837e-23,-6.5086,5.5929,0
7.7668e-05,0.051978,0.0045306,-1.3613e-22,-6.24,5.3564,0
7.6948e-05,0.051906,0.0050824,-2.9623e-22,-5.9714,5.12,0
7.773e-05,0.051828,0.0056821,-1.4576e-22,-5.7029,4.8835,0
7.7499e-05,0.05172,0.0063852,-2.6446e-22,-5.4343,4.6471,0
7.9561e-05,0.051601,0.0071495,-2.4354e-22,-5.1657,4.4106,0
7.9061e-05,0.051458,0.008067,-1.7855e-22,-4.8971,4.1742,0
8.2136e-05,0.051266,0.0090686,-4.5764e-23,-4.6286,3.9378,0
7.9248e-05,0.051022,0.010313,-1.906e-22,-4.36,3.7013,0
8.2514e-05,0.050694,0.011686,-3.158e-22,-4.0914,3.4649,0
7.267e-05,0.050338,0.01349,-3.7013e-24,-3.8229,3.2284,0
7.4509e-05,0.049861,0.015498,1.888e-22,-3.5543,2.992,0
4.3884e-05,0.049305,0.018273,1.5381e-22,-3.2857,2.7555,0
3.4747e-05,0.048539,0.021393,0,-3.0171,2.5191,0
-5.5052e-05,0.047652,0.026084,-1.1423e-21,-2.7486,2.2826,0
-0.00011796,0.046238,0.031366,-1.0221e-21,-2.48,2.0462,0
-0.00037853,0.044541,0.039757,2.9477e-22,-2.2114,1.8097,0
-0.00070931,0,0,0,-1.9429,1.5733,0
0.00010032,0.051438,0.00047586,-6.0873e-24,-9.7286,9.078,0
9.5015e-05,0.051634,0.00060181,3.0378e-22,-9.4572,8.8226,0
9.117e-05,0.051786,0.00074634,4.8338e-22,-9.1858,8.5673,0
8.7063e-05,0.051931,0.00090706,9.6277e-23,-8.9144,8.3119,0
8.4002e-05,0.052037,0.0010938,-1.0988e-22,-8.643,8.0566,0
8.1065e-05,0.052138,0.0013076,4.5941e-22,-8.3716,7.8012,0
7.7475e-05,0.052211,0.0015633,3.7005e-22,-8.1002,7.5459,0
7.3426e-05,0.052285,0.0018391,2.9112e-23,-7.8288,7.2905,0
6.9432e-05,0.05233,0.0021452,-1.5514e-22,-7.5574,7.0352,0
6.5695e-05,0.052382,0.002473,-1.8975e-22,-7.286,6.7798,0
6.2263e-05,0.052421,0.0028425,-1.9285e-22,-7.0145,6.5245,0
5.9641e-05,0.052458,0.0032368,-7.3218e-23,-6.7431,6.2691,0
5.6615e-05,0.052483,0.0036836,-1.4151e-22,-6.4717,6.0138,0
5.4716e-05,0.052503,0.0041664,-1.8064e-22,-6.2003,5.7584,0
5.1887e-05,0.052487,0.0047142,-1.5628e-22,-5.9289,5.5031,0
5.071e-05,0.052461,0.0053053,-2.6028e-22,-5.6575,5.2477,0
4.742e-05,0.052413,0.0060007,-2.8493e-22,-5.3861,4.9924,0
4.7036e-05,0.052345,0.0067544,-2.4779e-22,-5.1147,4.737,0
4.2458e-05,0.052275,0.0076657,-4.2593e-23,-4.8433,4.4817,0
4.28e-05,0.052169,0.0086649,-6.9081e-24,-4.5719,4.2263,0
3.4435e-05,0.052051,0.0099101,6.7198e-23,-4.3005,3.971,0
3.4351e-05,0.05184,0.011284,1.255e-23,-4.0291,3.7156,0
1.5654e-05,0.05164,0.013082,9.0536e-24,-3.7577,3.4603,0
1.2272e-05,0.051347,0.0151,-1.8452e-23,-3.4863,3.2049,0
-3.2405e-05,0.051027,0.017899,1.8817e-23,-3.2149,2.9496,0
-5.1943e-05,0.050568,0.021065,-9.4723e-23,-2.9435,2.6942,0
-0.00016597,0.050084,0.025845,-1.2939e-22,-2.6721,2.4389,0
-0.00025638,0.049313,0.031257,1.6927e-22,-2.4007,2.1835,0
-0.00057127,0.048447,0.040054,-2.1185e-21,-2.1293,1.9282,0
-0.00096198,0,0,0,-1.8579,1.6728,0
0.0001055,0.051134,0.0001879,-7.1285e-22,-9.7256,9.7256,0
9.8409e-05,0.05149,0.00029523,-8.6117e-22,-9.4512,9.4512,0
9.2757e-05,0.051706,0.00044901,-5.5892e-22,-9.1768,9.1768,0
8.615e-05,0.051903,0.00062097,-7.594e-22,-8.9024,8.9024,0
8.0008e-05,0.052072,0.00081235,-6.7704e-23,-8.628,8.628,0
7.3879e-05,0.052218,0.0010285,4.616e-22,-8.3536,8.3536,0
6.8209e-05,0.05235,0.0012686,6.6071e-22,-8.0791,8.0791,0
6.2619e-05,0.052451,0.0015492,5.474e-23,-7.8047,7.8047,0
5.7396e-05,0.052545,0.0018457,3.3683e-22,-7.5303,7.5303,0
5.2432e-05,0.052613,0.0021749,6.1877e-22,-7.2559,7.2559,0
4.7547e-05,0.052692,0.0025328,6.6407e-22,-6.9815,6.9815,0
4.3127e-05,0.052747,0.0029316,3.1031e-24,-6.7071,6.7071,0
3.8606e-05,0.052808,0.0033667,-1.3933e-22,-6.4327,6.4327,0
3.4686e-05,0.052854,0.0038529,2.2779e-22,-6.1583,6.1583,0
3.0142e-05,0.052902,0.0043895,1.8691e-23,-5.8839,5.8839,0
2.6636e-05,0.052907,0.0049849,1.6178e-22,-5.6095,5.6095,0
2.1384e-05,0.052922,0.0056649,6.0573e-24,-5.3351,5.3351,0
1.784e-05,0.052894,0.0064193,8.1104e-23,-5.0607,5.0607,0
1.052e-05,0.052887,0.007308,-4.0563e-23,-4.7863,4.7863,0
6.504e-06,0.052845,0.0083007,-1.5284e-22,-4.5118,4.5118,0
-5.7094e-06,0.052835,0.0095148,-3.2553e-22,-4.2374,4.2374,0
-1.1471e-05,0.052746,0.010882,-2.4995e-22,-3.963,3.963,0
-3.6099e-05,0.052679,0.012643,5.935e-23,-3.6886,3.6886,0
-4.8507e-05,0.052582,0.014652,1.5623e-22,-3.4142,3.4142,0
-0.00010283,0.05251,0.017406,1.9853e-22,-3.1398,3.1398,0
-0.00013776,0.052397,0.020584,-2.6295e-22,-2.8654,2.8654,0
-0.0002693,0.052364,0.025316,3.3291e-21,-2.591,2.591,0
-0.00039256,0.052259,0.030828,3.6843e-21,-2.3166,2.3166,0
-0.00075754,0.05224,0.039858,0,-2.0422,2.0422,0
-0.0012061,0,0,0,-1.7678,1.7678,0
-0.00096253,0.056195,0.040017,-3.1663e-21,-1.9282,2.1293,0
-0.0014438,0,0,0,-1.6728,1.8579,0
-0.0011691,0.06,0.039826,-3.5267e-22,-1.8097,2.2114,0
-0.0016867,0,0,0,-1.5733,1.9429,0
-0.001388,0.063796,0.039291,7.424e-21,-1.6871,2.2885,0
-0.0019537,0,0,0,-1.4695,2.0225,0
-0.0016067,0.067523,0.03831,-2.2129e-21,-1.5607,2.3601,0
-0.0022175,0,0,0,-1.3616,2.0967,0
-0.0018211,0.071132,0.036963,-2.7577e-21,-1.4306,2.4262,0
-0.0024754,0,0,0,-1.25,2.1651,0
-0.0020251,0.074592,0.035082,4.2846e-21,-1.2971,2.4866,0
-0.0027147,0,0,0,-1.135,2.2275,0
-0.0022102,0.07789,0.03283,-2.4634e-21,-1.1607,2.5411,0
-0.0029206,0,0,0,-1.0168,2.2839,0
-0.0023727,0.080878,0.030024,-3.089e-21,-1.0216,2.5895,0
-0.0030935,0,0,0,-0.89592,2.334,0
-0.0025124,0.083598,0.026919,-3.2744e-21,-0.88012,2.6317,0
-0.0032381,0,0,0,-0.77254,2.3776,0
-0.0026272,0.085781,0.023445,5.1731e-22,-0.73659,2.6677,0
-0.0033535,0,0,0,-0.64705,2.4148,0
-0.0027128,0.087628,0.019693,4.0234e-21,-0.59134,2.6972,0
-0.0034331,0,0,0,-0.51978,2.4454,0
-0.0027655,0.088808,0.01575,-1.5225e-22,-0.44472,2.7202,0
-0.0034763,0,0,0,-0.39109,2.4692,0
-0.0027838,0.08955,0.01164,-5.8228e-22,-0.29705,2.7368,0
-0.0034794,0,0,0,-0.26132,2.4863,0
-0.0027639,0.089568,0.0075807,1.3951e-22,-0.1487,2.7467,0
-0.0034416,0,0,0,-0.13084,2.4966,0
-0.0027061,0.089052,0.0035015,7.3954e-23,-2.1464e-16,2.75,0
-0.0033612,0,0,0,-2.2204e-16,2.5,0
-0.0026084,0.087832,-0.0003279,-5.9288e-23,0.1487,2.7467,0
-0.0032383,0,0,0,0.13084,2.4966,0
-0.002473,0.086036,-0.0039538,-1.1951e-21,0.29705,2.7368,0
-0.0030744,0,0,0,0.26132,2.4863,0
-0.0023034,0.08364,-0.0071017,1.2578e-22,0.44472,2.7202,0
-0.0028705,0,0,0,0.39109,2.4692,0
-0.0021025,0.080711,-0.0097734,3.749e-21,0.59134,2.6972,0
-0.0026289,0,0,0,0.51978,2.4454,0
-0.0018769,0.077296,-0.011779,-1.076e-22,0.73659,2.6677,0
-0.0023533,0,0,0,0.64705,2.4148,0
-0.0016341,0.073488,-0.013087,-2.2244e-21,0.88012,2.6317,0
-0.0020508,0,0,0,0.77254,2.3776,0
-0.0013852,0.069349,-0.013576,-1.3441e-21,1.0216,2.5895,0
-0.001731,0,0,0,0.89592,2.334,0
-0.0011429,0.065046,-0.013225,-1.4898e-21,1.1607,2.5411,0
-0.0014079,0,0,0,1.0168,2.2839,0
-0.00092303,0.060568,-0.01199,2.9535e-21,1.2971,2.4866,0
-0.001102,0,0,0,1.135,2.2275,0
-0.00074183,0.056141,-0.0099986,-1.9325e-21,1.4306,2.4262,0
-0.00083467,0,0,0,1.25,2.1651,0
-0.00061804,0.051564,-0.0073056,3.8284e-22,1.5607,2.3601,0
-0.00063841,0,0,0,1.3616,2.0967,0
-0.00056251,0.047019,-0.0043927,8.6579e-21,1.6871,2.2885,0
-0.00053174,0,0,0,1.4695,2.0225,0
-0.00058722,0.041555,-0.001612,-5.5931e-21,1.8097,2.2114,0
-0.0005444,0,0,0,1.5733,1.9429,0
-0.000645,0.03364,-0.0018173,-9.1161e-21,1.9282,2.1293,0
-0.00062435,0,0,0,1.6728,1.8579,0
-0.00065085,0.024924,-0.0030948,0,2.0422,2.0422,0
-0.00065826,0,0,0,1.7678,1.7678,0
-0.00055472,0.05521,0.031209,2.4376e-21,-2.1835,2.4007,0
-0.00072243,0.058148,0.031303,-4.492e-22,-2.0462,2.48,0
-0.00089234,0.061229,0.031128,-3.2245e-21,-1.9048,2.5544,0
-0.0010662,0.064322,0.030546,-2.5059e-21,-1.7597,2.6236,0
-0.0012389,0.06748,0.029683,2.7987e-21,-1.6111,2.6874,0
-0.0014094,0.070561,0.028342,3.0548e-21,-1.4593,2.7457,0
-0.0015736,0.07358,0.026694,-2.4266e-21,-1.3046,2.7983,0
-0.0017258,0.076359,0.024599,-2.1807e-21,-1.1473,2.845,0
-0.0018613,0.078911,0.022197,-1.019e-21,-0.98771,2.8858,0
-0.001976,0.081087,0.019452,4.16e-22,-0.82613,2.9205,0
-0.0020674,0.082922,0.016421,4.0289e-21,-0.66291,2.949,0
-0.00213,0.084258,0.0132,1.0817e-21,-0.49835,2.9713,0
-0.0021635,0.085143,0.0097947,-2.1154e-21,-0.33279,2.9872,0
-0.0021633,0.085473,0.0064228,-1.1241e-21,-0.16656,2.9968,0
-0.0021313,0.085308,0.0030342,1.2062e-23,-2.0724e-16,3,0
-0.0020661,0.084607,-0.00013387,-1.081e-21,0.16656,2.9968,0
-0.0019706,0.08343,-0.0031612,-1.8502e-21,0.33279,2.9872,0
-0.0018486,0.081827,-0.0057537,1.1276e-21,0.49835,2.9713,0
-0.0017047,0.07988,-0.007952,3.6951e-21,0.66291,2.949,0
-0.0015469,0.077722,-0.0096108,-3.3237e-22,0.82613,2.9205,0
-0.0013818,0.075425,-0.010743,-2.5846e-21,0.98771,2.8858,0
-0.0012195,0.073155,-0.011348,-2.1602e-21,1.1473,2.845,0
-0.0010679,0.071001,-0.0114,-1.4651e-21,1.3046,2.7983,0
-0.00093632,0.069067,-0.011061,2.5259e-21,1.4593,2.7457,0
-0.00083211,0.067411,-0.010325,2.2361e-21,1.6111,2.6874,0
-0.00075989,0.065995,-0.0094494,-1.901e-21,1.7597,2.6236,0
-0.00072178,0.06471,-0.0084966,-2.7437e-21,1.9048,2.5544,0
-0.0007191,0.063274,-0.0076949,-1.1828e-21,2.0462,2.48,0
-0.00072049,0.061303,-0.0069372,2.0799e-21,2.1835,2.4007,0
-0.00070204,0.057012,-0.006174,5.8527e-22,2.3166,2.3166,0
-0.00040598,0.054627,0.02589,-2.7601e-22,-2.4389,2.6721,0
-0.00054939,0.056988,0.026212,-9.1052e-22,-2.2826,2.7486,0
-0.00069566,0.059472,0.026309,-2.0492e-21,-2.1225,2.8203,0
-0.00084833,0.062011,0.026112,-2.915e-21,-1.9588,2.887,0
-0.0010009,0.064625,0.025659,2.0882e-21,-1.7917,2.9486,0
-0.0011528,0.067202,0.024842,1.1113e-21,-1.6215,3.0048,0
-0.0012993,0.069748,0.023718,-5.4478e-22,-1.4485,3.0555,0
-0.0014366,0.072147,0.022214,-1.0386e-22,-1.273,3.1006,0
-0.0015616,0.074382,0.020378,-1.5635e-21,-1.0953,3.1399,0
-0.001669,0.076351,0.018238,-5.083e-22,-0.91568,3.1733,0
-0.0017567,0.078014,0.015792,2.6098e-21,-0.73447,3.2008,0
-0.0018196,0.079306,0.013167,8.4377e-22,-0.55198,3.2223,0
-0.001857,0.080173,0.010343,-1.527e-21,-0.36852,3.2377,0
-0.0018656,0.080607,0.0075082,-1.3461e-21,-0.18442,3.2469,0
-0.0018463,0.080584,0.0046544,-1.8696e-22,-1.9984e-16,3.25,0
-0.0017999,0.080134,0.0019734,-1.0771e-21,0.18442,3.2469,0
-0.0017286,0.079282,-0.00054769,-6.4204e-22,0.36852,3.2377,0
-0.0016358,0.078077,-0.0027217,1.3629e-21,0.55198,3.2223,0
-0.0015264,0.076622,-0.0045878,2.8688e-21,0.73447,3.2008,0
-0.0014078,0.075004,-0.0060147,-4.1862e-23,0.91568,3.1733,0
-0.0012848,0.073331,-0.0070643,-1.8823e-21,1.0953,3.1399,0
-0.001166,0.071701,-0.0077214,4.3782e-22,1.273,3.1006,0
-0.0010552,0.070205,-0.0080247,5.1251e-22,1.4485,3.0555,0
-0.00095963,0.068912,-0.0080831,6.7862e-22,1.6215,3.0048,0
-0.00088065,0.067858,-0.0079096,1.407e-21,1.7917,2.9486,0
-0.00082198,0.067052,-0.0076672,-3.0199e-21,1.9588,2.887,0
-0.00078159,0.066414,-0.0073876,-1.861e-21,2.1225,2.8203,0
-0.00076381,0.065916,-0.0071058,-6.3051e-22,2.2826,2.7486,0
-0.0007508,0.065553,-0.0067062,5.808e-22,2.4389,2.6721,0
-0.00074957,0.064809,-0.0065349,5.9693e-22,2.591,2.591,0
-0.00024203,0.054225,0.021149,-1.7845e-22,-2.6942,2.9435,0
-0.00035903,0.056212,0.021537,0,-2.5191,3.0171,0
-0.00047873,0.058291,0.02172,-1.0266e-21,-2.3402,3.0862,0
-0.00060555,0.060479,0.021662,1.8681e-21,-2.1578,3.1505,0
-0.00073398,0.062726,0.021373,1.0513e-21,-1.9722,3.2097,0
-0.00086396,0.065,0.020779,-1.7917e-21,-1.7836,3.2638,0
-0.00099185,0.067252,0.019909,2.4286e-23,-1.5924,3.3127,0
-0.0011142,0.069431,0.018721,1.345e-21,-1.3987,3.3561,0
-0.0012282,0.071466,0.017224,-1.8997e-21,-1.2029,3.394,0
-0.0013287,0.07331,0.015457,-4.6198e-22,-1.0052,3.4262,0
-0.0014137,0.074883,0.013407,1.0886e-21,-0.80603,3.4527,0
-0.0014781,0.076148,0.011187,-1.7177e-21,-0.60561,3.4733,0
-0.001521,0.077044,0.0087833,-1.7861e-22,-0.40426,3.4881,0
-0.0015391,0.077555,0.0063559,-3.3547e-23,-0.20228,3.497,0
-0.0015333,0.077667,0.0039128,-7.832e-23,-1.9244e-16,3.5,0
-0.0015034,0.077393,0.0016122,-4.4982e-23,0.20228,3.497,0
-0.0014524,0.076781,-0.00054469,1.8024e-22,0.40426,3.4881,0
-0.001384,0.075866,-0.0024053,-1.3505e-21,0.60561,3.4733,0
-0.0013029,0.074761,-0.0039983,1.7343e-21,0.80603,3.4527,0
-0.0012155,0.073517,-0.0052137,9.3401e-22,1.0052,3.4262,0
-0.0011265,0.072259,-0.0061301,-8.8915e-22,1.2029,3.394,0
-0.0010429,0.071042,-0.0067149,1.6102e-21,1.3987,3.3561,0
-0.00096759,0.069951,-0.007048,-4.3946e-23,1.5924,3.3127,0
-0.00090592,0.069035,-0.0071871,-1.487e-21,1.7836,3.2638,0
-0.00085744,0.068305,-0.0071797,1.8497e-21,1.9722,3.2097,0
-0.00082469,0.067784,-0.0071287,1.1508e-21,2.1578,3.1505,0
-0.00080413,0.067401,-0.0070686,-2.2343e-21,2.3402,3.0862,0
-0.00079584,0.067169,-0.0070415,0,2.5191,3.0171,0
-0.0007918,0.067054,-0.0070496,3.6043e-22,2.6942,2.9435,0
-0.00079666,0.066982,-0.0072351,2.4109e-23,2.8654,2.8654,0
-0.00019315,0.053985,0.018043,-5.5002e-23,-2.9496,3.2149,0
-0.00029312,0.055609,0.018524,-3.6657e-22,-2.7555,3.2857,0
-0.00039673,0.057338,0.01884,-5.278e-22,-2.5579,3.3521,0
-0.00050733,0.059185,0.018964,-1.1679e-21,-2.3569,3.4139,0
-0.00062127,0.061102,0.018883,6.8492e-22,-2.1528,3.4709,0
-0.00073778,0.063079,0.018553,1.0208e-21,-1.9458,3.5229,0
-0.00085365,0.06505,0.017962,1.2802e-22,-1.7363,3.5699,0
-0.00096588,0.066998,0.017093,1.4758e-21,-1.5244,3.6116,0
-0.0010716,0.068827,0.01593,-1.3944e-21,-1.3105,3.648,0
-0.0011662,0.070526,0.014507,1.835e-22,-1.0948,3.679,0
-0.0012476,0.071986,0.012821,1.4914e-21,-0.87759,3.7045,0
-0.0013111,0.073199,0.010948,-9.2235e-22,-0.65924,3.7244,0
-0.0013557,0.074086,0.0089119,-4.0254e-24,-0.43999,3.7386,0
-0.0013786,0.074641,0.0068135,-6.2563e-22,-0.22014,3.7471,0
-0.0013806,0.07485,0.0047047,9.5789e-23,-1.8504e-16,3.75,0
-0.0013617,0.074722,0.0026875,-5.3242e-22,0.22014,3.7471,0
-0.0013252,0.074311,0.00080579,-6.2689e-24,0.43999,3.7386,0
-0.0012737,0.073637,-0.0008505,-9.2858e-22,0.65924,3.7244,0
-0.0012121,0.072815,-0.0022865,1.4987e-21,0.87759,3.7045,0
-0.0011452,0.071871,-0.0034268,1.2971e-22,1.0948,3.679,0
-0.0010771,0.070927,-0.0043528,-1.7004e-21,1.3105,3.648,0
-0.0010129,0.070007,-0.0050163,9.5329e-22,1.5244,3.6116,0
-0.00095455,0.069186,-0.0055306,-4.8312e-23,1.7363,3.5699,0
-0.00090574,0.068489,-0.0058934,1.5182e-21,1.9458,3.5229,0
-0.00086574,0.067923,-0.0061812,5.0126e-22,2.1528,3.4709,0
-0.00083677,0.067513,-0.0064353,-1.771e-21,2.3569,3.4139,0
-0.00081545,0.0672,-0.0067007,-3.3833e-22,2.5579,3.3521,0
-0.00080358,0.067034,-0.0069863,-3.26e-21,2.7555,3.2857,0
-0.00079745,0.066911,-0.0073413,-9.7626e-22,2.9496,3.2149,0
-0.00079933,0.066916,-0.0078069,1.3371e-22,3.1398,3.1398,0
-0.00011938,0.053819,0.015213,3.7592e-23,-3.2049,3.4863,0
-0.00020303,0.05522,0.015672,-4.3591e-22,-2.992,3.5543,0
-0.00029071,0.056719,0.015982,-2.9162e-22,-2.7756,3.618,0
-0.00038549,0.058343,0.016142,-9.4202e-22,-2.5559,3.6773,0
-0.00048401,0.060033,0.01612,1.8005e-21,-2.3333,3.7321,0
-0.00058593,0.061798,0.015891,1.3917e-21,-2.108,3.782,0
-0.00068849,0.063565,0.015426,-1.3144e-21,-1.8801,3.8271,0
-0.00078919,0.065337,0.014723,-1.0333e-23,-1.6501,3.8672,0
-0.00088533,0.06701,0.013753,0,-1.418,3.9021,0
-0.00097308,0.068588,0.012547,-8.7563e-22,-1.1843,3.9319,0
-0.00105,0.069957,0.011103,-2.7316e-22,-0.94916,3.9563,0
-0.0011121,0.071119,0.0094764,2.0067e-21,-0.71287,3.9754,0
-0.001158,0.071993,0.0077021,8.2345e-22,-0.47572,3.989,0
-0.0011851,0.072572,0.0058551,-5.3668e-22,-0.23801,3.9973,0
-0.001194,0.072845,0.0039961,1.4353e-22,-1.7764e-16,4,0
-0.0011844,0.072814,0.0022041,-5.8579e-22,0.23801,3.9973,0
-0.0011595,0.072529,0.00053248,4.8256e-22,0.47572,3.989,0
-0.0011214,0.072016,-0.00095487,2.0223e-21,0.71287,3.9754,0
-0.0010749,0.071364,-0.0022454,-6.6675e-22,0.94916,3.9563,0
-0.0010235,0.070613,-0.0032915,-1.6165e-21,1.1843,3.9319,0
-0.00097185,0.069852,-0.0041527,-2.8601e-22,1.418,3.9021,0
-0.00092319,0.069115,-0.0047946,-2.8203e-22,1.6501,3.8672,0
-0.00087983,0.068455,-0.0053255,-1.9556e-21,1.8801,3.8271,0
-0.00084409,0.067892,-0.0057227,1.4579e-21,2.108,3.782,0
-0.00081552,0.067429,-0.0060921,2.0674e-21,2.3333,3.7321,0
-0.00079566,0.067083,-0.0064263,-1.4072e-21,2.5559,3.6773,0
-0.00078144,0.066799,-0.0068123,-1.4128e-23,2.7756,3.618,0
-0.00077489,0.066628,-0.0072192,-3.4062e-21,2.992,3.5543,0
-0.00077206,0.066455,-0.0077371,-7.0946e-22,3.2049,3.4863,0
-0.00077704,0.066358,-0.0083217,2.6074e-22,3.4142,3.4142,0
-9.9971e-05,0.05372,0.013237,3.6188e-23,-3.4603,3.7577,0
-0.00017236,0.054913,0.013728,1.6424e-23,-3.2284,3.8229,0
-0.00024922,0.056196,0.0141,-9.3258e-22,-2.9933,3.8839,0
-0.00033309,0.057606,0.014351,-1.085e-21,-2.755,3.9408,0
-0.00042127,0.059087,0.014439,2.166e-21,-2.5139,3.9932,0
-0.00051346,0.060657,0.014351,1.1274e-21,-2.2701,4.0411,0
-0.0006071,0.062242,0.014044,-1.0505e-21,-2.024,4.0843,0
-0.00070007,0.063854,0.013523,1.0664e-22,-1.7758,4.1227,0
-0.00078965,0.065384,0.012753,0,-1.5256,4.1562,0
-0.0008725,0.066855,0.011756,-9.4772e-22,-1.2738,4.1847,0
-0.00094605,0.068138,0.010544,-9.3878e-22,-1.0207,4.2081,0
-0.0010067,0.069253,0.0091355,1.3438e-21,-0.7665,4.2264,0
-0.0010531,0.070109,0.0076023,1.2777e-21,-0.51146,4.2395,0
-0.0010827,0.070709,0.0059707,0,-0.25587,4.2474,0
-0.0010961,0.071031,0.0043299,-4.2876e-23,-1.7023e-16,4.25,0
-0.0010929,0.071089,0.0027254,-4.2761e-23,0.25587,4.2474,0
-0.0010763,0.070911,0.0012235,1.0726e-21,0.51146,4.2395,0
-0.0010478,0.070541,-0.00013794,1.4317e-21,0.7665,4.2264,0
-0.001012,0.070034,-0.0013342,-1.2196e-21,1.0207,4.2081,0
-0.00097135,0.069445,-0.0023463,-1.5287e-21,1.2738,4.1847,0
-0.00093018,0.068829,-0.0032101,0,1.5256,4.1562,0
-0.00089052,0.068228,-0.0039146,-7.2806e-23,1.7758,4.1227,0
-0.00085474,0.067673,-0.0045397,-2.4524e-21,2.024,4.0843,0
-0.00082387,0.067179,-0.0050714,1.1199e-21,2.2701,4.0411,0
-0.00079808,0.066751,-0.0055982,4.1826e-21,2.5139,3.9932,0
-0.00077783,0.06639,-0.0060958,-1.213e-21,2.755,3.9408,0
-0.00076145,0.066057,-0.0066603,-1.6548e-21,2.9933,3.8839,0
-0.00074985,0.065788,-0.0072255,-3.7819e-23,3.2284,3.8229,0
-0.0007404,0.065491,-0.0079018,-2.859e-22,3.4603,3.7577,0
-0.00073236,0.065195,-0.0086612,-2.6023e-23,3.6886,3.6886,0
-6.3482e-05,0.053649,0.011393,6.9865e-23,-3.7156,4.0291,0
-0.00012597,0.054706,0.011849,1.0355e-21,-3.4649,4.0914,0
-0.00019273,0.055841,0.012191,4.2389e-23,-3.2109,4.1499,0
-0.00026648,0.057107,0.01244,-1.2205e-21,-2.9541,4.2042,0
-0.00034446,0.058437,0.012545,-7.648e-22,-2.6944,4.2544,0
-0.00042681,0.059859,0.012503,2.3064e-21,-2.4323,4.3002,0
-0.00051109,0.061303,0.012267,6.7874e-22,-2.1679,4.3415,0
-0.00059568,0.062776,0.011843,-1.8202e-21,-1.9015,4.3782,0
-0.00067796,0.064194,0.011196,7.5738e-22,-1.6332,4.4103,0
-0.00075513,0.06556,0.010338,-8.2723e-22,-1.3634,4.4375,0
-0.00082452,0.066769,0.0092848,-1.86e-21,-1.0923,4.4599,0
-0.0008831,0.067836,0.0080417,1.3755e-21,-0.82013,4.4774,0
-0.00092915,0.068662,0.0066824,8.9736e-22,-0.54719,4.49,0
-0.00096045,0.069274,0.0052203,-5.4216e-22,-0.27373,4.4975,0
-0.00097737,0.06962,0.0037426,-3.3793e-23,-1.6283e-16,4.5,0
-0.00097943,0.069737,0.0022863,-6.1283e-22,0.27373,4.4975,0
-0.00096938,0.069633,0.00091646,1.2387e-21,0.54719,4.49,0
-0.00094847,0.069354,-0.00033975,1.5246e-21,0.82013,4.4774,0
-0.00092095,0.068945,-0.0014482,-2.4389e-21,1.0923,4.4599,0
-0.0008887,0.068456,-0.0024074,-1.3845e-21,1.3634,4.4375,0
-0.00085575,0.067932,-0.0032313,1.2932e-21,1.6332,4.4103,0
-0.00082333,0.06741,-0.0039269,-9.1148e-22,1.9015,4.3782,0
-0.00079399,0.066914,-0.0045494,2.0117e-21,2.1679,4.3415,0
-0.00076776,0.06645,-0.0050997,3.2574e-21,2.4323,4.3002,0
-0.00074547,0.066029,-0.0056441,-2.6333e-21,2.6944,4.2544,0
-0.00072641,0.065635,-0.0061685,-3.4048e-21,2.9541,4.2042,0
-0.00071001,0.065246,-0.0067577,-8.7192e-22,3.2109,4.1499,0
-0.00069578,0.06487,-0.0073342,3.9341e-21,3.4649,4.0914,0
-0.00068181,0.06444,-0.0080287,-6.6885e-22,3.7156,4.0291,0
-0.00066924,0.063977,-0.0087029,-3.3136e-21,3.963,3.963,0
-5.373e-05,0.053618,0.010036,-1.1045e-22,-3.971,4.3005,0
-0.00010887,0.054551,0.0105,8.2388e-22,-3.7013,4.36,0
-0.00016833,0.05555,0.010868,4.8864e-23,-3.4286,4.4158,0
-0.00023476,0.05668,0.011162,-3.728e-22,-3.1531,4.4677,0
-0.00030532,0.057873,0.011327,-1.6667e-21,-2.875,4.5155,0
-0.00038056,0.05916,0.011361,9.0054e-22,-2.5945,4.5593,0
-0.00045815,0.060479,0.011219,1.6943e-21,-2.3118,4.5987,0
-0.00053673,0.061831,0.0109,-4.703e-22,-2.0271,4.6338,0
-0.00061376,0.063152,0.010378,9.9724e-22,-1.7408,4.6643,0
-0.00068676,0.064426,0.009655,-1.6168e-21,-1.4529,4.6904,0
-0.00075311,0.065574,0.0087491,-1.2182e-21,-1.1638,4.7118,0
-0.00081001,0.066595,0.0076594,1.7224e-21,-0.87376,4.7285,0
-0.00085572,0.067398,0.006459,-1.6034e-22,-0.58292,4.7404,0
-0.00088814,0.068017,0.0051476,-1.0428e-21,-0.29159,4.7476,0
-0.00090752,0.068385,0.0038235,-6.1629e-23,-1.5543e-16,4.75,0
-0.00091331,0.06855,0.0024947,-1.1182e-21,0.29159,4.7476,0
-0.00090803,0.068511,0.0012453,3.5104e-22,0.58292,4.7404,0
-0.0008926,0.068305,7.8239e-05,2.1704e-21,0.87376,4.7285,0
-0.00087094,0.06798,-0.00096437,-1.4058e-21,1.1638,4.7118,0
-0.00084438,0.067572,-0.0018909,-2.1457e-21,1.4529,4.6904,0
-0.00081666,0.067119,-0.0027054,7.9312e-22,1.7408,4.6643,0
-0.00078837,0.066651,-0.003428,-1.0832e-21,2.0271,4.6338,0
-0.00076203,0.066193,-0.0040874,3.8028e-21,2.3118,4.5987,0
-0.00073703,0.065735,-0.0046997,2.243e-21,2.5945,4.5593,0
-0.00071457,0.065297,-0.0053037,-3.699e-21,2.875,4.5155,0
-0.0006932,0.064852,-0.005896,-1.9647e-21,3.1531,4.4677,0
-0.00067326,0.064388,-0.0065258,5.3256e-23,3.4286,4.4158,0
-0.000653,0.063899,-0.0071422,5.0079e-21,3.7013,4.36,0
-0.00063241,0.063345,-0.0078212,9.7931e-22,3.971,4.3005,0
-0.00060797,0.062708,-0.0084982,-2.5648e-21,4.2374,4.2374,0
-3.4041e-05,0.053547,0.0087465,-9.1352e-25,-4.2263,4.5719,0
-8.3042e-05,0.054392,0.0091713,1.1834e-22,-3.9378,4.6286,0
-0.00013581,0.055292,0.0095102,3.3264e-23,-3.6463,4.6817,0
-0.0001955,0.056322,0.0097894,-7.2106e-22,-3.3522,4.7311,0
-0.00025919,0.05741,0.0099575,-1.1312e-21,-3.0556,4.7767,0
-0.00032759,0.058591,0.010014,1.3592e-21,-2.7567,4.8183,0
-0.00039848,0.059808,0.0099177,1.0897e-21,-2.4557,4.8559,0
-0.00047097,0.061062,0.0096616,3.4213e-22,-2.1528,4.8893,0
-0.00054252,0.062301,0.009222,2.3693e-23,-1.8484,4.9184,0
-0.00061104,0.063493,0.0085977,-1.8335e-21,-1.5425,4.9432,0
-0.00067394,0.064591,0.0078001,2.5855e-22,-1.2354,4.9636,0
-0.00072872,0.065561,0.0068326,1.3009e-21,-0.92739,4.9795,0
-0.00077352,0.06635,0.0057526,-2.0759e-22,-0.61866,4.9909,0
-0.00080651,0.066962,0.0045642,-5.2722e-22,-0.30945,4.9977,0
-0.00082759,0.067346,0.0033581,-5.2946e-23,-1.4803e-16,5,0
-0.00083632,0.067546,0.0021318,-5.0301e-22,0.30945,4.9977,0
-0.00083477,0.067547,0.00097888,-7.504e-22,0.61866,4.9909,0
-0.00082375,0.0674,-0.000114,1.4569e-21,0.92739,4.9795,0
-0.00080671,0.067128,-0.0010963,7.6521e-22,1.2354,4.9636,0
-0.00078471,0.066775,-0.0019803,-1.4348e-21,1.5425,4.9432,0
-0.0007611,0.066371,-0.0027625,2.7908e-23,1.8484,4.9184,0
-0.00073618,0.065931,-0.0034716,-1.6953e-21,2.1528,4.8893,0
-0.00071223,0.065494,-0.0041128,1.0004e-21,2.4557,4.8559,0
-0.00068843,0.065027,-0.0047159,3.5635e-21,2.7567,4.8183,0
-0.000666,0.064566,-0.005303,-5.5012e-22,3.0556,4.7767,0
-0.00064337,0.064073,-0.0058719,-1.2039e-21,3.3522,4.7311,0
-0.00062104,0.06355,-0.0064579,3.6884e-22,3.6463,4.6817,0
-0.00059741,0.062978,-0.0070197,2.7373e-21,3.9378,4.6286,0
-0.00057269,0.06234,-0.0076105,8.5892e-22,4.2263,4.5719,0
-0.00054661,0.061627,-0.0081503,-1.3706e-21,4.5118,4.5118,0
-2.7405e-05,0.053517,0.0077574,2.2166e-23,-4.4817,4.8433,0
-7.1767e-05,0.054279,0.0081762,2.1637e-22,-4.1742,4.8971,0
-0.00011977,0.055096,0.0085218,3.1812e-22,-3.864,4.9476,0
-0.00017434,0.056033,0.0088203,-6.6743e-22,-3.5512,4.9946,0
-0.00023282,0.057028,0.0090195,-1.2762e-21,-3.2361,5.0379,0
-0.00029611,0.05812,0.0091151,1.7077e-21,-2.9188,5.0774,0
-0.00036192,0.059251,0.0090745,1.1363e-21,-2.5996,5.1131,0
-0.00042966,0.060422,0.0088818,-4.5656e-22,-2.2785,5.1448,0
-0.00049704,0.061584,0.0085254,8.8562e-23,-1.9559,5.1725,0
-0.00056206,0.062706,0.0079893,-1.6946e-21,-1.632,5.196,0
-0.00062228,0.063754,0.0072942,3.9457e-22,-1.307,5.2154,0
-0.00067536,0.064675,0.0064365,1.7036e-21,-0.98102,5.2305,0
-0.00071942,0.06545,0.0054667,-6.3718e-23,-0.65439,5.2413,0
-0.00075271,0.066047,0.0043952,1.9034e-22,-0.32731,5.2478,0
-0.00077502,0.066445,0.0032968,1.7403e-22,-1.4063e-16,5.25,0
-0.00078589,0.066669,0.002172,-2.4637e-23,0.32731,5.2478,0
-0.00078707,0.0667,0.0011093,-8.0553e-22,0.65439,5.2413,0
-0.00077922,0.066601,8.6752e-05,1.6416e-21,0.98102,5.2305,0
-0.0007654,0.066368,-0.00083642,7.1497e-22,1.307,5.2154,0
-0.00074644,0.066057,-0.0016875,-1.3823e-21,1.632,5.196,0
-0.00072533,0.065687,-0.0024436,-1.7713e-22,1.9559,5.1725,0
-0.00070217,0.065267,-0.0031513,-2.6125e-21,2.2785,5.1448,0
-0.00067905,0.064834,-0.0037896,1.0668e-21,2.5996,5.1131,0
-0.00065506,0.064362,-0.004403,3.6834e-21,2.9188,5.0774,0
-0.00063144,0.063871,-0.0049915,-2.4811e-21,3.2361,5.0379,0
-0.00060657,0.063337,-0.005561,-1.5879e-21,3.5512,4.9946,0
-0.00058123,0.062763,-0.0061228,1.916e-21,3.864,4.9476,0
-0.0005537,0.062125,-0.0066522,5.0886e-21,4.1742,4.8971,0
-0.00052468,0.061425,-0.0071756,-7.3581e-22,4.4817,4.8433,0
-0.00049108,0.060619,-0.0076747,-2.3543e-21,4.7863,4.7863,0
-1.5495e-05,0.053481,0.0068115,3.3742e-22,-4.737,5.1147,0
-5.5826e-05,0.054184,0.0071999,1.2554e-22,-4.4106,5.1657,0
-9.9341e-05,0.054936,0.0075171,7.1383e-23,-4.0817,5.2135,0
-0.00014932,0.055806,0.007799,-5.1336e-22,-3.7503,5.258,0
-0.00020294,0.056729,0.0079928,-9.8597e-22,-3.4167,5.299,0
-0.00026147,0.057744,0.0080988,4.1917e-22,-3.081,5.3365,0
-0.00032264,0.058798,0.0080866,1.6909e-21,-2.7434,5.3703,0
-0.00038597,0.059893,0.0079376,1.9314e-22,-2.4042,5.4004,0
-0.00044921,0.060986,0.0076427,-5.2093e-22,-2.0635,5.4266,0
-0.00051075,0.062048,0.0071771,-6.8993e-22,-1.7216,5.4489,0
-0.00056814,0.063048,0.0065648,6.0424e-22,-1.3785,5.4672,0
-0.00061931,0.063931,0.0057961,1.0459e-21,-1.0347,5.4815,0
-0.00066236,0.064687,0.0049154,-8.7965e-22,-0.69013,5.4918,0
-0.00069565,0.06527,0.0039394,-3.1587e-22,-0.34517,5.4979,0
-0.00071874,0.065679,0.0029247,1.4129e-22,-1.3323e-16,5.5,0
-0.00073122,0.065912,0.0018847,-2.8767e-22,0.34517,5.4979,0
-0.00073449,0.065972,0.00089217,-6.8033e-22,0.69013,5.4918,0
-0.00072917,0.065899,-7.0599e-05,1.4652e-21,1.0347,5.4815,0
-0.00071789,0.065697,-0.00094144,1.0795e-21,1.3785,5.4672,0
-0.00070138,0.065415,-0.0017576,-8.8576e-22,1.7216,5.4489,0
-0.00068223,0.065061,-0.0024795,-2.1919e-21,2.0635,5.4266,0
-0.00066051,0.064659,-0.003163,-4.7964e-22,2.4042,5.4004,0
-0.00063798,0.064215,-0.0037739,3.183e-21,2.7434,5.3703,0
-0.00061386,0.063738,-0.004361,1.2717e-21,3.081,5.3365,0
-0.00058922,0.063215,-0.0049069,-2.6722e-21,3.4167,5.299,0
-0.00056262,0.062646,-0.005432,-1.3573e-21,3.7503,5.258,0
-0.00053494,0.06203,-0.005921,-9.4948e-22,4.0817,5.2135,0
-0.00050465,0.061346,-0.0063735,3.8726e-21,4.4106,5.1657,0
-0.00047294,0.060614,-0.0067882,2.1748e-21,4.737,5.1147,0
-0.0004394,0.059789,-0.0071396,-2.1642e-21,5.0607,5.0607,0
-1.0178e-05,0.053461,0.0060516,3.5644e-22,-4.9924,5.3861,0
-4.7468e-05,0.054112,0.0064311,2.7136e-22,-4.6471,5.4343,0
-8.7659e-05,0.05481,0.0067455,7.9869e-23,-4.2994,5.4794,0
-0.00013403,0.055616,0.0070338,-5.3391e-22,-3.9493,5.5215,0
-0.00018383,0.056477,0.0072426,-6.6944e-22,-3.5972,5.5602,0
-0.00023853,0.057424,0.0073697,6.7707e-22,-3.2432,5.5956,0
-0.00029596,0.058413,0.0073914,1.2824e-21,-2.8873,5.6275,0
-0.00035583,0.059447,0.0072811,-6.8052e-22,-2.5299,5.6559,0
-0.00041583,0.060488,0.0070409,-1.6416e-21,-2.1711,5.6807,0
-0.00047454,0.061505,0.0066371,6.1826e-22,-1.8111,5.7017,0
-0.00052966,0.062466,0.006098,5.6009e-22,-1.4501,5.719,0
-0.00057917,0.063324,0.0054101,3.1653e-22,-1.0883,5.7326,0
-0.00062131,0.064059,0.0046153,-3.3582e-22,-0.72586,5.7422,0
-0.00065445,0.06463,0.0037275,-6.5987e-22,-0.36303,5.7481,0
-0.00067809,0.065044,0.0027984,-1.1252e-22,-1.2583e-16,5.75,0
-0.00069177,0.06528,0.0018407,-2.9577e-22,0.36303,5.7481,0
-0.0006966,0.065364,0.00091835,2.9751e-22,0.72586,5.7422,0
-0.00069312,0.065306,2.0319e-05,5.9335e-22,1.0883,5.7326,0
-0.0006836,0.06513,-0.00080125,8.0812e-22,1.4501,5.719,0
-0.00066869,0.064867,-0.0015762,7.9296e-22,1.8111,5.7017,0
-0.00065065,0.064522,-0.0022667,-2.0364e-21,2.1711,5.6807,0
-0.00062954,0.06413,-0.002926,-2.7521e-22,2.5299,5.6559,0
-0.00060692,0.063678,-0.0035134,2.5428e-21,2.8873,5.6275,0
-0.00058216,0.06319,-0.0040804,5.3659e-22,3.2432,5.5956,0
-0.00055633,0.062645,-0.0045931,-3.3572e-21,3.5972,5.5602,0
-0.00052806,0.062053,-0.0050877,-1.7292e-21,3.9493,5.5215,0
-0.00049848,0.061407,-0.0055202,-1.9129e-21,4.2994,5.4794,0
-0.00046623,0.060702,-0.005921,1.069e-21,4.6471,5.4343,0
-0.00043271,0.059951,-0.0062438,7.3504e-22,4.9924,5.3861,0
-0.00039537,0.059105,-0.0065462,-1.2752e-21,5.3351,5.3351,0
-1.8976e-06,0.053424,0.0053221,2.5926e-22,-5.2477,5.6575,0
-3.6625e-05,0.054034,0.0056771,1.6231e-23,-4.8835,5.7029,0
-7.3714e-05,0.054688,0.0059675,4.4347e-22,-4.517,5.7454,0
-0.00011695,0.055445,0.0062394,-4.4754e-22,-4.1484,5.7849,0
-0.00016335,0.056257,0.0064422,-1.8565e-21,-3.7778,5.8214,0
-0.00021458,0.057149,0.0065741,-4.3131e-22,-3.4053,5.8547,0
-0.00026847,0.058085,0.0066129,2.0289e-21,-3.0312,5.8847,0
-0.00032496,0.059066,0.0065321,-8.7748e-23,-2.6556,5.9114,0
-0.00038193,0.06005,0.0063329,-1.6302e-21,-2.2787,5.9347,0
-0.00043804,0.061023,0.0059842,-1.8783e-23,-1.9006,5.9546,0
-0.00049104,0.061936,0.0055081,9.2179e-22,-1.5217,5.9709,0
-0.00053905,0.062765,0.0048911,1.1348e-21,-1.1419,5.9836,0
-0.00058022,0.063476,0.004172,9.4386e-24,-0.76159,5.9927,0
-0.00061309,0.064038,0.0033581,-3.6144e-22,-0.38089,5.9982,0
-0.00063697,0.064453,0.0025013,-2.9848e-23,-1.1842e-16,6,0
-0.00065147,0.064696,0.0016111,-5.4949e-22,0.38089,5.9982,0
-0.00065747,0.064799,0.00074707,-5.5095e-24,0.76159,5.9927,0
-0.00065539,0.064753,-9.7074e-05,1.0826e-21,1.1419,5.9836,0
-0.00064724,0.064602,-0.00087638,4.376e-22,1.5217,5.9709,0
-0.00063357,0.064347,-0.0016109,-2.7642e-22,1.9006,5.9546,0
-0.00061638,0.064016,-0.002269,-1.8574e-21,2.2787,5.9347,0
-0.00059573,0.063625,-0.0028968,9.1422e-22,2.6556,5.9114,0
-0.00057301,0.063168,-0.0034489,4.3774e-21,3.0312,5.8847,0
-0.00054777,0.062666,-0.0039776,7.519e-23,3.4053,5.8547,0
-0.00052081,0.062104,-0.0044419,-4.6059e-21,3.7778,5.8214,0
-0.00049117,0.061492,-0.0048784,-1.3777e-21,4.1484,5.7849,0
-0.0004599,0.060822,-0.005238,4.8839e-22,4.517,5.7454,0
-0.00042607,0.0601,-0.0055552,9.8056e-22,4.8835,5.7029,0
-0.00039158,0.059342,-0.0057829,2.4541e-21,5.2477,5.6575,0
-0.0003553,0.058541,-0.005931,-9.2745e-22,5.6095,5.6095,0
3.0521e-06,0.053381,0.0047142,1.2285e-22,-5.5031,5.9289,0
-2.9772e-05,0.053956,0.0050576,2.0876e-22,-5.12,5.9714,0
-6.4509e-05,0.054572,0.0053406,1.0277e-22,-4.7347,6.0113,0
-0.00010517,0.055286,0.0056108,-5.2123e-22,-4.3475,6.0483,0
-0.00014881,0.056052,0.0058179,-9.1194e-22,-3.9583,6.0825,0
-0.00019717,0.056894,0.005961,1.8359e-22,-3.5675,6.1138,0
-0.00024821,0.057781,0.0060186,1.159e-21,-3.1751,6.1419,0
-0.00030192,0.058713,0.0059674,-3.4916e-24,-2.7813,6.167,0
-0.00035631,0.05965,0.0058056,-6.6858e-22,-2.3863,6.1888,0
-0.00041019,0.060582,0.0055038,-1.9993e-22,-1.9902,6.2074,0
-0.00046136,0.06146,0.0050842,-1.9348e-22,-1.5932,6.2227,0
-0.00050807,0.062266,0.0045274,4.5876e-22,-1.1955,6.2346,0
-0.00054843,0.062961,0.0038773,-2.3937e-22,-0.79733,6.2432,0
-0.00058108,0.063521,0.003133,-2.6988e-22,-0.39875,6.2483,0
-0.00060519,0.063937,0.0023466,1.7049e-25,-1.1102e-16,6.25,0
-0.00062029,0.064189,0.0015241,-5.2439e-22,0.39875,6.2483,0
-0.00062716,0.064305,0.00072381,-5.1382e-22,0.79733,6.2432,0
-0.00062612,0.064269,-6.485e-05,4.9536e-22,1.1955,6.2346,0
-0.00061891,0.064135,-0.00079471,-3.9422e-22,1.5932,6.2227,0
-0.00060602,0.063885,-0.0014832,1.3213e-22,1.9902,6.2074,0
-0.00058926,0.063564,-0.0021072,-2.3202e-22,2.3863,6.1888,0
-0.00056865,0.063169,-0.0026954,6.6333e-22,2.7813,6.167,0
-0.0005456,0.062706,-0.0032108,3.3101e-21,3.1751,6.1419,0
-0.00051964,0.062193,-0.0037021,2.017e-21,3.5675,6.1138,0
-0.00049159,0.061617,-0.0041201,-2.4249e-21,3.9583,6.0825,0
-0.00046105,0.060994,-0.0045071,-1.445e-21,4.3475,6.0483,0
-0.00042895,0.06032,-0.004802,-1.2336e-21,4.7347,6.0113,0
-0.00039452,0.059601,-0.0050655,3.5141e-21,5.12,5.9714,0
-0.00035997,0.058858,-0.0052084,1.9627e-21,5.5031,5.9289,0
-0.00032166,0.058079,-0.0053137,-1.2859e-21,5.8839,5.8839,0
9.7976e-06,0.053319,0.0041337,9.441e-23,-5.7584,6.2003,0
-2.1547e-05,0.053873,0.0044546,2.9952e-23,-5.3564,6.24,0
-5.413e-05,0.054458,0.0047174,1.5954e-22,-4.9524,6.2772,0
-9.2593e-05,0.055138,0.0049726,-1.8946e-22,-4.5465,6.3118,0
-0.00013387,0.05587,0.005173,-1.3835e-22,-4.1389,6.3437,0
-0.00017976,0.056672,0.0053173,7.3155e-22,-3.7297,6.3728,0
-0.00022833,0.057523,0.0053858,8.0976e-22,-3.319,6.3991,0
-0.00027959,0.058413,0.0053555,-6.5555e-22,-2.907,6.4225,0
-0.00033171,0.059317,0.005224,-2.2331e-22,-2.4939,6.4429,0
-0.00038355,0.060215,0.0049638,-6.4382e-25,-2.0797,6.4602,0
-0.00043302,0.061063,0.0045911,4.0449e-26,-1.6648,6.4745,0
-0.00047849,0.061849,0.0040906,4.4613e-22,-1.2492,6.4856,0
-0.00051803,0.062518,0.0034996,-2.6626e-22,-0.83306,6.4936,0
-0.00055033,0.063072,0.0028171,-3.3248e-22,-0.41661,6.4984,0
-0.00057445,0.06348,0.002095,-4.5619e-23,-1.0362e-16,6.5,0
-0.00058998,0.063735,0.0013302,-4.27e-22,0.41661,6.4984,0
-0.00059744,0.063857,0.00058569,-5.3686e-22,0.83306,6.4936,0
-0.00059713,0.063833,-0.00015435,5.3911e-23,1.2492,6.4856,0
-0.0005906,0.063703,-0.00084054,-5.0763e-22,1.6648,6.4745,0
-0.00057823,0.063459,-0.0014888,2.2928e-23,2.0797,6.4602,0
-0.00056175,0.063142,-0.0020774,-5.9888e-22,2.4939,6.4429,0
-0.00054113,0.062737,-0.0026244,-1.5349e-21,2.907,6.4225,0
-0.00051777,0.062272,-0.003103,1.5661e-21,3.319,6.3991,0
-0.00049119,0.061747,-0.0035495,8.8153e-22,3.7297,6.3728,0
-0.00046236,0.061161,-0.0039177,-1.2621e-21,4.1389,6.3437,0
-0.00043109,0.060529,-0.0042453,-1.2395e-21,4.5465,6.3118,0
-0.00039804,0.059854,-0.0044792,-2.2623e-22,4.9524,6.2772,0
-0.00036301,0.059142,-0.0046666,3.3328e-21,5.3564,6.24,0
-0.00032825,0.058407,-0.0047346,2.9473e-21,5.7584,6.2003,0
-0.00029212,0.057697,-0.0047126,-9.4193e-22,6.1583,6.1583,0
1.4885e-05,0.053244,0.0036345,1.2151e-22,-6.0138,6.4717,0
-1.5352e-05,0.053778,0.0039397,5.3705e-23,-5.5929,6.5086,0
-4.6279e-05,0.054336,0.0041927,7.0224e-23,-5.1701,6.5431,0
-8.2904e-05,0.054988,0.0044415,-4.6631e-24,-4.7456,6.5752,0
-0.00012223,0.055688,0.0046417,-2.6999e-22,-4.3194,6.6049,0
-0.00016601,0.056458,0.0047907,2.2647e-22,-3.8918,6.6319,0
-0.00021248,0.057274,0.0048705,1.1068e-21,-3.4629,6.6563,0
-0.00026164,0.058129,0.0048608,8.0244e-22,-3.0327,6.678,0
-0.0003118,0.058998,0.0047551,-4.563e-22,-2.6014,6.697,0
-0.0003619,0.059866,0.0045343,-8.2076e-22,-2.1693,6.7131,0
-0.0004099,0.060686,0.0042052,6.937e-22,-1.7363,6.7263,0
-0.0004543,0.06145,0.0037576,1.0301e-21,-1.3028,6.7367,0
-0.00049313,0.062106,0.0032245,-5.8107e-22,-0.86879,6.7441,0
-0.00052516,0.062651,0.0025983,-3.3258e-22,-0.43448,6.7485,0
-0.0005493,0.063058,0.0019375,-2.7823e-25,-9.6219e-17,6.75,0
-0.0005652,0.063322,0.0012306,-3.8787e-22,0.43448,6.7485,0
-0.00057315,0.063448,0.00054198,-7.4133e-22,0.86879,6.7441,0
-0.00057343,0.063436,-0.00014507,1.1588e-21,1.3028,6.7367,0
-0.00056737,0.063311,-0.00078064,7.3469e-22,1.7363,6.7263,0
-0.00055534,0.06307,-0.0013859,-1.7787e-21,2.1693,6.7131,0
-0.00053892,0.062756,-0.0019297,-2.227e-21,2.6014,6.697,0
-0.0005181,0.062342,-0.0024332,1.6944e-22,3.0327,6.678,0
-0.00049428,0.061879,-0.002872,3.7857e-22,3.4629,6.6563,0
-0.00046714,0.061341,-0.0032712,-5.6768e-22,3.8918,6.6319,0
-0.00043769,0.060755,-0.0035898,-1.4452e-21,4.3194,6.6049,0
-0.00040597,0.060119,-0.0038694,7.2458e-23,4.7456,6.5752,0
-0.00037255,0.059459,-0.0040457,-6.2812e-22,5.1701,6.5431,0
-0.00033788,0.058761,-0.0041792,7.8868e-22,5.5929,6.5086,0
-0.00030443,0.058059,-0.0041857,1.7989e-21,6.0138,6.4717,0
-0.00026739,0.057388,-0.0041442,3.2465e-22,6.4327,6.4327,0
2.1034e-05,0.053179,0.0031606,-8.1109e-23,-6.2691,6.7431,0
-8.3564e-06,0.053695,0.0034447,1.7472e-23,-5.8293,6.7771,0
-3.7808e-05,0.054229,0.0036784,5.321e-23,-5.3878,6.809,0
-7.286e-05,0.054857,0.0039113,2.6783e-23,-4.9446,6.8387,0
-0.00011055,0.055533,0.0041034,-1.1117e-23,-4.5,6.866,0
-0.00015259,0.056277,0.0042507,-5.438e-24,-4.054,6.891,0
-0.00019733,0.057068,0.0043366,6.6938e-22,-3.6067,6.9135,0
-0.00024476,0.057895,0.0043421,7.4052e-22,-3.1584,6.9336,0
-0.0002933,0.058741,0.0042587,-6.2052e-22,-2.709,6.9511,0
-0.00034193,0.05958,0.0040692,-1.2859e-21,-2.2588,6.9659,0
-0.00038869,0.060384,0.0037791,-1.3153e-22,-1.8079,6.9781,0
-0.00043213,0.061126,0.0033765,3.7277e-22,-1.3564,6.9877,0
-0.00047029,0.061771,0.002893,-9.0798e-23,-0.90453,6.9945,0
-0.00050202,0.06231,0.0023202,-5.7918e-23,-0.45234,6.9986,0
-0.00052611,0.062706,0.0017128,4.3171e-23,-8.8818e-17,7,0
-0.00054221,0.062973,0.0010604,1.1233e-22,0.45234,6.9986,0
-0.00055043,0.063098,0.00042439,7.4052e-23,0.90453,6.9945,0
-0.00055104,0.063087,-0.00021442,9.2281e-22,1.3564,6.9877,0
-0.00054522,0.062963,-0.00080354,2.1386e-22,1.8079,6.9781,0
-0.00053332,0.062727,-0.0013677,-2.1224e-21,2.2588,6.9659,0
-0.00051683,0.062405,-0.0018695,-1.2502e-21,2.709,6.9511,0
-0.00049573,0.06199,-0.0023338,1.2433e-21,3.1584,6.9336,0
-0.00047157,0.061523,-0.0027338,1.3724e-21,3.6067,6.9135,0
-0.0004439,0.060977,-0.0030851,7.5417e-24,4.054,6.891,0
-0.00041402,0.060391,-0.0033625,3.4271e-23,4.5,6.866,0
-0.00038189,0.059758,-0.0035881,-1.8406e-22,4.9446,6.8387,0
-0.00034823,0.059105,-0.0037139,-3.3326e-22,5.3878,6.809,0
-0.00031377,0.058434,-0.0037837,-3.9478e-22,5.8293,6.7771,0
-0.0002807,0.057754,-0.0037426,1.9198e-22,6.2691,6.7431,0
-0.00024602,0.057143,-0.0036094,-1.5238e-22,6.7071,6.7071,0
2.6485e-05,0.053102,0.0027456,6.5797e-23,-6.5245,7.0145,0
-2.3857e-06,0.053604,0.0030149,-2.6825e-22,-6.0658,7.0457,0
-3.0673e-05,0.054122,0.0032353,1.9558e-22,-5.6055,7.0749,0
-6.439e-05,0.05473,0.0034568,1.6694e-25,-5.1437,7.1021,0
-0.00010071,0.055386,0.0036437,-1.6072e-22,-4.6806,7.1272,0
-0.00014121,0.056106,0.0037906,2.648e-22,-4.2162,7.1501,0
-0.00018445,0.056874,0.0038833,2.1229e-22,-3.7506,7.1708,0
-0.00023035,0.057677,0.003903,-2.684e-22,-3.2841,7.1891,0
-0.00027748,0.058501,0.003842,-7.1807e-22,-2.8166,7.2051,0
-0.00032483,0.059318,0.0036835,-9.0394e-22,-2.3484,7.2188,0
-0.00037053,0.060103,0.00343,-1.6207e-22,-1.8795,7.23,0
-0.00041319,0.060832,0.0030747,7.2017e-22,-1.4101,7.2387,0
-0.00045082,0.061462,0.0026374,4.6679e-23,-0.94026,7.245,0
-0.00048234,0.061997,0.0021192,-3.2512e-22,-0.4702,7.2487,0
-0.00050639,0.062387,0.0015659,2.8831e-26,-8.1416e-17,7.25,0
-0.00052271,0.062653,0.00096391,-3.0229e-22,0.4702,7.2487,0
-0.00053117,0.062781,0.00038204,-2.9075e-23,0.94026,7.245,0
-0.00053207,0.062774,-0.00020706,9.7473e-22,1.4101,7.2387,0
-0.00052641,0.062649,-0.00075037,-2.7446e-23,1.8795,7.23,0
-0.00051458,0.062418,-0.0012685,-1.3828e-21,2.3484,7.2188,0
-0.00049792,0.062092,-0.0017232,-1.1588e-21,2.8166,7.2051,0
-0.00047652,0.061673,-0.0021492,1.406e-22,3.2841,7.1891,0
-0.00045197,0.061205,-0.0025016,2.028e-21,3.7506,7.1708,0
-0.00042379,0.060654,-0.0028095,1.8795e-21,4.2162,7.1501,0
-0.00039365,0.060076,-0.0030407,-8.7277e-22,4.6806,7.1272,0
-0.00036134,0.059441,-0.0032213,-2.1046e-22,5.1437,7.1021,0
-0.00032788,0.058814,-0.0033024,-3.1925e-22,5.6055,7.0749,0
-0.00029421,0.058167,-0.0033335,2.9122e-21,6.0658,7.0457,0
-0.00026301,0.057535,-0.0032519,2.4779e-21,6.5245,7.0145,0
-0.00022829,0.056963,-0.003114,-1.486e-21,6.9815,6.9815,0
3.2624e-05,0.053028,0.0023501,4.2787e-24,-6.7798,7.286,0
4.1281e-06,0.053518,0.0026002,-3.918e-22,-6.3022,7.3143,0
-2.3145e-05,0.054021,0.0028024,3.2541e-22,-5.8232,7.3408,0
-5.5745e-05,0.054615,0.0030069,2.0322e-23,-5.3428,7.3656,0
-9.0968e-05,0.055254,0.0031828,-7.0529e-22,-4.8611,7.3884,0
-0.00013028,0.055959,0.0033237,5.1791e-22,-4.3783,7.4092,0
-0.00017235,0.056708,0.0034172,3.7694e-22,-3.8945,7.428,0
-0.00021709,0.057496,0.0034456,-4.1327e-22,-3.4098,7.4447,0
-0.00026312,0.058301,0.0034005,6.114e-23,-2.9242,7.4592,0
-0.00030948,0.059104,0.0032674,5.3088e-24,-2.4379,7.4716,0
-0.00035432,0.059875,0.0030445,-7.3083e-24,-1.951,7.4818,0
-0.00039634,0.060591,0.0027297,3.7094e-22,-1.4637,7.4897,0
-0.00043351,0.061219,0.0023359,6.4702e-23,-0.976,7.4954,0
-0.0004648,0.061742,0.0018658,-3.0999e-22,-0.48806,7.4989,0
-0.00048878,0.062135,0.0013636,-6.1195e-23,-7.4015e-17,7.5,0
-0.00050517,0.062399,0.00081175,-3.961e-22,0.48806,7.4989,0
-0.00051374,0.062521,0.00027988,-9.4693e-23,0.976,7.4954,0
-0.00051476,0.06252,-0.00025931,2.8849e-22,1.4637,7.4897,0
-0.00050908,0.062389,-0.00075756,-9.1058e-24,1.951,7.4818,0
-0.00049715,0.062155,-0.0012316,-1.0468e-23,2.4379,7.4716,0
-0.00048018,0.061826,-0.0016431,-1.2365e-22,2.9242,7.4592,0
-0.00045842,0.061405,-0.00203,-1.4104e-21,3.4098,7.4447,0
-0.00043348,0.060927,-0.0023427,1.1562e-21,3.8945,7.428,0
-0.00040485,0.06038,-0.0026095,1.1854e-21,4.3783,7.4092,0
-0.00037452,0.059803,-0.0028014,-2.9281e-21,4.8611,7.3884,0
-0.00034201,0.059175,-0.0029398,1.0171e-21,5.3428,7.3656,0
-0.00030876,0.058562,-0.0029874,3.2259e-22,5.8232,7.3408,0
-0.00027578,0.057939,-0.0029711,2.4051e-21,6.3022,7.3143,0
-0.00024539,0.057334,-0.0028558,2.0812e-21,6.7798,7.286,0
-0.00021276,0.056811,-0.0026634,-1.6709e-21,7.2559,7.2559,0
3.8541e-05,0.052945,0.0019989,-2.6742e-24,-7.0352,7.5574,0
1.0146e-05,0.053425,0.0022346,-1.786e-22,-6.5387,7.5829,0
-1.6265e-05,0.053916,0.0024205,3.5803e-22,-6.0408,7.6068,0
-4.7868e-05,0.054497,0.0026119,6.8028e-23,-5.5418,7.629,0
-8.2126e-05,0.055122,0.0027793,-6.8473e-22,-5.0417,7.6495,0
-0.00012035,0.055812,0.0029177,4.3285e-22,-4.5405,7.6683,0
-0.0001614,0.056546,0.0030141,1.0185e-21,-4.0384,7.6852,0
-0.00020511,0.057319,0.0030531,-3.8216e-22,-3.5354,7.7002,0
-0.00025021,0.058111,0.0030259,-9.2895e-22,-3.0318,7.7133,0
-0.00029576,0.0589,0.0029181,-7.6437e-23,-2.5274,7.7244,0
-0.00033997,0.059664,0.0027281,6.2193e-23,-2.0226,7.7336,0
-0.00038153,0.060367,0.0024516,-1.3859e-22,-1.5173,7.7408,0
-0.00041843,0.060996,0.0021022,2.3465e-22,-1.0117,7.7459,0
-0.00044964,0.061512,0.0016811,1.8636e-23,-0.50592,7.749,0
-0.00047363,0.061906,0.0012261,-2.8907e-23,-6.6613e-17,7.75,0
-0.00049019,0.062175,0.0007279,-5.29e-23,0.50592,7.749,0
-0.00049885,0.062291,0.00024376,3.9281e-22,1.0117,7.7459,0
-0.00049996,0.062296,-0.00024742,1.5548e-22,1.5173,7.7408,0
-0.00049421,0.062164,-0.00069708,3.7522e-22,2.0226,7.7336,0
-0.00048215,0.061925,-0.0011284,2.1691e-22,2.5274,7.7244,0
-0.00046479,0.061593,-0.0014953,-1.8183e-21,3.0318,7.7133,0
-0.00044266,0.061169,-0.0018417,-1.3048e-21,3.5354,7.7002,0
-0.00041727,0.060684,-0.0021098,1.9525e-21,4.0384,7.6852,0
-0.00038823,0.060134,-0.0023407,1.0609e-21,4.5405,7.6683,0
-0.00035783,0.059565,-0.0024885,-2.5141e-21,5.0417,7.6495,0
-0.00032522,0.058943,-0.0025946,-7.2584e-23,5.5418,7.629,0
-0.00029273,0.058354,-0.0026073,7.6347e-23,6.0408,7.6068,0
-0.00026066,0.057754,-0.0025631,1.836e-21,6.5387,7.5829,0
-0.00023215,0.057195,-0.0024303,1.8355e-21,7.0352,7.5574,0
-0.00020003,0.056717,-0.0022398,-7.5621e-22,7.5303,7.5303,0
4.5012e-05,0.052859,0.0016648,7.323e-23,-7.2905,7.8288,0
1.6576e-05,0.053329,0.0018838,4.1304e-24,-6.7751,7.8514,0
-9.1373e-06,0.053812,0.0020495,8.9956e-23,-6.2585,7.8727,0
-3.9966e-05,0.054383,0.0022207,-4.7008e-23,-5.7409,7.8924,0
-7.3534e-05,0.055001,0.0023736,-6.9512e-23,-5.2222,7.9107,0
-0.00011098,0.055681,0.0025004,4.6694e-22,-4.7027,7.9273,0
-0.00015131,0.056407,0.0025932,5.7312e-22,-4.1823,7.9424,0
-0.0001943,0.057171,0.0026345,-4.7128e-22,-3.6611,7.9557,0
-0.00023873,0.057955,0.0026188,-5.3819e-22,-3.1393,7.9674,0
-0.00028368,0.058735,0.0025296,-3.7283e-22,-2.617,7.9773,0
-0.00032738,0.059492,0.0023674,3.5724e-22,-2.0942,7.9854,0
-0.00036859,0.06019,0.0021259,3.5125e-22,-1.571,7.9918,0
-0.00040525,0.060814,0.0018166,-2.4121e-22,-1.0475,7.9963,0
-0.00043636,0.061328,0.0014441,1.0999e-22,-0.52378,7.9991,0
-0.00046031,0.061721,0.0010349,7.8281e-23,-5.9212e-17,8,0
-0.00047692,0.061991,0.00059058,-4.2846e-23,0.52378,7.9991,0
-0.00048558,0.062106,0.000156,-3.2173e-22,1.0475,7.9963,0
-0.00048665,0.06211,-0.00028732,7.1864e-22,1.571,7.9918,0
-0.00048074,0.061974,-0.00068717,3.448e-22,2.0942,7.9854,0
-0.00046841,0.061732,-0.0010734,-9.9342e-22,2.617,7.9773,0
-0.00045056,0.061391,-0.0014002,-1.194e-21,3.1393,7.9674,0
-0.00042805,0.060965,-0.0017051,-9.1061e-22,3.6611,7.9557,0
-0.00040218,0.060473,-0.0019355,1.2324e-21,4.1823,7.9424,0
-0.00037281,0.059923,-0.0021341,8.2711e-22,4.7027,7.9273,0
-0.00034227,0.059357,-0.0022478,-1.1557e-21,5.2222,7.9107,0
-0.00030957,0.058741,-0.0023246,-1.4057e-21,5.7409,7.8924,0
-0.00027772,0.058166,-0.0023099,4.3957e-22,6.2585,7.8727,0
-0.0002463,0.057593,-0.0022405,1.5686e-21,6.7751,7.8514,0
-0.00021908,0.05706,-0.0020895,-4.8426e-22,7.2905,7.8288,0
-0.00018914,0.056626,-0.0018601,7.3136e-23,7.8047,7.8047,0
5.1371e-05,0.052739,0.0013632,3.2162e-22,-7.5459,8.1002,0
2.2849e-05,0.053197,0.0015705,-2.736e-22,-7.0115,8.12,0
-2.1256e-06,0.053668,0.0017186,-2.5953e-22,-6.4762,8.1386,0
-3.2171e-05,0.05423,0.001875,1.6638e-22,-5.9399,8.1559,0
-6.5079e-05,0.054839,0.002018,-5.8612e-23,-5.4028,8.1718,0
-0.0001018,0.055511,0.0021399,-1.802e-22,-4.8648,8.1864,0
-0.00014154,0.056231,0.0022323,0,-4.3262,8.1996,0
-0.00018395,0.056989,0.002281,0,-3.7868,8.2113,0
-0.00022793,0.057768,0.0022788,3.6418e-22,-3.2469,8.2214,0
-0.00027252,0.058546,0.0022112,-3.9979e-22,-2.7065,8.2301,0
-0.00031599,0.059299,0.0020765,-6.0654e-23,-2.1657,8.2373,0
-0.00035709,0.059998,0.0018693,5.7659e-22,-1.6246,8.2428,0
-0.00039376,0.060622,0.0015993,-2.5318e-22,-1.0832,8.2468,0
-0.00042496,0.061137,0.0012722,3.7837e-23,-0.54164,8.2492,0
-0.00044903,0.061537,0.0009075,5.7256e-23,-5.181e-17,8.25,0
-0.0004658,0.061802,0.00051451,1.8744e-23,0.54164,8.2492,0
-0.00047449,0.061926,0.00012733,-3.3574e-22,1.0832,8.2468,0
-0.00047548,0.061924,-0.00026739,5.2494e-22,1.6246,8.2428,0
-0.00046935,0.061785,-0.0006193,-5.3594e-22,2.1657,8.2373,0
-0.00045666,0.061543,-0.00096156,-6.0268e-22,2.7065,8.2301,0
-0.00043821,0.061188,-0.0012454,6.2583e-22,3.2469,8.2214,0
-0.00041524,0.060762,-0.0015109,0,3.7868,8.2113,0
-0.0003888,0.060263,-0.0017014,0,4.3262,8.1996,0
-0.00035904,0.05971,-0.0018686,-7.3412e-22,4.8648,8.1864,0
-0.00032838,0.05915,-0.0019437,4.0094e-23,5.4028,8.1718,0
-0.00029561,0.058538,-0.0019991,1.1798e-22,5.9399,8.1559,0
-0.00026498,0.057984,-0.0019641,2.7257e-21,6.4762,8.1386,0
-0.00023433,0.057445,-0.0018845,1.1625e-21,7.0115,8.12,0
-0.00020953,0.056946,-0.0017289,-2.6567e-21,7.5459,8.1002,0
-0.00018036,0.056546,-0.0015271,-6.502e-22,8.0791,8.0791,0
5.8313e-05,0.052594,0.0010822,4.6463e-22,-7.8012,8.3716,0
2.9211e-05,0.053039,0.0012692,-3.627e-22,-7.248,8.3886,0
4.8398e-06,0.053504,0.0013937,-3.2805e-22,-6.6939,8.4045,0
-2.4634e-05,0.054059,0.0015241,2.3649e-23,-6.139,8.4193,0
-5.7118e-05,0.054666,0.0016475,-5.4756e-24,-5.5833,8.433,0
-9.3343e-05,0.055333,0.0017522,2.9775e-22,-5.027,8.4455,0
-0.00013268,0.056053,0.0018361,-5.5886e-22,-4.47,8.4568,0
-0.00017474,0.056808,0.0018821,-2.3999e-22,-3.9125,8.4668,0
-0.00021842,0.057587,0.0018875,4.4702e-22,-3.3545,8.4755,0
-0.00026277,0.058365,0.001836,-8.9794e-23,-2.7961,8.483,0
-0.00030608,0.059117,0.0017269,-9.2256e-24,-2.2373,8.4891,0
-0.00034713,0.05982,0.0015528,-2.6643e-22,-1.6782,8.4938,0
-0.00038382,0.060443,0.001324,-1.718e-22,-1.1189,8.4973,0
-0.0004151,0.060962,0.001043,2.1726e-22,-0.5595,8.4993,0
-0.00043923,0.061364,0.00072775,2.7802e-22,-4.4409e-17,8.5,0
-0.00045609,0.061627,0.00038851,3.4994e-22,0.5595,8.4993,0
-0.00046474,0.06176,5.2004e-05,-1.0968e-22,1.1189,8.4973,0
-0.00046558,0.061746,-0.000289,-3.3052e-22,1.6782,8.4938,0
-0.00045917,0.061612,-0.00059487,1.2184e-23,2.2373,8.4891,0
-0.00044602,0.061361,-0.00088798,1.5888e-22,2.7961,8.483,0
-0.0004269,0.060993,-0.0011326,1.0654e-21,3.3545,8.4755,0
-0.00040351,0.060568,-0.0013613,-9.8677e-22,3.9125,8.4668,0
-0.00037645,0.060056,-0.0015168,-1.2555e-21,4.47,8.4568,0
-0.00034643,0.059502,-0.001659,1.2109e-21,5.027,8.4455,0
-0.00031553,0.058945,-0.0017058,4.3923e-22,5.5833,8.433,0
-0.00028269,0.058339,-0.0017475,-6.9549e-22,6.139,8.4193,0
-0.00025309,0.057794,-0.0016953,2.3172e-21,6.6939,8.4045,0
-0.00022253,0.057285,-0.0016051,1.4942e-21,7.248,8.3886,0
-0.00019976,0.0568,-0.0014366,-2.8516e-21,7.8012,8.3716,0
-0.0001714,0.056441,-0.0012272,-9.7013e-22,8.3536,8.3536,0
6.6067e-05,0.052416,0.00084172,-1.516e-22,-8.0566,8.643,0
3.6026e-05,0.052857,0.0010088,8.8476e-23,-7.4844,8.6571,0
1.2265e-05,0.053312,0.0011147,-1.0828e-23,-6.9116,8.6704,0
-1.6495e-05,0.053859,0.0012289,-1.7144e-22,-6.338,8.6828,0
-4.8569e-05,0.054463,0.00134,2.3904e-23,-5.7639,8.6942,0
-8.439e-05,0.055128,0.0014358,5.3747e-22,-5.1892,8.7046,0
-0.0001235,0.055847,0.0015144,-4.5503e-22,-4.6139,8.714,0
-0.00016543,0.056606,0.0015635,-4.5348e-22,-4.0382,8.7223,0
-0.00020911,0.057388,0.0015756,5.1775e-22,-3.4621,8.7296,0
-0.00025356,0.058173,0.0015414,-3.9147e-24,-2.8856,8.7358,0
-0.00029706,0.05893,0.0014533,-5.2931e-23,-2.3089,8.7409,0
-0.00033837,0.059642,0.0013096,-3.1748e-22,-1.7318,8.7449,0
-0.00037539,0.06027,0.0011169,-1.491e-22,-1.1547,8.7477,0
-0.00040698,0.060799,0.00087736,2.5472e-22,-0.57736,8.7494,0
-0.00043135,0.061202,0.00060773,2.9042e-22,-3.7007e-17,8.75,0
-0.00044841,0.061472,0.00031523,3.2108e-22,0.57736,8.7494,0
-0.00045702,0.061604,2.9721e-05,-1.6502e-22,1.1547,8.7477,0
-0.00045765,0.061588,-0.00026182,-2.3261e-22,1.7318,8.7449,0
-0.00045088,0.06145,-0.00052143,7.1975e-23,2.3089,8.7409,0
-0.00043706,0.061187,-0.00076332,2.8974e-24,2.8856,8.7358,0
-0.0004171,0.060817,-0.00097149,1.1383e-21,3.4621,8.7296,0
-0.00039309,0.060374,-0.0011593,-1.1514e-21,4.0382,8.7223,0
-0.00036525,0.059861,-0.0012776,-8.0224e-22,4.6139,8.714,0
-0.00033483,0.059299,-0.0013944,1.866e-21,5.1892,8.7046,0
-0.00030354,0.05874,-0.0014114,-1.4759e-22,5.7639,8.6942,0
-0.00027078,0.058145,-0.001442,-8.1121e-22,6.338,8.6828,0
-0.00024261,0.057614,-0.0013805,1.1941e-22,6.9116,8.6704,0
-0.00021249,0.057116,-0.0013069,-7.6594e-22,7.4844,8.6571,0
-0.00019329,0.056677,-0.0011479,3.0051e-22,8.0566,8.643,0
-0.00016466,0.056338,-0.00095191,-3.5597e-22,8.628,8.628,0
7.4198e-05,0.052241,0.00061084,-4.8009e-23,-8.3119,8.9144,0
4.2962e-05,0.052689,0.00074813,2.3149e-22,-7.7209,8.9257,0
1.919e-05,0.05315,0.00082286,1.0621e-23,-7.1293,8.9363,0
-9.0949e-06,0.053689,0.00090376,-5.9351e-23,-6.5371,8.9462,0
-4.0836e-05,0.054292,0.00098993,-3.1832e-24,-5.9444,8.9553,0
-7.633e-05,0.054954,0.0010643,-9.5362e-24,-5.3513,8.9637,0
-0.00011528,0.055676,0.0011297,-1.8933e-23,-4.7578,8.9712,0
-0.00015717,0.056437,0.0011725,-9.6708e-23,-4.1639,8.9779,0
-0.00020092,0.057225,0.0011895,-4.6548e-22,-3.5697,8.9837,0
-0.0002455,0.058014,0.0011699,5.9881e-25,-2.9752,8.9886,0
-0.00028923,0.058779,0.0011069,3.0924e-22,-2.3804,8.9927,0
-0.00033085,0.059496,0.00099624,-2.6264e-22,-1.7855,8.9959,0
-0.0003682,0.060133,0.00084562,-1.3455e-22,-1.1904,8.9982,0
-0.00040008,0.060668,0.00065499,2.4605e-22,-0.59522,8.9995,0
-0.00042464,0.061074,0.00043681,2.722e-22,-2.9606e-17,9,0
-0.00044186,0.061352,0.00020084,3.207e-22,0.59522,8.9995,0
-0.00045039,0.061478,-2.9949e-05,-1.2644e-22,1.1904,8.9982,0
-0.00045083,0.061466,-0.00026776,-3.1874e-22,1.7855,8.9959,0
-0.00044364,0.061309,-0.00047689,5.8172e-22,2.3804,8.9927,0
-0.00042903,0.061047,-0.00067324,4.674e-23,2.9752,8.9886,0
-0.00040827,0.060667,-0.00084397,-4.0317e-22,3.5697,8.9837,0
-0.00038371,0.060212,-0.00099646,2.0342e-22,4.1639,8.9779,0
-0.00035512,0.059696,-0.001091,6.7605e-23,4.7578,8.9712,0
-0.00032439,0.059129,-0.0011849,4.5835e-23,5.3513,8.9637,0
-0.00029263,0.058563,-0.0011879,1.4419e-23,5.9444,8.9553,0
-0.00025981,0.057978,-0.0012181,5.7355e-22,6.5371,8.9462,0
-0.00023275,0.057427,-0.0011361,-5.8037e-22,7.1293,8.9363,0
-0.00020155,0.056927,-0.0010688,-1.6722e-21,7.7209,8.9257,0
-0.00018592,0.056547,-0.00088032,-1.2976e-21,8.3119,8.9144,0
-0.00015783,0.056233,-0.00060044,7.7021e-22,8.9024,8.9024,0
8.3082e-05,0.052017,0.00041846,2.4083e-22,-8.5673,9.1858,0
5.1435e-05,0.052462,0.00053912,1.9781e-22,-7.9573,9.1943,0
2.7533e-05,0.05293,0.00060382,-6.1131e-22,-7.3469,9.2023,0
-3.66e-07,0.053466,0.00066879,-9.2209e-25,-6.7362,9.2097,0
-3.1942e-05,0.05407,0.00073637,-1.9985e-23,-6.125,9.2165,0
-6.7291e-05,0.054735,0.00079572,1.2425e-23,-5.5135,9.2228,0
-0.0001063,0.055461,0.00084802,3.5728e-23,-4.9017,9.2284,0
-0.00014845,0.056232,0.0008862,-2.9918e-22,-4.2896,9.2334,0
-0.00019265,0.057033,0.00090207,-6.8318e-22,-3.6773,9.2378,0
-0.00023775,0.057835,0.00089282,6.802e-22,-3.0647,9.2415,0
-0.00028206,0.058615,0.00084505,6.8273e-22,-2.452,9.2445,0
-0.00032432,0.059348,0.00076011,-6.3424e-22,-1.8391,9.2469,0
-0.00036235,0.06,0.00064123,-1.4678e-22,-1.2261,9.2486,0
-0.00039479,0.060546,0.00049146,2.5241e-22,-0.61308,9.2497,0
-0.00041976,0.060963,0.00031636,2.7443e-22,-2.2204e-17,9.25,0
-0.0004373,0.061247,0.00012867,2.9995e-22,0.61308,9.2497,0
-0.00044575,0.061373,-4.9688e-05,-1.6179e-22,1.2261,9.2486,0
-0.0004459,0.061356,-0.00023146,-9.5254e-22,1.8391,9.2469,0
-0.00043799,0.061182,-0.00039276,9.1866e-22,2.452,9.2445,0
-0.00042226,0.060911,-0.00054344,9.9598e-22,3.0647,9.2415,0
-0.00040054,0.060513,-0.00067058,-1.0805e-21,3.6773,9.2378,0
-0.00037512,0.060049,-0.00078533,-5.4543e-22,4.2896,9.2334,0
-0.00034553,0.059514,-0.00084774,-1.1745e-22,4.9017,9.2284,0
-0.00031426,0.05894,-0.00091437,-1.1731e-22,5.5135,9.2228,0
-0.00028173,0.05836,-0.0009007,-1.0257e-22,6.125,9.2165,0
-0.00024917,0.057781,-0.00091527,-1.0055e-22,6.7362,9.2097,0
-0.00022385,0.057218,-0.00081553,2.5881e-21,7.3469,9.2023,0
-0.00019198,0.056779,-0.00083994,-1.8889e-21,7.9573,9.1943,0
-0.00018478,0.0565,-0.00066428,-3.0103e-21,8.5673,9.1858,0
-0.00015749,0.056081,-0.00029264,6.7962e-22,9.1768,9.1768,0
9.0928e-05,0.051785,0.00021444,1.3931e-22,-8.8226,9.4572,0
5.8914e-05,0.052237,0.00028543,3.2283e-22,-8.1938,9.4629,0
3.4611e-05,0.052711,0.00031345,-3.7606e-22,-7.5646,9.4682,0
7.2108e-06,0.053243,0.00035219,6.1311e-24,-6.9352,9.4731,0
-2.4004e-05,0.05384,0.00039491,1.8804e-22,-6.3056,9.4777,0
-5.9161e-05,0.054506,0.00043097,3.0436e-22,-5.6757,9.4818,0
-9.8198e-05,0.055234,0.00046602,-1.7072e-22,-5.0456,9.4856,0
-0.00014059,0.056015,0.00049428,-4.9516e-22,-4.4153,9.4889,0
-0.00018519,0.056823,0.000515,-3.191e-22,-3.7848,9.4918,0
-0.00023081,0.057636,0.00051882,1.8125e-22,-3.1542,9.4943,0
-0.00027569,0.05843,0.00049667,3.5592e-22,-2.5235,9.4964,0
-0.00031862,0.059173,0.00044559,-2.8367e-22,-1.8927,9.4979,0
-0.00035732,0.059837,0.00037248,-1.4112e-22,-1.2619,9.4991,0
-0.00039029,0.060392,0.00027458,2.521e-22,-0.63094,9.4998,0
-0.00041562,0.060814,0.0001549,2.8936e-22,-1.4803e-17,9.5,0
-0.00043348,0.061099,2.9607e-05,2.9004e-22,0.63094,9.4998,0
-0.00044201,0.061221,-9.1348e-05,-2.2315e-22,1.2619,9.4991,0
-0.0004419,0.061183,-0.00021435,-5.2027e-22,1.8927,9.4979,0
-0.00043319,0.060987,-0.00032641,5.5594e-22,2.5235,9.4964,0
-0.00041646,0.060692,-0.00043476,4.8949e-22,3.1542,9.4943,0
-0.00039388,0.060259,-0.00052869,-6.7105e-22,3.7848,9.4918,0
-0.00036763,0.059765,-0.00061277,-1.5027e-21,4.4153,9.4889,0
-0.00033716,0.059186,-0.00065798,-1.0053e-21,5.0456,9.4856,0
-0.00030537,0.058587,-0.00070799,8.5701e-22,5.6757,9.4818,0
-0.00027234,0.057959,-0.00069365,9.4419e-22,6.3056,9.4777,0
-0.00024029,0.057377,-0.00071016,1.0986e-22,6.9352,9.4731,0
-0.00021682,0.056764,-0.000645,1.7594e-21,7.5646,9.4682,0
-0.00018184,0.056326,-0.00073804,-6.1454e-22,8.1938,9.4629,0
-0.00018043,0.05592,-0.0003036,-1.3796e-21,8.8226,9.4572,0
-0.00014485,0.055641,0.00033957,5.685e-22,9.4512,9.4512,0
0.00010089,0.051306,0.00010123,-3.4883e-22,-9.078,9.7286,0
6.9363e-05,0.051679,0.00015342,4.459e-22,-8.4302,9.7314,0
4.3813e-05,0.052055,0.00016068,9.9104e-24,-7.7823,9.7341,0
1.6256e-05,0.052471,0.00017681,-2.1542e-23,-7.1343,9.7366,0
-1.4754e-05,0.052953,0.00019494,1.6907e-22,-6.4861,9.7388,0
-4.9812e-05,0.053491,0.00020771,3.2056e-22,-5.8378,9.7409,0
-8.9092e-05,0.05408,0.00021893,-1.4988e-22,-5.1895,9.7428,0
-0.00013212,0.054719,0.00023134,-2.9346e-22,-4.541,9.7445,0
-0.00017764,0.055389,0.00024209,1.5869e-23,-3.8924,9.7459,0
-0.00022423,0.056087,0.00024796,-4.0753e-22,-3.2438,9.7472,0
-0.00027016,0.056778,0.00023505,-5.207e-23,-2.5951,9.7482,0
-0.0003142,0.057424,0.0002054,1.58e-22,-1.9464,9.749,0
-0.00035402,0.057986,0.00016023,-1.4607e-22,-1.2976,9.7495,0
-0.00038781,0.058434,0.00010408,2.4941e-22,-0.64881,9.7499,0
-0.00041375,0.058731,2.9957e-05,2.9192e-22,-7.4015e-18,9.75,0
-0.00043195,0.058853,-4.3185e-05,3.1696e-22,0.64881,9.7499,0
-0.00044049,0.058815,-0.00010117,-2.3086e-22,1.2976,9.7495,0
-0.00043964,0.058615,-0.00015827,1.9525e-22,1.9464,9.749,0
-0.00042955,0.058263,-0.00021732,8.2992e-25,2.5951,9.7482,0
-0.00041158,0.057778,-0.00027136,-5.0249e-22,3.2438,9.7472,0
-0.00038779,0.057162,-0.00031597,-3.4936e-23,3.8924,9.7459,0
-0.00036036,0.056455,-0.00035661,-1.027e-21,4.541,9.7445,0
-0.00032872,0.055668,-0.00037,-7.8532e-22,5.1895,9.7428,0
-0.00029615,0.054871,-0.00039074,1.7679e-21,5.8378,9.7409,0
-0.00026229,0.054025,-0.00036837,9.0503e-22,6.4861,9.7388,0
-0.00023078,0.053278,-0.0003823,-9.0878e-22,7.1343,9.7366,0
-0.00020777,0.052429,-0.00029365,5.5649e-23,7.7823,9.7341,0
-0.00017165,0.05197,-0.00035744,-1.0538e-21,8.4302,9.7314,0
-0.00018653,0.050938,9.3709e-05,-1.804e-22,9.078,9.7286,0
-0.00019099,0.051886,0.00065062,4.3374e-22,9.7256,9.7256,0
0.00010766,0,0,0,-9.3333,10,0
7.7945e-05,0,0,0,-8.6667,10,0
5.192e-05,0,0,0,-8,10,0
2.4383e-05,0,0,0,-7.3333,10,0
-6.3852e-06,0,0,0,-6.6667,10,0
-4.1191e-05,0,0,0,-6,10,0
-8.0486e-05,0,0,0,-5.3333,10,0
-0.00012392,0,0,0,-4.6667,10,0
-0.00017019,0,0,0,-4,10,0
-0.00021767,0,0,0,-3.3333,10,0
-0.0002646,0,0,0,-2.6667,10,0
-0.00030975,0,0,0,-2,10,0
-0.00035076,0,0,0,-1.3333,10,0
-0.0003855,0,0,0,-0.66667,10,0
-0.00041231,0,0,0,0,10,0
-0.00043105,0,0,0,0.66667,10,0
-0.00043964,0,0,0,1.3333,10,0
-0.00043818,0,0,0,2,10,0
-0.00042705,0,0,0,2.6667,10,0
-0.00040806,0,0,0,3.3333,10,0
-0.00038313,0,0,0,4,10,0
-0.00035446,0,0,0,4.6667,10,0
-0.00032166,0,0,0,5.3333,10,0
-0.00028816,0,0,0,6,10,0
-0.00025373,0,0,0,6.6667,10,0
-0.00022336,0,0,0,7.3333,10,0
-0.00020097,0,0,0,8,10,0
-0.00017038,0,0,0,8.6667,10,0
-0.00020325,0,0,0,9.3333,10,0
-0.00013107,0,0,0,10,10,0
-0.00099258,0.010428,-0.00057245,7.5193e-21,2.1293,-1.9282,0
-0.0010024,0,0,0,1.8579,-1.6728,0
-0.00098461,0.042171,0.003576,-8.7479e-21,2.4007,-2.1835,0
-0.00094267,0.057793,0.0050055,1.0374e-21,2.6721,-2.4389,0
-0.00082416,0.062796,0.0054219,4.3127e-22,2.9435,-2.6942,0
-0.00069684,0.063296,0.0044995,2.8692e-22,3.2149,-2.9496,0
-0.00060236,0.063408,0.0034012,4.5244e-23,3.4863,-3.2049,0
-0.00052488,0.063325,0.0023859,-2.0246e-22,3.7577,-3.4603,0
-0.00047563,0.063404,0.0016476,-5.1754e-22,4.0291,-3.7156,0
-0.00044875,0.063495,0.0011086,3.7522e-22,4.3005,-3.971,0
-0.00042907,0.063643,0.00099242,-4.4396e-22,4.5719,-4.2263,0
-0.00042282,0.063707,0.0010553,-7.8535e-22,4.8433,-4.4817,0
-0.00041844,0.063653,0.0012532,-9.1849e-22,5.1147,-4.737,0
-0.00041276,0.063467,0.0015277,-1.1438e-21,5.3861,-4.9924,0
-0.00040575,0.063183,0.0017873,-8.1837e-22,5.6575,-5.2477,0
-0.00040053,0.062807,0.0020048,3.8242e-22,5.9289,-5.5031,0
-0.00039481,0.062417,0.0022155,-4.2105e-23,6.2003,-5.7584,0
-0.00038599,0.061996,0.0023481,-2.7776e-22,6.4717,-6.0138,0
-0.00037703,0.06157,0.0024517,3.1769e-22,6.7431,-6.2691,0
-0.00036709,0.06115,0.002475,-1.8355e-23,7.0145,-6.5245,0
-0.0003565,0.060748,0.0024494,-7.2596e-22,7.286,-6.7798,0
-0.00034637,0.060358,0.0023717,-6.3363e-22,7.5574,-7.0352,0
-0.00033522,0.060026,0.0022704,-5.8229e-22,7.8288,-7.2905,0
-0.00032457,0.059693,0.0021628,4.6349e-22,8.1002,-7.5459,0
-0.0003127,0.059406,0.0020062,1.4411e-21,8.3716,-7.8012,0
-0.00030142,0.059073,0.0018245,-1.5071e-22,8.643,-8.0566,0
-0.00028815,0.058805,0.0016222,2.8344e-22,8.9144,-8.3119,0
-0.00027788,0.058422,0.0012808,9.8671e-22,9.1858,-8.5673,0
-0.00025444,0.058183,0.00091905,5.7804e-22,9.4572,-8.8226,0
-0.0002718,0.057482,0.00034098,-2.8315e-23,9.7286,-9.078,0
-0.00026335,0.056028,0.00019608,7.4961e-24,10,-9.3333,0
-0.0010183,0.0022171,-0.0015102,6.4764e-21,2.2114,-1.8097,0
-0.0010249,0,0,0,1.9429,-1.5733,0
-0.0010163,0.03023,0.0034215,9.5676e-21,2.48,-2.0462,0
-0.00098761,0.051406,0.0044588,1.6038e-21,2.7486,-2.2826,0
-0.00086885,0.059894,0.0056884,0,3.0171,-2.5191,0
-0.00072279,0.061961,0.0049911,2.0052e-21,3.2857,-2.7555,0
-0.00061153,0.062694,0.0037044,2.1537e-21,3.5543,-2.992,0
-0.00052147,0.062907,0.0024542,6.1445e-24,3.8229,-3.2284,0
-0.00045707,0.063168,0.001564,-6.8933e-22,4.0914,-3.4649,0
-0.00041775,0.063412,0.00093587,-2.8602e-22,4.36,-3.7013,0
-0.00039569,0.063706,0.00073845,-1.2382e-21,4.6286,-3.9378,0
-0.00039216,0.06391,0.00082859,-2.2951e-21,4.8971,-4.1742,0
-0.00039156,0.063995,0.0011027,-1.609e-21,5.1657,-4.4106,0
-0.00038735,0.063855,0.0014784,-1.3696e-21,5.4343,-4.6471,0
-0.00038566,0.063588,0.0018887,-7.9055e-22,5.7029,-4.8835,0
-0.00038222,0.063178,0.0022697,-1.41e-21,5.9714,-5.12,0
-0.0003807,0.062738,0.002605,-5.5071e-22,6.24,-5.3564,0
-0.00037596,0.062262,0.0028359,-2.2859e-22,6.5086,-5.5929,0
-0.00036956,0.06179,0.003008,-1.0859e-22,6.7771,-5.8293,0
-0.00036225,0.061298,0.0030937,-1.1969e-21,7.0457,-6.0658,0
-0.00035352,0.060861,0.0031189,-1.0461e-21,7.3143,-6.3022,0
-0.00034486,0.060392,0.0030816,-5.3334e-22,7.5829,-6.5387,0
-0.00033555,0.059984,0.0030033,-7.8627e-22,7.8514,-6.7751,0
-0.00032655,0.059588,0.0028985,-9.4036e-22,8.12,-7.0115,0
-0.00031806,0.059262,0.0027549,-5.1478e-22,8.3886,-7.248,0
-0.00031005,0.058931,0.0025697,6.7359e-22,8.6571,-7.4844,0
-0.0003007,0.058659,0.0023986,7.7019e-22,8.9257,-7.7209,0
-0.00029398,0.058363,0.0021155,8.3487e-22,9.1943,-7.9573,0
-0.00028247,0.058071,0.0018944,4.7455e-22,9.4629,-8.1938,0
-0.00027159,0.057774,0.0014891,5.1713e-22,9.7314,-8.4302,0
-0.00026076,0.057189,0.0012667,0,10,-8.6667,0
-0.0010069,-0.0034745,-0.0020251,-2.7242e-20,2.2885,-1.6871,0
-0.00099869,0,0,0,2.0225,-1.4695,0
-0.0010355,0.016626,0.0028374,8.293e-21,2.5544,-1.9048,0
-0.0010325,0.040473,0.0039378,4.2652e-21,2.8203,-2.1225,0
-0.00091789,0.054822,0.0059122,-3.2116e-21,3.0862,-2.3402,0
-0.00074934,0.059234,0.0055306,0,3.3521,-2.5579,0
-0.00061271,0.061095,0.0040748,1.0879e-21,3.618,-2.7756,0
-0.00050865,0.061941,0.0026765,8.9331e-22,3.8839,-2.9933,0
-0.00043357,0.062586,0.0015351,-2.1649e-22,4.1499,-3.2109,0
-0.00038726,0.063112,0.00069917,-2.7256e-24,4.4158,-3.4286,0
-0.0003591,0.063638,0.00041404,1.468e-22,4.6817,-3.6463,0
-0.00035205,0.064045,0.00050178,-2.1504e-22,4.9476,-3.864,0
-0.00035572,0.064334,0.00086063,5.4133e-22,5.2135,-4.0817,0
-0.00035742,0.064359,0.0014108,3.5516e-22,5.4794,-4.2994,0
-0.00036242,0.064169,0.001991,1.0196e-22,5.7454,-4.517,0
-0.00036431,0.063714,0.0025313,-1.7076e-22,6.0113,-4.7347,0
-0.00036621,0.063171,0.0030203,-5.2286e-22,6.2772,-4.9524,0
-0.00036453,0.062562,0.0033951,6.2143e-22,6.5431,-5.1701,0
-0.00036065,0.06201,0.0036805,-8.2333e-22,6.809,-5.3878,0
-0.00035484,0.061432,0.0038314,-4.8347e-22,7.0749,-5.6055,0
-0.0003477,0.060916,0.0039155,-1.5794e-24,7.3408,-5.8232,0
-0.00033926,0.060406,0.0039455,-4.413e-23,7.6068,-6.0408,0
-0.00033105,0.059931,0.0038908,4.368e-22,7.8727,-6.2585,0
-0.00032202,0.059481,0.0037776,-5.1233e-22,8.1386,-6.4762,0
-0.00031342,0.059066,0.0036512,-1.1525e-21,8.4045,-6.6939,0
-0.00030476,0.058692,0.0034496,-4.5139e-22,8.6704,-6.9116,0
-0.00029648,0.058341,0.0032694,-3.6885e-23,8.9363,-7.1293,0
-0.00028845,0.058045,0.002985,-9.6598e-22,9.2023,-7.3469,0
-0.00027933,0.057716,0.0027444,-4.7076e-22,9.4682,-7.5646,0
-0.00026984,0.057478,0.0023962,1.9945e-23,9.7341,-7.7823,0
-0.00025691,0.057136,0.0021503,0,10,-8,0
-0.0010008,-0.0041067,-0.0049699,2.3064e-20,2.3601,-1.5607,0
-0.00099043,0,0,0,2.0967,-1.3616,0
-0.001052,0.0082603,-0.00051648,-1.5542e-21,2.6236,-1.7597,0
-0.0010784,0.02603,0.0031646,5.1553e-21,2.887,-1.9588,0
-0.00097391,0.04469,0.006061,-3.5165e-21,3.1505,-2.1578,0
-0.0007876,0.053866,0.0064135,1.4259e-21,3.4139,-2.3569,0
-0.00062549,0.057808,0.0047392,1.1963e-21,3.6773,-2.5559,0
-0.00050444,0.059888,0.002947,8.1302e-22,3.9408,-2.755,0
-0.00040787,0.061281,0.0015169,1.128e-21,4.2042,-2.9541,0
-0.00034622,0.062333,0.00049811,4.8097e-22,4.4677,-3.1531,0
-0.00031439,0.063331,-3.3986e-05,4.8955e-22,4.7311,-3.3522,0
-0.000305,0.064132,-9.4125e-05,4.0939e-22,4.9946,-3.5512,0
-0.00031012,0.064655,0.00035024,3.4305e-22,5.258,-3.7503,0
-0.00032007,0.064851,0.0010661,2.4116e-22,5.5215,-3.9493,0
-0.000332,0.064831,0.0019608,3.9371e-22,5.7849,-4.1484,0
-0.00034024,0.064496,0.0028112,9.1653e-22,6.0483,-4.3475,0
-0.00034865,0.063977,0.0034981,4.5578e-22,6.3118,-4.5465,0
-0.00035155,0.063234,0.0039922,-3.6603e-23,6.5752,-4.7456,0
-0.00035106,0.062502,0.0043766,-7.2353e-23,6.8387,-4.9446,0
-0.00034747,0.061768,0.0046389,2.0857e-23,7.1021,-5.1437,0
-0.00034265,0.061078,0.0048081,-1.9581e-22,7.3656,-5.3428,0
-0.0003356,0.06045,0.0048697,-1.4393e-22,7.629,-5.5418,0
-0.00032859,0.059873,0.0048758,6.2483e-22,7.8924,-5.7409,0
-0.00032066,0.059356,0.0048002,3.8477e-23,8.1559,-5.9399,0
-0.00031245,0.058865,0.0046951,3.3961e-22,8.4193,-6.139,0
-0.00030411,0.058457,0.0044867,3.9213e-22,8.6828,-6.338,0
-0.00029559,0.058053,0.0043026,-6.1207e-22,8.9462,-6.5371,0
-0.00028793,0.057725,0.0040431,-3.41e-22,9.2097,-6.7362,0
-0.00027884,0.057359,0.0037814,3.4019e-23,9.4731,-6.9352,0
-0.00027109,0.057065,0.0034446,2.471e-22,9.7366,-7.1343,0
-0.00026031,0.056751,0.0031813,2.1016e-22,10,-7.3333,0
-0.0010022,-0.005786,-0.0061324,3.7908e-20,2.4262,-1.4306,0
-0.0009763,0,0,0,2.1651,-1.25,0
-0.0010786,0.002959,-0.0020878,-2.6564e-20,2.6874,-1.6111,0
-0.0011259,0.014474,0.0025816,-1.9784e-20,2.9486,-1.7917,0
-0.0010359,0.029808,0.0063726,1.4353e-20,3.2097,-1.9722,0
-0.00083234,0.042497,0.0076733,-4.3105e-22,3.4709,-2.1528,0
-0.00063374,0.050669,0.0060201,-2.4755e-21,3.7321,-2.3333,0
-0.0004952,0.055485,0.0036466,-2.1891e-21,3.9932,-2.5139,0
-0.0003853,0.058465,0.0016612,2.0925e-22,4.2544,-2.6944,0
-0.00030961,0.060538,9.5454e-05,6.8525e-22,4.5155,-2.875,0
-0.00026666,0.062301,-0.0007623,5.6431e-22,4.7767,-3.0556,0
-0.00024753,0.063868,-0.00088795,5.1059e-22,5.0379,-3.2361,0
-0.00025476,0.065133,-0.00042694,3.5208e-22,5.299,-3.4167,0
-0.00027072,0.065709,0.0004421,4.6741e-22,5.5602,-3.5972,0
-0.00029376,0.065785,0.0015603,1.4151e-21,5.8214,-3.7778,0
-0.00031397,0.065434,0.0027011,8.044e-22,6.0825,-3.9583,0
-0.00032916,0.06493,0.0038169,2.9206e-22,6.3437,-4.1389,0
-0.00033815,0.064181,0.0046743,2.9761e-22,6.6049,-4.3194,0
-0.00034225,0.063308,0.0052671,7.8951e-24,6.866,-4.5,0
-0.00034095,0.0624,0.0056593,3.2316e-22,7.1272,-4.6806,0
-0.00033722,0.061508,0.005922,1.0754e-21,7.3884,-4.8611,0
-0.00033089,0.060707,0.0060219,1.0889e-21,7.6495,-5.0417,0
-0.00032392,0.059937,0.0060491,2.7142e-22,7.9107,-5.2222,0
-0.00031636,0.059287,0.0059752,9.5656e-23,8.1718,-5.4028,0
-0.00030797,0.05866,0.0058427,-1.3864e-23,8.433,-5.5833,0
-0.00030034,0.058127,0.005628,3.2355e-23,8.6942,-5.7639,0
-0.00029136,0.05761,0.0054426,5.7045e-24,8.9553,-5.9444,0
-0.00028368,0.057187,0.0052279,-3.6027e-23,9.2165,-6.125,0
-0.00027489,0.056782,0.0049971,-2.6711e-22,9.4777,-6.3056,0
-0.00026716,0.056428,0.0046794,-2.8626e-22,9.7388,-6.4861,0
-0.00025723,0.056099,0.004373,1.8532e-23,10,-6.6667,0
-0.00097333,-0.0090114,-0.0046015,-1.0101e-20,2.4866,-1.2971,0
-0.00091886,0,0,0,2.2275,-1.135,0
-0.0010893,-0.0045982,-0.0014607,-3.1166e-20,2.7457,-1.4593,0
-0.0011617,0.0044888,0.0026672,-3.5134e-20,3.0048,-1.6215,0
-0.0010885,0.015722,0.0072288,-1.7188e-21,3.2638,-1.7836,0
-0.00087491,0.026174,0.0089315,-1.7202e-21,3.5229,-1.9458,0
-0.00065752,0.036303,0.0072689,-1.2014e-21,3.782,-2.108,0
-0.00049678,0.045133,0.0047656,-5.3367e-22,4.0411,-2.2701,0
-0.00035633,0.051547,0.0023549,-1.6706e-21,4.3002,-2.4323,0
-0.0002561,0.056014,0.0002144,-5.2346e-22,4.5593,-2.5945,0
-0.00019838,0.059521,-0.0014364,-4.085e-22,4.8183,-2.7567,0
-0.00018488,0.062467,-0.0024155,-4.3486e-22,5.0774,-2.9188,0
-0.00020408,0.064909,-0.0020349,-3.3909e-22,5.3365,-3.081,0
-0.00021678,0.066362,-0.00058187,-6.6763e-22,5.5956,-3.2432,0
-0.00023966,0.06726,0.0010667,-8.9082e-25,5.8547,-3.4053,0
-0.00027336,0.067235,0.0025722,-2.3929e-22,6.1138,-3.5675,0
-0.00030522,0.066484,0.0040214,-4.0148e-22,6.3728,-3.7297,0
-0.00032598,0.065494,0.0052686,-1.6072e-22,6.6319,-3.8918,0
-0.00033582,0.064407,0.0062259,-5.4528e-24,6.891,-4.054,0
-0.00033816,0.063329,0.0068345,-1.9374e-22,7.1501,-4.2162,0
-0.00033604,0.062229,0.0071889,-4.0303e-22,7.4092,-4.3783,0
-0.00033086,0.061238,0.0073581,-3.0894e-22,7.6683,-4.5405,0
-0.00032401,0.06028,0.007424,-3.951e-22,7.9273,-4.7027,0
-0.00031647,0.059452,0.0073616,3.0878e-22,8.1864,-4.8648,0
-0.00030762,0.05868,0.0072785,-1.8544e-22,8.4455,-5.027,0
-0.00029954,0.058006,0.0071067,-6.0598e-22,8.7046,-5.1892,0
-0.0002906,0.057382,0.0068871,1.4063e-23,8.9637,-5.3513,0
-0.00028257,0.056848,0.0065903,-3.4419e-23,9.2228,-5.5135,0
-0.00027387,0.056383,0.0062764,-2.4347e-22,9.4818,-5.6757,0
-0.0002658,0.055968,0.0058936,-4.9273e-22,9.7409,-5.8378,0
-0.00025555,0.05559,0.0055143,-2.6524e-22,10,-6,0
-0.00091603,-0.0119,-0.0011228,1.0046e-20,2.5411,-1.1607,0
-0.00084574,0,0,0,2.2839,-1.0168,0
-0.0010633,-0.013032,0.0015347,9.9481e-21,2.7983,-1.3046,0
-0.0011611,-0.0086987,0.0055298,-1.33e-20,3.0555,-1.4485,0
-0.0011099,0.00055763,0.01011,-2.6789e-20,3.3127,-1.5924,0
-0.00089971,0.0093167,0.011823,-1.1014e-20,3.5699,-1.7363,0
-0.00067286,0.017177,0.0094105,1.9716e-21,3.8271,-1.8801,0
-0.00050738,0.026565,0.0061302,8.3403e-22,4.0843,-2.024,0
-0.0003571,0.035671,0.0035246,1.2244e-22,4.3415,-2.1679,0
-0.00022756,0.043363,0.0010001,-6.6546e-22,4.5987,-2.3118,0
-0.00013332,0.050068,-0.0014341,-5.0903e-22,4.8559,-2.4557,0
-9.4889e-05,0.056349,-0.0031739,-4.0647e-23,5.1131,-2.5996,0
-0.00010274,0.062011,-0.0033062,-6.0347e-23,5.3703,-2.7434,0
-0.00014781,0.065811,-0.0025107,-4.0195e-22,5.6275,-2.8873,0
-0.00021673,0.068085,-0.00085311,-7.9735e-22,5.8847,-3.0312,0
-0.00026044,0.069125,0.0018866,-2.6708e-22,6.1419,-3.1751,0
-0.00029358,0.068918,0.0044462,-3.7318e-22,6.3991,-3.319,0
-0.00032446,0.067749,0.0061727,-6.0906e-22,6.6563,-3.4629,0
-0.00034317,0.066141,0.0074181,-4.2185e-22,6.9135,-3.6067,0
-0.00034801,0.064608,0.0082935,-8.8314e-23,7.1708,-3.7506,0
-0.00034459,0.063147,0.0088509,-3.5534e-22,7.428,-3.8945,0
-0.00033804,0.06184,0.0091101,-7.9797e-22,7.6852,-4.0384,0
-0.00032898,0.06064,0.0091937,-3.7743e-22,7.9424,-4.1823,0
-0.00031934,0.059588,0.009105,0,8.1996,-4.3262,0
-0.00030888,0.05864,0.0089411,3.6933e-22,8.4568,-4.47,0
-0.00029937,0.057837,0.0086785,3.0079e-22,8.714,-4.6139,0
-0.00028936,0.057127,0.008376,2.0575e-23,8.9712,-4.7578,0
-0.0002806,0.056503,0.0080028,-3.4499e-23,9.2284,-4.9017,0
-0.00027155,0.055946,0.0076418,2.4965e-22,9.4856,-5.0456,0
-0.00026357,0.055443,0.0072422,2.4769e-22,9.7428,-5.1895,0
-0.00025342,0.054986,0.0068224,7.7033e-24,10,-5.3333,0
-0.00086393,-0.013649,0.0044734,1.1722e-20,2.5895,-1.0216,0
-0.00080106,0,0,0,2.334,-0.89592,0
-0.0010063,-0.01962,0.0063794,8.7358e-21,2.845,-1.1473,0
-0.0011139,-0.021238,0.0097511,3.7217e-21,3.1006,-1.273,0
-0.001088,-0.016956,0.013498,-4.9652e-21,3.3561,-1.3987,0
-0.00090722,-0.0097085,0.015157,-9.3986e-21,3.6116,-1.5244,0
-0.00068887,-0.0037497,0.013035,-3.3901e-22,3.8672,-1.6501,0
-0.00051944,0.0026577,0.0096366,-7.9155e-22,4.1227,-1.7758,0
-0.00036339,0.010611,0.0069204,1.8787e-21,4.3782,-1.9015,0
-0.00020742,0.018537,0.0041867,8.8327e-23,4.6338,-2.0271,0
-7.9733e-05,0.02654,0.00046175,-1.1763e-21,4.8893,-2.1528,0
-2.2956e-05,0.035441,-0.0033087,1.1025e-22,5.1448,-2.2785,0
-2.5859e-05,0.046103,-0.0046895,1.1698e-23,5.4004,-2.4042,0
-5.2764e-05,0.056795,-0.0038438,7.9318e-23,5.6559,-2.5299,0
-0.00010303,0.064929,-0.0019734,-2.173e-22,5.9114,-2.6556,0
-0.00020283,0.069699,0.00052126,9.1313e-23,6.167,-2.7813,0
-0.00030038,0.071535,0.0038471,3.9141e-22,6.4225,-2.907,0
-0.00034596,0.071075,0.0071593,-4.1371e-22,6.678,-3.0327,0
-0.00037159,0.069174,0.0093154,-4.6706e-22,6.9336,-3.1584,0
-0.00037981,0.066891,0.010447,2.119e-22,7.1891,-3.2841,0
-0.00037225,0.064741,0.011092,3.2161e-22,7.4447,-3.4098,0
-0.00036039,0.06291,0.011372,3.111e-22,7.7002,-3.5354,0
-0.00034653,0.061307,0.011422,3.6719e-22,7.9557,-3.6611,0
-0.00033237,0.059927,0.011285,0,8.2113,-3.7868,0
-0.00031814,0.058712,0.011033,2.1484e-22,8.4668,-3.9125,0
-0.00030538,0.057647,0.01067,3.5402e-22,8.7223,-4.0382,0
-0.0002929,0.056712,0.010301,5.5771e-23,8.9779,-4.1639,0
-0.00028212,0.055897,0.0098984,1.5383e-22,9.2334,-4.2896,0
-0.00027162,0.055188,0.0094986,3.5124e-22,9.4889,-4.4153,0
-0.00026262,0.054564,0.0090455,2.6446e-22,9.7445,-4.541,0
-0.00025189,0.054014,0.0085456,8.6576e-24,10,-4.6667,0
-0.00085455,-0.010814,0.009567,7.5366e-21,2.6317,-0.88012,0
-0.00080997,0,0,0,2.3776,-0.77254,0
-0.00096316,-0.019342,0.010385,2.2805e-21,2.8858,-0.98771,0
-0.0010591,-0.024666,0.013131,3.9668e-21,3.1399,-1.0953,0
-0.0010632,-0.026046,0.015959,1.5824e-20,3.394,-1.2029,0
-0.00093671,-0.023431,0.017196,1.2988e-20,3.648,-1.3105,0
-0.00075683,-0.020005,0.015674,-7.5783e-22,3.9021,-1.418,0
-0.00059012,-0.016674,0.012686,0,4.1562,-1.5256,0
-0.00041304,-0.011884,0.0096816,-1.4961e-21,4.4103,-1.6332,0
-0.00023035,-0.0060411,0.0065013,-3.4973e-22,4.6643,-1.7408,0
-8.8255e-05,0.00050383,0.0016351,1.2604e-21,4.9184,-1.8484,0
-3.4683e-05,0.0074061,-0.0047849,2.27e-22,5.1725,-1.9559,0
-3.7223e-05,0.016306,-0.010094,-2.5152e-23,5.4266,-2.0635,0
-5.2791e-05,0.028984,-0.011681,4.4909e-23,5.6807,-2.1711,0
-0.00012355,0.04419,-0.0089944,1.2541e-22,5.9347,-2.2787,0
-0.00021714,0.058883,-0.0034788,5.8219e-23,6.1888,-2.3863,0
-0.00031848,0.069195,0.0025731,5.2339e-22,6.4429,-2.4939,0
-0.00041953,0.073112,0.0079453,5.9027e-22,6.697,-2.6014,0
-0.00046831,0.072516,0.011923,3.8834e-22,6.9511,-2.709,0
-0.00046461,0.069974,0.013959,4.2969e-22,7.2051,-2.8166,0
-0.00043781,0.066986,0.014619,-3.6478e-23,7.4592,-2.9242,0
-0.00041067,0.064326,0.014693,6.0133e-22,7.7133,-3.0318,0
-0.00038396,0.062098,0.014566,3.8095e-22,7.9674,-3.1393,0
-0.00035927,0.060269,0.014232,-2.0865e-22,8.2214,-3.2469,0
-0.00033685,0.058731,0.01384,-2.9283e-22,8.4755,-3.3545,0
-0.00031772,0.057407,0.013373,-3.3543e-22,8.7296,-3.4621,0
-0.00030037,0.056263,0.012841,2.1943e-22,8.9837,-3.5697,0
-0.00028595,0.055269,0.012247,2.9555e-22,9.2378,-3.6773,0
-0.00027268,0.05442,0.01166,1.3235e-22,9.4918,-3.7848,0
-0.00026155,0.053693,0.011035,-8.8206e-24,9.7459,-3.8924,0
-0.00024891,0.053057,0.010371,0,10,-4,0
-0.0008806,-0.0074544,0.014026,1.5136e-21,2.6677,-0.73659,0
-0.0008528,0,0,0,2.4148,-0.64705,0
-0.0009605,-0.01592,0.01399,-4.274e-22,2.9205,-0.82613,0
-0.0010403,-0.021824,0.015625,2.1912e-22,3.1733,-0.91568,0
-0.0010648,-0.025337,0.017216,4.8981e-21,3.4262,-1.0052,0
-0.00099761,-0.025734,0.017507,4.0693e-21,3.679,-1.0948,0
-0.00086747,-0.024597,0.015767,-6.1388e-22,3.9319,-1.1843,0
-0.00072084,-0.022918,0.012526,-5.4562e-22,4.1847,-1.2738,0
-0.00055695,-0.020084,0.0087082,2.5264e-21,4.4375,-1.3634,0
-0.00038415,-0.015763,0.0043298,3.5421e-21,4.6904,-1.4529,0
-0.00023414,-0.010595,-0.00090892,3.1099e-21,4.9432,-1.5425,0
-0.0001546,-0.0058938,-0.0064699,3.9777e-21,5.196,-1.632,0
-0.00012442,-0.0015579,-0.013409,1.9739e-21,5.4489,-1.7216,0
-0.00013794,0.0042214,-0.02096,4.2891e-23,5.7017,-1.8111,0
-0.00022039,0.015349,-0.025016,5.7479e-22,5.9546,-1.9006,0
-0.00033149,0.031435,-0.022032,1.1326e-21,6.2074,-1.9902,0
-0.00052081,0.05006,-0.010436,8.4339e-22,6.4602,-2.0797,0
-0.00065038,0.065365,0.0040896,7.0909e-22,6.7131,-2.1693,0
-0.00067726,0.071562,0.01411,1.127e-21,6.9659,-2.2588,0
-0.00067532,0.071235,0.018816,8.6616e-22,7.2188,-2.3484,0
-0.00059739,0.068545,0.020216,-3.4025e-24,7.4716,-2.4379,0
-0.00051997,0.065434,0.019954,5.0045e-23,7.7244,-2.5274,0
-0.00045984,0.062561,0.019167,2.3698e-22,7.9773,-2.617,0
-0.00041181,0.060145,0.018277,2.4672e-22,8.2301,-2.7065,0
-0.00037276,0.058192,0.017459,5.4329e-23,8.483,-2.7961,0
-0.00034166,0.056623,0.016628,1.6645e-24,8.7358,-2.8856,0
-0.00031578,0.05533,0.015815,-3.9471e-24,8.9886,-2.9752,0
-0.00029508,0.054226,0.014996,-3.139e-22,9.2415,-3.0647,0
-0.00027747,0.053286,0.014161,-1.3464e-22,9.4943,-3.1542,0
-0.00026337,0.052468,0.013313,1.4539e-22,9.7472,-3.2438,0
-0.00024844,0.05172,0.01249,0,10,-3.3333,0
-0.00093213,-0.0058379,0.018681,-3.2746e-21,2.6972,-0.59134,0
-0.00092108,0,0,0,2.4454,-0.51978,0
-0.00099254,-0.013541,0.017539,-5.0085e-21,2.949,-0.66291,0
-0.0010678,-0.019003,0.018053,-5.045e-21,3.2008,-0.73447,0
-0.0011048,-0.022872,0.018171,-3.4326e-21,3.4527,-0.80603,0
-0.001083,-0.024267,0.016952,-4.2123e-21,3.7045,-0.87759,0
-0.0010047,-0.024169,0.014268,1.9708e-21,3.9563,-0.94916,0
-0.00088977,-0.022926,0.010118,3.7582e-21,4.2081,-1.0207,0
-0.00074263,-0.020461,0.0050876,4.653e-21,4.4599,-1.0923,0
-0.00058633,-0.016967,-0.00034432,1.0502e-21,4.7118,-1.1638,0
-0.00044626,-0.012824,-0.0061535,-1.619e-21,4.9636,-1.2354,0
-0.00035333,-0.0083849,-0.011212,5.0696e-22,5.2154,-1.307,0
-0.0003074,-0.00413,-0.016816,-7.1002e-22,5.4672,-1.3785,0
-0.00030143,-0.0013103,-0.025153,1.54e-23,5.719,-1.4501,0
-0.00035434,0.0020089,-0.034057,-1.6775e-22,5.9709,-1.5217,0
-0.00051355,0.0084232,-0.039392,2.3806e-22,6.2227,-1.5932,0
-0.0007944,0.020525,-0.034812,-2.3639e-21,6.4745,-1.6648,0
-0.0010309,0.039401,-0.016373,-3.081e-21,6.7263,-1.7363,0
-0.0010955,0.056648,0.00688,8.5355e-23,6.9781,-1.8079,0
-0.0010105,0.064699,0.021375,5.6969e-23,7.23,-1.8795,0
-0.00084685,0.065437,0.025983,1.1555e-22,7.4818,-1.951,0
-0.00070691,0.063732,0.026534,2.2926e-22,7.7336,-2.0226,0
-0.00058904,0.061343,0.025545,-2.0025e-22,7.9854,-2.0942,0
-0.0004945,0.058928,0.023889,5.8642e-23,8.2373,-2.1657,0
-0.00042538,0.056793,0.022175,8.9834e-24,8.4891,-2.2373,0
-0.00037376,0.055009,0.020642,2.855e-23,8.7409,-2.3089,0
-0.00033431,0.053535,0.019342,-1.4007e-22,8.9927,-2.3804,0
-0.00030425,0.052307,0.018164,-3.0436e-22,9.2445,-2.452,0
-0.00028034,0.051256,0.017072,-1.6505e-22,9.4964,-2.5235,0
-0.00026204,0.050314,0.016109,1.1326e-23,9.7482,-2.5951,0
-0.00024433,0.049444,0.015212,0,10,-2.6667,0
-0.0010046,-0.0038946,0.022783,-1.4582e-23,2.7202,-0.44472,0
-0.0010096,0,0,0,2.4692,-0.39109,0
-0.0010474,-0.010786,0.020925,-1.7657e-21,2.9713,-0.49835,0
-0.0011248,-0.016079,0.020742,-1.351e-21,3.2223,-0.55198,0
-0.0011827,-0.020049,0.019704,3.324e-21,3.4733,-0.60561,0
-0.0011995,-0.022318,0.017313,1.258e-21,3.7244,-0.65924,0
-0.0011675,-0.023008,0.01349,-1.1331e-21,3.9754,-0.71287,0
-0.0010934,-0.022453,0.0079336,2.0048e-22,4.2264,-0.7665,0
-0.00097094,-0.02037,0.0015298,-4.6221e-21,4.4774,-0.82013,0
-0.00083101,-0.017242,-0.0048082,-5.4712e-21,4.7285,-0.87376,0
-0.00070147,-0.013945,-0.011174,-2.9458e-21,4.9795,-0.92739,0
-0.00059888,-0.01014,-0.01705,-2.9367e-21,5.2305,-0.98102,0
-0.00054421,-0.0061137,-0.022463,-2.2599e-21,5.4815,-1.0347,0
-0.00054194,-0.0029647,-0.028645,-1.0573e-21,5.7326,-1.0883,0
-0.0005894,-0.0016635,-0.035454,-1.4373e-21,5.9836,-1.1419,0
-0.00069609,-0.0010269,-0.041678,-1.2054e-21,6.2346,-1.1955,0
-0.00087347,0.00082847,-0.045917,-3.1347e-21,6.4856,-1.2492,0
-0.0011574,0.008381,-0.039885,-2.2763e-21,6.7367,-1.3028,0
-0.0013887,0.024414,-0.016807,-4.0191e-22,6.9877,-1.3564,0
-0.0013319,0.041449,0.010631,-1.5892e-21,7.2387,-1.4101,0
-0.0011006,0.051347,0.026217,-3.3711e-22,7.4897,-1.4637,0
-0.00088181,0.054938,0.030616,2.4371e-22,7.7408,-1.5173,0
-0.0007074,0.055467,0.030717,-7.5196e-23,7.9918,-1.571,0
-0.0005726,0.054694,0.029243,-2.4027e-22,8.2428,-1.6246,0
-0.00047401,0.053426,0.027262,1.1573e-22,8.4938,-1.6782,0
-0.00040243,0.052081,0.02521,1.4419e-22,8.7449,-1.7318,0
-0.00034743,0.050805,0.023355,8.646e-23,8.9959,-1.7855,0
-0.00030748,0.049654,0.021752,2.3996e-22,9.2469,-1.8391,0
-0.00027655,0.048615,0.020401,9.2644e-23,9.4979,-1.8927,0
-0.00025338,0.047691,0.019213,-8.5672e-23,9.749,-1.9464,0
-0.00023231,0.046873,0.01798,-2.3087e-24,10,-2,0
-0.0010824,-0.0025225,0.026095,-6.4635e-22,2.7368,-0.29705,0
-0.0010991,0,0,0,2.4863,-0.26132,0
-0.001115,-0.0084544,0.024165,1.3871e-21,2.9872,-0.33279,0
-0.0011993,-0.013373,0.023462,1.8222e-21,3.2377,-0.36852,0
-0.0012848,-0.017177,0.021651,4.042e-22,3.4881,-0.40426,0
-0.0013466,-0.019799,0.018089,3.9649e-22,3.7386,-0.43999,0
-0.0013646,-0.02093,0.013009,-1.835e-21,3.989,-0.47572,0
-0.0013335,-0.020738,0.0062569,-4.0832e-21,4.2395,-0.51146,0
-0.0012327,-0.018671,-0.0016637,-3.0878e-21,4.49,-0.54719,0
-0.0011029,-0.01534,-0.0087795,4.5466e-22,4.7404,-0.58292,0
-0.00097697,-0.012183,-0.015535,5.4978e-22,4.9909,-0.61866,0
-0.00086575,-0.0089951,-0.021764,-9.0781e-23,5.2413,-0.65439,0
-0.00078893,-0.0061381,-0.026672,1.8294e-21,5.4918,-0.69013,0
-0.00074709,-0.003977,-0.031148,5.62e-22,5.7422,-0.72586,0
-0.00073066,-0.0034032,-0.03588,-1.5579e-22,5.9927,-0.76159,0
-0.00076977,-0.0045889,-0.040375,5.0112e-22,6.2432,-0.79733,0
-0.00087009,-0.0066461,-0.044324,6.3761e-22,6.4936,-0.83306,0
-0.0010155,-0.0081926,-0.045805,1.9989e-21,6.7441,-0.86879,0
-0.0011628,-0.0043154,-0.036839,4.5649e-22,6.9945,-0.90453,0
-0.0011762,0.008132,-0.015144,2.722e-22,7.245,-0.94026,0
-0.001031,0.02361,0.0085507,7.2851e-22,7.4954,-0.976,0
-0.00082152,0.035773,0.023683,-3.1005e-22,7.7459,-1.0117,0
-0.00064925,0.042767,0.029652,2.2922e-22,7.9963,-1.0475,0
-0.00053118,0.045821,0.030738,2.2973e-22,8.2468,-1.0832,0
-0.00043479,0.046643,0.029874,4.5953e-23,8.4973,-1.1189,0
-0.00036876,0.046653,0.02824,3.1844e-23,8.7477,-1.1547,0
-0.00031548,0.046294,0.026465,2.7692e-23,8.9982,-1.1904,0
-0.00027776,0.045791,0.024799,2.7098e-23,9.2486,-1.2261,0
-0.00024815,0.045227,0.023212,1.7703e-23,9.4991,-1.2619,0
-0.00022644,0.044664,0.021687,2.4055e-23,9.7495,-1.2976,0
-0.00020711,0.044082,0.020142,-2.4006e-24,10,-1.3333,0
-0.0011569,-0.0019895,0.028905,-2.1124e-22,2.7467,-0.1487,0
-0.001182,0,0,0,2.4966,-0.13084,0
-0.0011858,-0.0067807,0.027265,1.423e-21,2.9968,-0.16656,0
-0.0012834,-0.01109,0.026207,1.4242e-21,3.2469,-0.18442,0
-0.0013995,-0.014659,0.023778,-2.3951e-23,3.497,-0.20228,0
-0.0015029,-0.016793,0.019398,2.3385e-21,3.7471,-0.22014,0
-0.0015671,-0.017935,0.013178,2.1576e-21,3.9973,-0.23801,0
-0.0015818,-0.017917,0.00459,-2.4248e-22,4.2474,-0.25587,0
-0.0014957,-0.01572,-0.0054485,1.4479e-21,4.4975,-0.27373,0
-0.001357,-0.0118,-0.01347,3.3385e-21,4.7476,-0.29159,0
-0.0012181,-0.0079793,-0.020024,1.5353e-21,4.9977,-0.30945,0
-0.0010875,-0.00479,-0.025808,-2.7956e-22,5.2478,-0.32731,0
-0.00097582,-0.0023924,-0.029844,1.1923e-21,5.4979,-0.34517,0
-0.00088719,-0.00087576,-0.032592,1.4526e-21,5.7481,-0.36303,0
-0.00082973,-0.00079529,-0.034684,6.1685e-22,5.9982,-0.38089,0
-0.0008109,-0.0022073,-0.036449,5.6564e-22,6.2483,-0.39875,0
-0.00080594,-0.0049997,-0.038714,7.2469e-22,6.4984,-0.41661,0
-0.00080888,-0.0087728,-0.040561,8.8364e-22,6.7485,-0.43448,0
-0.0008004,-0.011678,-0.039197,3.0848e-22,6.9986,-0.45234,0
-0.00076128,-0.010144,-0.032374,1.2772e-21,7.2487,-0.4702,0
-0.00068201,-0.0016895,-0.018598,1.2295e-21,7.4989,-0.48806,0
-0.00055501,0.010918,-0.0014701,5.3795e-23,7.749,-0.50592,0
-0.0004466,0.023143,0.013998,-8.5436e-23,7.9991,-0.52378,0
-0.00036753,0.032207,0.023994,-2.7171e-23,8.2492,-0.54164,0
-0.00030404,0.037246,0.027526,-1.2249e-22,8.4993,-0.5595,0
-0.00026163,0.039643,0.027718,-1.468e-22,8.7494,-0.57736,0
-0.00022606,0.04064,0.02675,-9.4665e-23,8.9995,-0.59522,0
-0.00020279,0.041047,0.025541,-9.9832e-23,9.2497,-0.61308,0
-0.00018473,0.041151,0.024239,-8.1641e-23,9.4998,-0.63094,0
-0.00017238,0.041052,0.023016,-7.6241e-23,9.7499,-0.64881,0
-0.00016138,0.040751,0.02187,-3.8837e-25,10,-0.66667,0
-0.0012152,-0.0019918,0.030896,-4.6428e-23,2.75,2.1464e-16,0
-0.0012448,0,0,0,2.5,2.2204e-16,0
-0.0012473,-0.005029,0.029848,-1.098e-22,3,1.7023e-16,0
-0.0013616,-0.0078987,0.028811,-1.1491e-22,3.25,2.3685e-16,0
-0.0015106,-0.010733,0.025661,-2.036e-22,3.5,1.5543e-16,0
-0.0016574,-0.012092,0.020166,3.5261e-22,3.75,1.8504e-16,0
-0.0017744,-0.012943,0.013047,9.403e-22,4,1.7764e-16,0
-0.0018519,-0.013507,0.0030422,-3.3837e-22,4.25,1.3323e-16,0
-0.0017831,-0.011764,-0.0094307,-9.4714e-22,4.5,1.6283e-16,0
-0.0016092,-0.0075644,-0.018832,-2.5663e-23,4.75,2.2945e-16,0
-0.0014271,-0.0032612,-0.025031,-2.297e-23,5,1.1102e-16,0
-0.0012576,0.00025426,-0.029817,3.7808e-23,5.25,1.4063e-16,0
-0.0011024,0.0028404,-0.03264,1.6108e-22,5.5,5.9212e-17,0
-0.00097202,0.0044771,-0.033915,-8.1274e-23,5.75,1.9984e-16,0
-0.00086442,0.0051749,-0.034293,1.7181e-22,6,6.2913e-17,0
-0.00077226,0.004965,-0.033829,1.991e-24,6.25,5.5511e-17,0
-0.00069791,0.0037594,-0.033537,-7.7322e-23,6.5,4.811e-17,0
-0.0006381,0.0013751,-0.034068,-6.5622e-23,6.75,5.9212e-17,0
-0.00058385,-0.0018046,-0.033665,1.06e-23,7,5.181e-17,0
-0.00050841,-0.0044832,-0.03164,1.1578e-23,7.25,4.4409e-17,0
-0.0004066,-0.0050049,-0.028784,1.2449e-22,7.5,5.5511e-17,0
-0.00032012,-0.0017734,-0.022877,1.3527e-22,7.75,4.811e-17,0
-0.00025787,0.0055507,-0.011588,-6.0563e-23,8,4.0708e-17,0
-0.00021317,0.015173,0.0025099,-4.0188e-23,8.25,1.4803e-17,0
-0.00017706,0.024079,0.014655,-7.4147e-23,8.5,7.4015e-18,0
-0.00014333,0.030375,0.021513,-8.0019e-23,8.75,1.5728e-16,0
-0.00012559,0.034073,0.023921,-5.0716e-23,9,6.4763e-18,0
-0.00011478,0.035962,0.024242,-4.789e-23,9.25,1.5173e-16,0
-0.00010689,0.036851,0.023771,-3.8295e-23,9.5,3.2382e-18,0
-0.00010448,0.037227,0.0232,-3.7006e-23,9.75,1.4965e-16,0
-0.00010412,0.037317,0.022587,-6.0718e-25,10,0,0
-0.0012493,-0.002205,0.031857,3.7632e-22,2.7467,0.1487,0
-0.0012829,0,0,0,2.4966,0.13084,0
-0.001284,-0.0035414,0.03114,2.0022e-21,2.9968,0.16656,0
-0.0014137,-0.0045243,0.030403,1.5933e-21,3.2469,0.18442,0
-0.0015915,-0.0055039,0.027199,-1.8459e-22,3.497,0.20228,0
-0.0017738,-0.0048125,0.021407,4.4655e-21,3.7471,0.22014,0
-0.0019391,-0.0050101,0.014231,5.0747e-21,3.9973,0.23801,0
-0.0020681,-0.0051442,0.0036406,-9.8548e-23,4.2474,0.25587,0
-0.0020176,-0.0026878,-0.011626,2.6381e-21,4.4975,0.27373,0
-0.0018196,0.00087913,-0.023429,5.1667e-21,4.7476,0.29159,0
-0.0015912,0.0046818,-0.029522,1.9205e-21,4.9977,0.30945,0
-0.0013794,0.0077101,-0.033584,2.8521e-22,5.2478,0.32731,0
-0.0011821,0.0098349,-0.035573,1.0874e-21,5.4979,0.34517,0
-0.0010123,0.010993,-0.035891,4.9622e-22,5.7481,0.36303,0
-0.00087458,0.011541,-0.03539,6.6338e-22,5.9982,0.38089,0
-0.000756,0.011585,-0.034318,7.2643e-22,6.2483,0.39875,0
-0.00065801,0.011443,-0.032993,4.7711e-22,6.4984,0.41661,0
-0.00057268,0.010829,-0.031254,4.4644e-22,6.7485,0.43448,0
-0.00047762,0.0094371,-0.028536,-1.1195e-22,6.9986,0.45234,0
-0.00037069,0.0076283,-0.025662,2.1914e-22,7.2487,0.4702,0
-0.0002823,0.0055514,-0.023468,3.1423e-22,7.4989,0.48806,0
-0.00021126,0.003944,-0.022128,6.0335e-23,7.749,0.50592,0
-0.00015408,0.0034791,-0.020831,-2.3754e-24,7.9991,0.52378,0
-0.00011733,0.0060182,-0.015698,-3.3824e-23,8.2492,0.54164,0
-7.8682e-05,0.011497,-0.0060983,-5.7734e-25,8.4993,0.5595,0
-5.6678e-05,0.018173,0.0044182,2.937e-23,8.7494,0.57736,0
-4.7518e-05,0.024252,0.013296,3.3126e-23,8.9995,0.59522,0
-3.3277e-05,0.028693,0.018627,3.6633e-23,9.2497,0.61308,0
-3.0882e-05,0.03162,0.020986,1.4781e-23,9.4998,0.63094,0
-3.4985e-05,0.033288,0.021812,1.5633e-23,9.7499,0.64881,0
-4.3492e-05,0.034227,0.021901,-2.1409e-25,10,0.66667,0
-0.0012523,-0.0025325,0.031936,7.714e-22,2.7368,0.29705,0
-0.0012864,0,0,0,2.4863,0.26132,0
-0.0012894,-0.0024198,0.031529,1.9027e-21,2.9872,0.33279,0
-0.0014243,-0.0017608,0.030756,1.1213e-21,3.2377,0.36852,0
-0.0016105,-0.00077259,0.026819,-7.1539e-22,3.4881,0.40426,0
-0.0017981,0.0024858,0.021081,1.0233e-21,3.7386,0.43999,0
-0.0019692,0.0048881,0.015016,-2.8325e-21,3.989,0.47572,0
-0.0021058,0.0070422,0.0044622,-7.1173e-21,4.2395,0.51146,0
-0.0020759,0.01079,-0.012284,-3.9654e-21,4.49,0.54719,0
-0.0018927,0.01388,-0.025435,4.867e-22,4.7404,0.58292,0
-0.0016519,0.01694,-0.03152,2.4479e-21,4.9909,0.61866,0
-0.0014153,0.019453,-0.034644,1.6134e-21,5.2413,0.65439,0
-0.0011879,0.020682,-0.035524,1.7051e-21,5.4918,0.69013,0
-0.0010015,0.020954,-0.034976,-8.8864e-23,5.7422,0.72586,0
-0.00084742,0.020765,-0.033828,3.845e-23,5.9927,0.76159,0
-0.00071178,0.020044,-0.032451,6.7464e-22,6.2432,0.79733,0
-0.00059392,0.019214,-0.031177,4.8089e-22,6.4936,0.83306,0
-0.00047942,0.018061,-0.029403,6.3394e-22,6.7441,0.86879,0
-0.00037554,0.016918,-0.026533,-4.5507e-23,6.9945,0.90453,0
-0.00028713,0.016158,-0.023306,-1.4693e-23,7.245,0.94026,0
-0.00020999,0.015539,-0.020128,1.4064e-22,7.4954,0.976,0
-0.00013963,0.014801,-0.017055,-4.9835e-23,7.7459,1.0117,0
-8.6115e-05,0.013433,-0.014988,4.1374e-23,7.9963,1.0475,0
-3.7384e-05,0.012105,-0.014099,-7.2868e-25,8.2468,1.0832,0
-6.4818e-08,0.011648,-0.01282,1.0015e-23,8.4973,1.1189,0
1.4473e-05,0.013306,-0.0086115,3.9821e-23,8.7477,1.1547,0
3.2786e-05,0.016715,-0.0018548,9.7703e-24,8.9982,1.1904,0
4.2368e-05,0.02094,0.0050609,7.4618e-24,9.2486,1.2261,0
3.4859e-05,0.025048,0.011328,5.3446e-24,9.4991,1.2619,0
2.5774e-05,0.028441,0.015846,3.2698e-24,9.7495,1.2976,0
1.1944e-05,0.031287,0.018595,-9.1942e-25,10,1.3333,0
-0.0012163,-0.0028385,0.031216,-6.4129e-23,2.7202,0.44472,0
-0.0012526,0,0,0,2.4692,0.39109,0
-0.0012557,-0.0011626,0.030976,-1.7581e-21,2.9713,0.49835,0
-0.0013926,0.0013087,0.030224,-2.1235e-21,3.2223,0.55198,0
-0.0015711,0.0043981,0.025691,3.9372e-21,3.4733,0.60561,0
-0.001748,0.0092459,0.018876,1.3099e-21,3.7244,0.65924,0
-0.0018998,0.013744,0.013021,-3.1141e-21,3.9754,0.71287,0
-0.0020176,0.017894,0.0027833,-8.6578e-22,4.2264,0.7665,0
-0.0020037,0.022587,-0.013806,-6.3611e-21,4.4774,0.82013,0
-0.0018464,0.026188,-0.026523,-7.2108e-21,4.7285,0.87376,0
-0.0016102,0.029009,-0.032663,-2.6959e-21,4.9795,0.92739,0
-0.0013603,0.031006,-0.034883,-1.8001e-21,5.2305,0.98102,0
-0.0011247,0.031605,-0.034487,-1.2384e-21,5.4815,1.0347,0
-0.00094652,0.031808,-0.033001,-6.1164e-22,5.7326,1.0883,0
-0.00078688,0.031707,-0.031029,-8.0492e-22,5.9836,1.1419,0
-0.00063973,0.031181,-0.028921,-9.8323e-22,6.2346,1.1955,0
-0.00051506,0.03022,-0.026761,-5.7153e-22,6.4856,1.2492,0
-0.00040384,0.028775,-0.024567,-5.6729e-22,6.7367,1.3028,0
-0.0003101,0.027272,-0.022531,-3.625e-22,6.9877,1.3564,0
-0.00022747,0.026057,-0.020399,-5.1288e-22,7.2387,1.4101,0
-0.00015488,0.025022,-0.017947,-1.4957e-22,7.4897,1.4637,0
-9.379e-05,0.024258,-0.015141,-2.7352e-23,7.7408,1.5173,0
-4.4406e-05,0.023745,-0.011946,-4.1231e-23,7.9918,1.571,0
-1.2348e-06,0.023152,-0.0090466,-2.2856e-23,8.2428,1.6246,0
2.6417e-05,0.022154,-0.0070843,-8.1882e-24,8.4938,1.6782,0
5.0732e-05,0.021331,-0.0059087,-4.7815e-24,8.7449,1.7318,0
7.193e-05,0.021146,-0.0047072,-3.6407e-23,8.9959,1.7855,0
7.6089e-05,0.02205,-0.0023,-1.5178e-22,9.2469,1.8391,0
7.6856e-05,0.023949,0.0014784,-5.8447e-23,9.4979,1.8927,0
6.9247e-05,0.026635,0.0052391,6.899e-23,9.749,1.9464,0
4.9965e-05,0.029767,0.0098263,-8.8423e-25,10,2,0
-0.0011436,-0.0028885,0.02967,-2.7433e-21,2.6972,0.59134,0
-0.0011896,0,0,0,2.4454,0.51978,0
-0.0011774,0.00046694,0.029502,-4.5918e-21,2.949,0.66291,0
-0.0013168,0.0044809,0.028354,-5.4175e-21,3.2008,0.73447,0
-0.0014901,0.0096927,0.023446,-5.7266e-21,3.4527,0.80603,0
-0.0016594,0.016165,0.016572,-4.6545e-21,3.7045,0.87759,0
-0.001796,0.020862,0.010842,5.6023e-21,3.9563,0.94916,0
-0.0018873,0.026623,0.00081185,6.8033e-21,4.2081,1.0207,0
-0.001872,0.033197,-0.015115,4.6344e-21,4.4599,1.0923,0
-0.0017366,0.037597,-0.02684,-6.0597e-22,4.7118,1.1638,0
-0.001502,0.040087,-0.032145,-2.9763e-21,4.9636,1.2354,0
-0.0012519,0.040679,-0.03344,-8.0479e-22,5.2154,1.307,0
-0.0010402,0.040478,-0.032755,-1.3585e-21,5.4672,1.3785,0
-0.00087301,0.040169,-0.031318,6.1194e-23,5.719,1.4501,0
-0.00071804,0.039665,-0.029221,3.6291e-22,5.9709,1.5217,0
-0.00058315,0.039026,-0.026497,3.1122e-23,6.2227,1.5932,0
-0.00046827,0.03815,-0.023553,-1.0174e-22,6.4745,1.6648,0
-0.00037102,0.037323,-0.020576,-6.9628e-22,6.7263,1.7363,0
-0.00028742,0.036395,-0.017767,-1.8411e-22,6.9781,1.8079,0
-0.00021027,0.035387,-0.015242,-6.8872e-23,7.23,1.8795,0
-0.00014349,0.034282,-0.012876,-3.0055e-23,7.4818,1.951,0
-8.8514e-05,0.033385,-0.010795,-8.5591e-25,7.7336,2.0226,0
-4.4325e-05,0.032673,-0.0087949,-5.0142e-23,7.9854,2.0942,0
-7.3808e-06,0.032401,-0.0066933,1.9137e-23,8.2373,2.1657,0
2.3106e-05,0.032296,-0.004356,-6.8522e-24,8.4891,2.2373,0
4.9121e-05,0.032222,-0.0020927,1.1824e-24,8.7409,2.3089,0
6.2302e-05,0.031948,-0.00020469,3.904e-23,8.9927,2.3804,0
6.8731e-05,0.031688,0.0010556,3.3333e-23,9.2445,2.452,0
7.9087e-05,0.031797,0.0017583,3.808e-23,9.4964,2.5235,0
7.615e-05,0.03226,0.0024146,1.5181e-23,9.7482,2.5951,0
6.2583e-05,0.0331,0.0050495,-1.9984e-24,10,2.6667,0
-0.0010523,-0.0027033,0.027304,9.9925e-22,2.6677,0.73659,0
-0.0011069,0,0,0,2.4148,0.64705,0
-0.0010827,0.0027329,0.02737,1.0612e-21,2.9205,0.82613,0
-0.0012168,0.0079893,0.025939,-4.0982e-22,3.1733,0.91568,0
-0.0013755,0.01458,0.020378,-2.9446e-21,3.4262,1.0052,0
-0.0015354,0.021888,0.013931,-3.7185e-22,3.679,1.0948,0
-0.0016587,0.026727,0.0080738,1.3463e-21,3.9319,1.1843,0
-0.0017313,0.035348,-0.0025186,6.2599e-22,4.1847,1.2738,0
-0.0016985,0.044248,-0.017178,2.8235e-21,4.4375,1.3634,0
-0.0015648,0.048866,-0.026529,3.5795e-21,4.6904,1.4529,0
-0.0013407,0.050179,-0.029904,2.959e-21,4.9432,1.5425,0
-0.0011202,0.049552,-0.030129,2.1722e-21,5.196,1.632,0
-0.00094113,0.048634,-0.029177,7.418e-22,5.4489,1.7216,0
-0.00078467,0.047271,-0.027689,-3.6417e-22,5.7017,1.8111,0
-0.00064621,0.045765,-0.025721,2.2293e-22,5.9546,1.9006,0
-0.000528,0.044284,-0.023277,4.6471e-22,6.2074,1.9902,0
-0.00042641,0.043103,-0.02079,3.3835e-22,6.4602,2.0797,0
-0.00033818,0.04217,-0.018241,6.0546e-22,6.7131,2.1693,0
-0.00026128,0.041495,-0.015452,6.3097e-22,6.9659,2.2588,0
-0.00019285,0.041051,-0.012595,3.7006e-22,7.2188,2.3484,0
-0.00013723,0.040682,-0.0099492,2.3579e-24,7.4716,2.4379,0
-8.9965e-05,0.040567,-0.0075246,-4.1877e-23,7.7244,2.5274,0
-5.1024e-05,0.040407,-0.0053441,3.1973e-23,7.9773,2.617,0
-1.6679e-05,0.040445,-0.0034909,2.6125e-23,8.2301,2.7065,0
1.0214e-05,0.040354,-0.0016904,-1.2707e-23,8.483,2.7961,0
3.1489e-05,0.040575,0.00012526,-9.2485e-25,8.7358,2.8856,0
4.4542e-05,0.040838,0.0020529,5.6939e-24,8.9886,2.9752,0
5.6026e-05,0.041434,0.0036985,1.1175e-22,9.2415,3.0647,0
6.1874e-05,0.04189,0.0052233,4.1258e-23,9.4943,3.1542,0
6.3348e-05,0.042182,0.0066925,-6.3232e-23,9.7472,3.2438,0
6.8809e-05,0.042504,0.0079942,-1.8629e-24,10,3.3333,0
-0.00095207,-0.0024057,0.023995,2.5353e-21,2.6317,0.88012,0
-0.001014,0,0,0,2.3776,0.77254,0
-0.00098072,0.004719,0.02426,4.7918e-21,2.8858,0.98771,0
-0.0011007,0.011642,0.02317,3.958e-21,3.1399,1.0953,0
-0.0012429,0.019822,0.01751,1.1402e-20,3.394,1.2029,0
-0.0013972,0.026957,0.01144,1.2127e-20,3.648,1.3105,0
-0.0014795,0.033398,0.0044618,0,3.9021,1.418,0
-0.0015549,0.045666,-0.0071335,0,4.1562,1.5256,0
-0.0015181,0.054741,-0.019472,-1.604e-21,4.4103,1.6332,0
-0.0013607,0.057358,-0.025326,8.1741e-22,4.6643,1.7408,0
-0.0011739,0.057007,-0.026847,1.9101e-21,4.9184,1.8484,0
-0.00099147,0.055619,-0.026464,1.2801e-22,5.1725,1.9559,0
-0.00083874,0.05402,-0.025226,1.3857e-21,5.4266,2.0635,0
-0.00070278,0.052186,-0.023385,8.002e-22,5.6807,2.1711,0
-0.00058421,0.05041,-0.021377,4.3186e-22,5.9347,2.2787,0
-0.00048172,0.048775,-0.019274,1.0587e-22,6.1888,2.3863,0
-0.00039421,0.047488,-0.017149,4.1971e-22,6.4429,2.4939,0
-0.00031905,0.046363,-0.015006,1.0329e-21,6.697,2.6014,0
-0.00025389,0.045597,-0.012907,3.4144e-22,6.9511,2.709,0
-0.00019696,0.045168,-0.010696,2.9645e-22,7.2051,2.8166,0
-0.0001491,0.045052,-0.0085267,1.533e-23,7.4592,2.9242,0
-0.00010657,0.045142,-0.0064728,1.9844e-22,7.7133,3.0318,0
-7.1227e-05,0.045386,-0.0043786,1.6084e-22,7.9674,3.1393,0
-4.1197e-05,0.045809,-0.0021432,-2.6926e-23,8.2214,3.2469,0
-1.9883e-05,0.046216,1.7771e-05,-5.0286e-23,8.4755,3.3545,0
-4.7685e-07,0.046886,0.001724,-5.1492e-23,8.7296,3.4621,0
1.5511e-05,0.047561,0.0030917,-3.8849e-23,8.9837,3.5697,0
3.468e-05,0.048635,0.0042922,-7.657e-23,9.2378,3.6773,0
4.0347e-05,0.049503,0.0059578,-4.5589e-23,9.4918,3.7848,0
4.5899e-05,0.05075,0.0075988,-9.4073e-25,9.7459,3.8924,0
5.532e-05,0.052164,0.0086809,0,10,4,0
-0.00085374,-0.0016863,0.020489,4.6264e-21,2.5895,1.0216,0
-0.00092182,0,0,0,2.334,0.89592,0
-0.0008742,0.0059564,0.019934,6.1518e-21,2.845,1.1473,0
-0.00097443,0.014749,0.019041,-1.1908e-21,3.1006,1.273,0
-0.0011035,0.023847,0.014045,-3.6015e-21,3.3561,1.3987,0
-0.0012602,0.031176,0.0082107,-2.8587e-21,3.6116,1.5244,0
-0.0013241,0.042986,-0.00015335,-4.3751e-22,3.8672,1.6501,0
-0.0013815,0.056558,-0.011427,1.022e-22,4.1227,1.7758,0
-0.001331,0.061977,-0.019753,5.7342e-22,4.3782,1.9015,0
-0.0011782,0.061986,-0.022853,6.2336e-22,4.6338,2.0271,0
-0.0010266,0.060458,-0.023534,9.2297e-22,4.8893,2.1528,0
-0.00087823,0.05845,-0.022969,1.8082e-21,5.1448,2.2785,0
-0.00075001,0.056336,-0.0218,3.1056e-22,5.4004,2.4042,0
-0.00063679,0.054389,-0.020116,1.4794e-22,5.6559,2.5299,0
-0.0005358,0.052716,-0.018233,-3.3442e-22,5.9114,2.6556,0
-0.00044973,0.051335,-0.016241,-3.17e-22,6.167,2.7813,0
-0.00037427,0.050283,-0.014267,6.2795e-22,6.4225,2.907,0
-0.00030861,0.049486,-0.012316,-1.1228e-23,6.678,3.0327,0
-0.00025096,0.048962,-0.010506,-3.1455e-22,6.9336,3.1584,0
-0.00020135,0.048605,-0.0087083,-3.9514e-23,7.1891,3.2841,0
-0.00015922,0.048535,-0.0068481,2.8745e-22,7.4447,3.4098,0
-0.00012291,0.048589,-0.0050723,2.0312e-22,7.7002,3.5354,0
-9.282e-05,0.048826,-0.0034289,1.4898e-22,7.9557,3.6611,0
-6.6832e-05,0.049242,-0.0018436,0,8.2113,3.7868,0
-4.5954e-05,0.049933,-0.00025824,6.2829e-23,8.4668,3.9125,0
-2.605e-05,0.050818,0.0011606,7.7852e-23,8.7223,4.0382,0
-1.1343e-05,0.05172,0.0023981,-1.6799e-25,8.9779,4.1639,0
3.7937e-06,0.052764,0.0035103,-3.0796e-23,9.2334,4.2896,0
1.1703e-05,0.053784,0.0047298,-1.4881e-23,9.4889,4.4153,0
1.7346e-05,0.055254,0.0055016,1.6464e-23,9.7445,4.541,0
2.0494e-05,0.05678,0.0058095,1.4565e-25,10,4.6667,0
-0.00076612,-0.00095905,0.017005,4.7048e-21,2.5411,1.1607,0
-0.00083731,0,0,0,2.2839,1.0168,0
-0.00077821,0.0075243,0.015681,4.6295e-21,2.7983,1.3046,0
-0.00086369,0.016892,0.014221,-8.0564e-21,3.0555,1.4485,0
-0.00098078,0.025551,0.0093328,-1.3584e-20,3.3127,1.5924,0
-0.001122,0.037991,0.003292,-6.2333e-21,3.5699,1.7363,0
-0.0011968,0.054462,-0.0053946,1.2647e-21,3.8271,1.8801,0
-0.0012266,0.063888,-0.013714,2.1583e-21,4.0843,2.024,0
-0.0011511,0.065321,-0.0183,-1.541e-21,4.3415,2.1679,0
-0.001028,0.064037,-0.019997,-2.7743e-21,4.5987,2.3118,0
-0.00090193,0.061929,-0.020301,-7.0522e-22,4.8559,2.4557,0
-0.00078298,0.05962,-0.01963,4.772e-22,5.1131,2.5996,0
-0.00067436,0.057455,-0.018532,-9.7305e-22,5.3703,2.7434,0
-0.00057929,0.055576,-0.017089,-1.789e-21,5.6275,2.8873,0
-0.00049403,0.054082,-0.015532,-2.0344e-21,5.8847,3.0312,0
-0.0004211,0.052944,-0.013905,-1.2876e-21,6.1419,3.1751,0
-0.00035572,0.052121,-0.012291,-5.2329e-22,6.3991,3.319,0
-0.00029947,0.051569,-0.010595,-1.6599e-22,6.6563,3.4629,0
-0.00024988,0.051261,-0.0089179,-3.1699e-22,6.9135,3.6067,0
-0.00020746,0.051092,-0.0073278,-4.7327e-22,7.1708,3.7506,0
-0.00017059,0.05113,-0.0057946,-2.1224e-22,7.428,3.8945,0
-0.00013903,0.051321,-0.0042575,-2.7903e-22,7.6852,4.0384,0
-0.00011216,0.051687,-0.002811,-1.3636e-22,7.9424,4.1823,0
-8.9357e-05,0.052135,-0.0015647,0,8.1996,4.3262,0
-7.0428e-05,0.052722,-0.00039224,6.0247e-23,8.4568,4.47,0
-5.3902e-05,0.053403,0.00069823,3.2351e-23,8.714,4.6139,0
-4.1167e-05,0.05417,0.0016575,-3.9789e-24,8.9712,4.7578,0
-2.8697e-05,0.055003,0.002281,7.2148e-24,9.2284,4.9017,0
-1.9124e-05,0.055891,0.0027689,4.5184e-23,9.4856,5.0456,0
-1.1762e-05,0.056929,0.0030622,4.3992e-23,9.7428,5.1895,0
-1.0047e-05,0.057844,0.0031767,1.296e-25,10,5.3333,0
-0.00069789,-0.0011493,0.012662,-8.0627e-21,2.4866,1.2971,0
-0.00077325,0,0,0,2.2275,1.135,0
-0.00069875,0.0080353,0.010846,-8.6706e-21,2.7457,1.4593,0
-0.00078181,0.017544,0.0095035,-5.5732e-21,3.0048,1.6215,0
-0.00089232,0.031044,0.0040622,1.6194e-21,3.2638,1.7836,0
-0.0010222,0.05011,-0.0020867,-1.6885e-21,3.5229,1.9458,0
-0.0010873,0.063153,-0.008968,-8.6802e-22,3.782,2.108,0
-0.0010937,0.066889,-0.013824,-6.9593e-22,4.0411,2.2701,0
-0.0010169,0.066412,-0.016499,-2.6835e-21,4.3002,2.4323,0
-0.0009134,0.064546,-0.01747,-1.8248e-21,4.5593,2.5945,0
-0.0008092,0.062271,-0.017459,-2.2993e-21,4.8183,2.7567,0
-0.00070927,0.060099,-0.016769,-2.0206e-21,5.0774,2.9188,0
-0.0006174,0.058209,-0.015794,-7.1371e-22,5.3365,3.081,0
-0.00053689,0.056661,-0.014552,-6.7767e-22,5.5956,3.2432,0
-0.00046299,0.055448,-0.013247,-1.2932e-23,5.8547,3.4053,0
-0.00039991,0.054496,-0.01183,-6.6134e-22,6.1138,3.5675,0
-0.00034274,0.053799,-0.010453,-3.3926e-22,6.3728,3.7297,0
-0.00029411,0.053313,-0.0090778,1.5673e-22,6.6319,3.8918,0
-0.00025087,0.053054,-0.0077029,3.4685e-24,6.891,4.054,0
-0.00021409,0.052964,-0.0063217,-4.134e-22,7.1501,4.2162,0
-0.00018179,0.053024,-0.0050367,-2.463e-22,7.4092,4.3783,0
-0.00015432,0.053214,-0.0038254,-1.5408e-22,7.6683,4.5405,0
-0.00013066,0.053546,-0.0026595,-1.1082e-22,7.9273,4.7027,0
-0.0001109,0.053955,-0.0015798,1.1228e-22,8.1864,4.8648,0
-9.3141e-05,0.054427,-0.00066019,-7.5091e-23,8.4455,5.027,0
-7.8369e-05,0.054944,7.4399e-05,-1.6524e-22,8.7046,5.1892,0
-6.6016e-05,0.055527,0.00072552,-9.5462e-25,8.9637,5.3513,0
-5.624e-05,0.056137,0.0011971,-3.2319e-24,9.2228,5.5135,0
-4.8579e-05,0.056712,0.001543,-9.6562e-24,9.4818,5.6757,0
-4.1408e-05,0.057238,0.001672,-7.8271e-23,9.7409,5.8378,0
-3.923e-05,0.057662,0.0017172,-6.521e-23,10,6,0
-0.00066363,-0.0024579,0.008323,7.5562e-21,2.4262,1.4306,0
-0.00073969,0,0,0,2.1651,1.25,0
-0.00065719,0.0064185,0.0042699,-7.5556e-21,2.6874,1.6111,0
-0.00073928,0.022111,0.0037295,1.3751e-21,2.9486,1.7917,0
-0.0008426,0.04408,-0.00058428,7.4871e-21,3.2097,1.9722,0
-0.00096298,0.060747,-0.0054569,-4.4318e-22,3.4709,2.1528,0
-0.0010046,0.066935,-0.0099743,-3.0269e-21,3.7321,2.3333,0
-0.00098391,0.067657,-0.012981,-3.6557e-21,3.9932,2.5139,0
-0.00091393,0.066263,-0.014714,1.8917e-21,4.2544,2.6944,0
-0.00082399,0.064173,-0.015292,2.7306e-21,4.5155,2.875,0
-0.00073473,0.062033,-0.015222,4.716e-22,4.7767,3.0556,0
-0.0006502,0.060155,-0.014586,5.4883e-22,5.0379,3.2361,0
-0.0005706,0.058524,-0.01374,6.989e-22,5.299,3.4167,0
-0.00050081,0.057221,-0.012649,1.5953e-21,5.5602,3.5972,0
-0.00043623,0.05617,-0.011495,2.0588e-21,5.8214,3.7778,0
-0.00038123,0.055386,-0.010253,1.0865e-21,6.0825,3.9583,0
-0.00033098,0.054855,-0.0090538,4.6563e-22,6.3437,4.1389,0
-0.00028863,0.05449,-0.0078509,3.7765e-22,6.6049,4.3194,0
-0.00025022,0.054306,-0.0067075,-7.063e-24,6.866,4.5,0
-0.00021769,0.054246,-0.0055662,2.0547e-22,7.1272,4.6806,0
-0.00018864,0.054329,-0.0044931,6.4842e-22,7.3884,4.8611,0
-0.00016463,0.054492,-0.0034897,5.2655e-22,7.6495,5.0417,0
-0.00014396,0.054727,-0.0025814,2.3078e-22,7.9107,5.2222,0
-0.00012632,0.055025,-0.0017387,5.0974e-24,8.1718,5.4028,0
-0.00011092,0.055372,-0.0009878,-5.9145e-23,8.433,5.5833,0
-9.8274e-05,0.055748,-0.00038024,3.4243e-23,8.6942,5.7639,0
-8.6522e-05,0.056119,5.3522e-05,-1.1191e-24,8.9553,5.9444,0
-7.8119e-05,0.056487,0.00033894,-8.933e-24,9.2165,6.125,0
-7.1271e-05,0.0568,0.00061829,-4.7216e-23,9.4777,6.3056,0
-6.6213e-05,0.05706,0.00075026,-5.2229e-23,9.7388,6.4861,0
-6.3799e-05,0.057256,0.0008237,7.131e-24,10,6.6667,0
-0.00066639,-0.0034576,0.0050485,-6.4487e-21,2.3601,1.5607,0
-0.00073985,0,0,0,2.0967,1.3616,0
-0.00064589,0.010975,-0.00082317,-4.297e-21,2.6236,1.7597,0
-0.00072323,0.035385,-0.0006312,3.6313e-21,2.887,1.9588,0
-0.00082135,0.056611,-0.003798,-1.2162e-21,3.1505,2.1578,0
-0.00090806,0.065611,-0.007098,1.3337e-21,3.4139,2.3569,0
-0.00093102,0.067829,-0.010013,7.1739e-22,3.6773,2.5559,0
-0.00090345,0.067222,-0.012019,5.9734e-22,3.9408,2.755,0
-0.00083638,0.06553,-0.013198,2.218e-21,4.2042,2.9541,0
-0.00075769,0.063595,-0.013536,1.2621e-21,4.4677,3.1531,0
-0.00068003,0.061736,-0.013384,9.4775e-22,4.7311,3.3522,0
-0.00060603,0.060104,-0.012778,9.5665e-22,4.9946,3.5512,0
-0.00053538,0.058725,-0.012001,6.8194e-22,5.258,3.7503,0
-0.0004739,0.057662,-0.011021,7.3946e-22,5.5215,3.9493,0
-0.0004161,0.056819,-0.010036,5.7945e-22,5.7849,4.1484,0
-0.00036724,0.05624,-0.0089826,8.297e-22,6.0483,4.3475,0
-0.00032214,0.055809,-0.0079663,4.7088e-22,6.3118,4.5465,0
-0.00028422,0.055525,-0.0069227,-9.791e-23,6.5752,4.7456,0
-0.00024977,0.055363,-0.0059453,5.0236e-23,6.8387,4.9446,0
-0.0002213,0.05528,-0.0049881,6.344e-23,7.1021,5.1437,0
-0.00019613,0.055311,-0.0041157,-2.7475e-22,7.3656,5.3428,0
-0.0001758,0.055389,-0.0032624,1.1681e-23,7.629,5.5418,0
-0.00015764,0.055542,-0.0024922,2.9645e-22,7.8924,5.7409,0
-0.00014235,0.05572,-0.0018143,4.1621e-23,8.1559,5.9399,0
-0.00012907,0.055931,-0.0012677,1.5102e-22,8.4193,6.139,0
-0.00011853,0.056167,-0.00079469,1.219e-22,8.6828,6.338,0
-0.00010918,0.056387,-0.00042083,-2.2119e-22,8.9462,6.5371,0
-0.00010186,0.056574,-0.00013309,-1.2943e-22,9.2097,6.7362,0
-9.4343e-05,0.056681,0.00011048,-1.5356e-23,9.4731,6.9352,0
-8.9421e-05,0.056788,0.00021253,6.3323e-23,9.7366,7.1343,0
-8.5149e-05,0.056824,0.00031075,5.3855e-23,10,7.3333,0
-0.0006909,0.0002439,0.0035584,-2.5511e-20,2.2885,1.6871,0
-0.00075967,0,0,0,2.0225,1.4695,0
-0.0006572,0.024767,-0.002503,1.4593e-22,2.5544,1.9048,0
-0.00071616,0.049853,-0.0024795,1.4333e-21,2.8203,2.1225,0
-0.00080023,0.06306,-0.0055189,-1.1688e-21,3.0862,2.3402,0
-0.00086369,0.066986,-0.0077855,0,3.3521,2.5579,0
-0.00087176,0.067476,-0.0097643,1.0928e-21,3.618,2.7756,0
-0.00083956,0.066409,-0.011112,1.2629e-21,3.8839,2.9933,0
-0.00077691,0.064877,-0.011875,3.3875e-22,4.1499,3.2109,0
-0.00070564,0.063199,-0.011995,-3.6159e-24,4.4158,3.4286,0
-0.00063468,0.061611,-0.011748,4.3919e-24,4.6817,3.6463,0
-0.00056776,0.060266,-0.011139,-1.0281e-21,4.9476,3.864,0
-0.00050349,0.059147,-0.010464,3.616e-22,5.2135,4.0817,0
-0.0004474,0.058264,-0.0096079,8.2857e-22,5.4794,4.2994,0
-0.00039517,0.057559,-0.0087456,-2.1697e-22,5.7454,4.517,0
-0.00035116,0.057019,-0.0078087,-5.1771e-23,6.0113,4.7347,0
-0.00031063,0.056583,-0.0069186,-6.4943e-22,6.2772,4.9524,0
-0.0002772,0.056284,-0.0060256,2.9235e-22,6.5431,5.1701,0
-0.00024713,0.056068,-0.005199,-3.9063e-22,6.809,5.3878,0
-0.00022276,0.055946,-0.0043955,-3.5428e-22,7.0749,5.6055,0
-0.00020104,0.05591,-0.0036824,4.0238e-23,7.3408,5.8232,0
-0.00018334,0.055913,-0.0030069,1.2678e-23,7.6068,6.0408,0
-0.00016633,0.055998,-0.0023982,2.2237e-22,7.8727,6.2585,0
-0.00015164,0.056092,-0.0018181,-2.3693e-22,8.1386,6.4762,0
-0.0001386,0.05621,-0.001366,-4.5907e-22,8.4045,6.6939,0
-0.00012895,0.056306,-0.00099413,-8.8645e-23,8.6704,6.9116,0
-0.0001205,0.056397,-0.00068364,3.2944e-23,8.9363,7.1293,0
-0.00011415,0.05645,-0.0003719,-5.2822e-22,9.2023,7.3469,0
-0.00010799,0.056452,-0.0001662,-3.3097e-22,9.4682,7.5646,0
-0.00010521,0.05649,-4.4882e-05,-5.8693e-24,9.7341,7.7823,0
-9.8689e-05,0.056383,0.00010795,0,10,8,0
-0.0006661,0.0082437,0.0027844,5.6424e-21,2.2114,1.8097,0
-0.00073711,0,0,0,1.9429,1.5733,0
-0.00064896,0.03884,-0.0028195,3.7428e-21,2.48,2.0462,0
-0.00071935,0.058208,-0.0041214,8.0882e-22,2.7486,2.2826,0
-0.00078887,0.065525,-0.006512,0,3.0171,2.5191,0
-0.00083826,0.067154,-0.0080134,2.4344e-21,3.2857,2.7555,0
-0.00083553,0.067006,-0.0093772,2.5125e-21,3.5543,2.992,0
-0.0007969,0.065901,-0.010281,2.9501e-23,3.8229,3.2284,0
-0.00073493,0.064549,-0.010709,-7.3566e-22,4.0914,3.4649,0
-0.00066742,0.06305,-0.010644,-1.2493e-21,4.36,3.7013,0
-0.00060105,0.061686,-0.010368,-1.4797e-21,4.6286,3.9378,0
-0.00053992,0.060546,-0.0097843,-2.5192e-21,4.8971,4.1742,0
-0.00048048,0.059518,-0.0091613,-1.8639e-21,5.1657,4.4106,0
-0.0004301,0.0587,-0.0084045,-5.4367e-22,5.4343,4.6471,0
-0.00038239,0.058005,-0.007672,-4.1706e-22,5.7029,4.8835,0
-0.00034271,0.057467,-0.0068652,-1.5884e-21,5.9714,5.12,0
-0.00030624,0.057047,-0.0061221,-1.1571e-21,6.24,5.3564,0
-0.0002764,0.056746,-0.0053534,-2.7854e-22,6.5086,5.5929,0
-0.00024925,0.056524,-0.0046593,2.512e-23,6.7771,5.8293,0
-0.00022699,0.056392,-0.0039918,-7.1433e-22,7.0457,6.0658,0
-0.00020705,0.056316,-0.0033963,-5.7773e-22,7.3143,6.3022,0
-0.00019044,0.056273,-0.0028318,-4.7584e-22,7.5829,6.5387,0
-0.00017483,0.056281,-0.0023479,-3.0599e-22,7.8514,6.7751,0
-0.00016329,0.056288,-0.0018696,-4.1741e-22,8.12,7.0115,0
-0.00015319,0.056341,-0.0014565,-1.9154e-22,8.3886,7.248,0
-0.00014526,0.056356,-0.0010952,4.5923e-22,8.6571,7.4844,0
-0.00013749,0.056384,-0.00079446,4.4727e-22,8.9257,7.7209,0
-0.00013476,0.056341,-0.00048402,4.5927e-22,9.1943,7.9573,0
-0.00012608,0.056318,-0.0003245,2.1082e-22,9.4629,8.1938,0
-0.00012556,0.056211,-0.00010335,2.1654e-22,9.7314,8.4302,0
-0.00011928,0.055797,7.2379e-05,0,10,8.6667,0
-0.00063135,0.016257,-0.00021601,9.6174e-21,2.1293,1.9282,0
-0.00068339,0,0,0,1.8579,1.6728,0
-0.00065724,0.049188,-0.0044456,-2.7565e-21,2.4007,2.1835,0
-0.00074267,0.062359,-0.0057147,4.0622e-23,2.6721,2.4389,0
-0.00079573,0.066524,-0.0071142,-3.3538e-22,2.9435,2.6942,0
-0.00081925,0.067018,-0.0080092,2.3201e-22,3.2149,2.9496,0
-0.0008051,0.066645,-0.0088557,8.2996e-24,3.4863,3.2049,0
-0.00075971,0.065492,-0.0094249,3.0636e-22,3.7577,3.4603,0
-0.00069162,0.064197,-0.0096653,6.6593e-22,4.0291,3.7156,0
-0.00062685,0.062795,-0.0095131,-8.3429e-22,4.3005,3.971,0
-0.00056138,0.061575,-0.0092285,-8.5215e-22,4.5719,4.2263,0
-0.00050521,0.060496,-0.0086662,6.2949e-22,4.8433,4.4817,0
-0.00044869,0.059553,-0.008103,-8.4855e-22,5.1147,4.737,0
-0.00040486,0.058828,-0.0074087,-5.9739e-22,5.3861,4.9924,0
-0.00035983,0.058197,-0.0067521,-1.0767e-21,5.6575,5.2477,0
-0.00032565,0.057738,-0.0060296,-1.1717e-22,5.9289,5.5031,0
-0.00029207,0.057347,-0.0053704,-3.2708e-22,6.2003,5.7584,0
-0.00026636,0.057071,-0.004691,-5.904e-22,6.4717,6.0138,0
-0.00024144,0.056841,-0.0040963,4.8988e-22,6.7431,6.2691,0
-0.00022263,0.056692,-0.0035153,-8.7563e-23,7.0145,6.5245,0
-0.0002045,0.056562,-0.0030137,-3.2354e-22,7.286,6.7798,0
-0.00019031,0.056484,-0.0025293,-3.7527e-22,7.5574,7.0352,0
-0.00017727,0.056418,-0.0021358,-3.1396e-22,7.8288,7.2905,0
-0.00016891,0.056364,-0.0017549,2.1749e-22,8.1002,7.5459,0
-0.00015916,0.056346,-0.001425,5.963e-22,8.3716,7.8012,0
-0.00015075,0.056284,-0.0011125,-5.8052e-23,8.643,8.0566,0
-0.00014137,0.056252,-0.00080509,2.4231e-22,8.9144,8.3119,0
-0.00013661,0.056103,-0.00046942,5.7272e-22,9.1858,8.5673,0
-0.00011497,0.056081,-0.00016978,3.0228e-22,9.4572,8.8226,0
-0.00014006,0.055471,0.00026838,-8.3065e-25,9.7286,9.078,0
-0.00012991,0.05412,0.00036818,-4.3309e-24,10,9.3333,0
-0.00022146,0.05557,0.00047884,0,10.306,-9.3333,0
-0.00019581,0,0,0,10.306,-10,0
-0.00022583,0.055368,0.00053389,0,10.611,-9.3333,0
-0.00021679,0,0,0,10.611,-10,0
-0.00021113,0.055,0.00060331,0,10.917,-9.3333,0
-0.00020234,0,0,0,10.917,-10,0
-0.00020147,0.054672,0.00065825,0,11.222,-9.3333,0
-0.00019489,0,0,0,11.222,-10,0
-0.00019129,0.054334,0.00068435,0,11.528,-9.3333,0
-0.00018666,0,0,0,11.528,-10,0
-0.00018151,0.054005,0.00069095,0,11.833,-9.3333,0
-0.00017805,0,0,0,11.833,-10,0
-0.00017183,0.053681,0.00068533,0,12.139,-9.3333,0
-0.00016936,0,0,0,12.139,-10,0
-0.00016254,0.053368,0.00067153,0,12.444,-9.3333,0
-0.00016074,0,0,0,12.444,-10,0
-0.00015355,0.053068,0.00064345,0,12.75,-9.3333,0
-0.00015227,0,0,0,12.75,-10,0
-0.00014494,0.052786,0.00060419,0,13.056,-9.3333,0
-0.00014407,0,0,0,13.056,-10,0
-0.00013671,0.052524,0.00056069,0,13.361,-9.3333,0
-0.00013616,0,0,0,13.361,-10,0
-0.00012889,0.052286,0.00051404,0,13.667,-9.3333,0
-0.00012859,0,0,0,13.667,-10,0
-0.00012147,0.052072,0.00046085,0,13.972,-9.3333,0
-0.00012136,0,0,0,13.972,-10,0
-0.00011449,0.051886,0.00039684,0,14.278,-9.3333,0
-0.00011454,0,0,0,14.278,-10,0
-0.0001079,0.051731,0.0003315,0,14.583,-9.3333,0
-0.00010806,0,0,0,14.583,-10,0
-0.00010174,0.051606,0.00027631,0,14.889,-9.3333,0
-0.00010196,0,0,0,14.889,-10,0
-9.6039e-05,0.051511,0.00022754,0,15.194,-9.3333,0
-9.6316e-05,0,0,0,15.194,-10,0
-9.0715e-05,0.051448,0.00016603,0,15.5,-9.3333,0
-9.097e-05,0,0,0,15.5,-10,0
-8.6097e-05,0.051419,8.612e-05,0,15.806,-9.3333,0
-8.6574e-05,0,0,0,15.806,-10,0
-8.1901e-05,0.051433,-1.3267e-06,0,16.111,-9.3333,0
-8.2641e-05,0,0,0,16.111,-10,0
-7.753e-05,0.051486,-7.9831e-05,0,16.417,-9.3333,0
-7.8044e-05,0,0,0,16.417,-10,0
-7.3995e-05,0.051571,-0.00014504,0,16.722,-9.3333,0
-7.4674e-05,0,0,0,16.722,-10,0
-7.0493e-05,0.051692,-0.00019686,0,17.028,-9.3333,0
-7.1049e-05,0,0,0,17.028,-10,0
-6.7298e-05,0.05183,-0.00023373,0,17.333,-9.3333,0
-6.7544e-05,0,0,0,17.333,-10,0
-6.4972e-05,0.05199,-0.00026082,0,17.639,-9.3333,0
-6.5302e-05,0,0,0,17.639,-10,0
-6.2762e-05,0.052157,-0.00027517,0,17.944,-9.3333,0
-6.2971e-05,0,0,0,17.944,-10,0
-6.0935e-05,0.052326,-0.00027759,0,18.25,-9.3333,0
-6.1079e-05,0,0,0,18.25,-10,0
-5.9312e-05,0.052488,-0.0002671,0,18.556,-9.3333,0
-5.9372e-05,0,0,0,18.556,-10,0
-5.7899e-05,0.052636,-0.0002435,0,18.861,-9.3333,0
-5.7887e-05,0,0,0,18.861,-10,0
-5.6616e-05,0.052766,-0.00020527,0,19.167,-9.3333,0
-5.6533e-05,0,0,0,19.167,-10,0
-5.5426e-05,0.052873,-0.00015504,0,19.472,-9.3333,0
-5.5269e-05,0,0,0,19.472,-10,0
-5.4292e-05,0.052956,-0.00010034,0,19.778,-9.3333,0
-5.4076e-05,0,0,0,19.778,-10,0
-5.3133e-05,0.053013,-5.3793e-05,0,20.083,-9.3333,0
-5.2826e-05,0,0,0,20.083,-10,0
-5.2003e-05,0.05305,-2.1792e-05,0,20.389,-9.3333,0
-5.1667e-05,0,0,0,20.389,-10,0
-5.1075e-05,0.053066,-6.7532e-07,0,20.694,-9.3333,0
-5.0985e-05,0,0,0,20.694,-10,0
-5.0013e-05,0.053067,2.1009e-05,0,21,-9.3333,0
-5.0142e-05,0,0,0,21,-10,0
-4.8674e-05,0.053047,5.0976e-05,0,21.306,-9.3333,0
-4.8824e-05,0,0,0,21.306,-10,0
-4.6979e-05,0.05301,8.8244e-05,0,21.611,-9.3333,0
-4.6911e-05,0,0,0,21.611,-10,0
-4.5351e-05,0.052952,0.000127,0,21.917,-9.3333,0
-4.5188e-05,0,0,0,21.917,-10,0
-4.3768e-05,0.05288,0.00016291,0,22.222,-9.3333,0
-4.3639e-05,0,0,0,22.222,-10,0
-4.1988e-05,0.052791,0.00019797,0,22.528,-9.3333,0
-4.1799e-05,0,0,0,22.528,-10,0
-4.0238e-05,0.052688,0.00023141,0,22.833,-9.3333,0
-4.0064e-05,0,0,0,22.833,-10,0
-3.8392e-05,0.05257,0.00026315,0,23.139,-9.3333,0
-3.8206e-05,0,0,0,23.139,-10,0
-3.6518e-05,0.052438,0.00029147,0,23.444,-9.3333,0
-3.6329e-05,0,0,0,23.444,-10,0
-3.4601e-05,0.052293,0.00031591,0,23.75,-9.3333,0
-3.4405e-05,0,0,0,23.75,-10,0
-3.2656e-05,0.052135,0.00033722,0,24.056,-9.3333,0
-3.2455e-05,0,0,0,24.056,-10,0
-3.0688e-05,0.051966,0.0003571,0,24.361,-9.3333,0
-3.0482e-05,0,0,0,24.361,-10,0
-2.8708e-05,0.051786,0.00037641,0,24.667,-9.3333,0
-2.8498e-05,0,0,0,24.667,-10,0
-2.6724e-05,0.051595,0.00039472,0,24.972,-9.3333,0
-2.651e-05,0,0,0,24.972,-10,0
-2.4742e-05,0.051394,0.00041087,0,25.278,-9.3333,0
-2.4524e-05,0,0,0,25.278,-10,0
-2.2767e-05,0.051185,0.00042421,0,25.583,-9.3333,0
-2.2546e-05,0,0,0,25.583,-10,0
-2.0803e-05,0.05097,0.00043509,0,25.889,-9.3333,0
-2.058e-05,0,0,0,25.889,-10,0
-1.8856e-05,0.050751,0.00044479,0,26.194,-9.3333,0
-1.863e-05,0,0,0,26.194,-10,0
-1.6929e-05,0.050529,0.00045369,0,26.5,-9.3333,0
-1.6697e-05,0,0,0,26.5,-10,0
-1.5027e-05,0.050305,0.00046077,0,26.806,-9.3333,0
-1.4788e-05,0,0,0,26.806,-10,0
-1.3148e-05,0.050082,0.00046349,0,27.111,-9.3333,0
-1.2902e-05,0,0,0,27.111,-10,0
-1.1289e-05,0.049862,0.00045992,0,27.417,-9.3333,0
-1.1039e-05,0,0,0,27.417,-10,0
-9.4447e-06,0.049648,0.00044925,0,27.722,-9.3333,0
-9.1959e-06,0,0,0,27.722,-10,0
-7.6107e-06,0.049444,0.00043237,0,28.028,-9.3333,0
-7.3711e-06,0,0,0,28.028,-10,0
-5.7798e-06,0.049251,0.00040985,0,28.333,-9.3333,0
-5.5528e-06,0,0,0,28.333,-10,0
-3.9635e-06,0.049072,0.00038155,0,28.639,-9.3333,0
-3.7649e-06,0,0,0,28.639,-10,0
-2.134e-06,0.04891,0.00034523,0,28.944,-9.3333,0
-1.9588e-06,0,0,0,28.944,-10,0
-3.1893e-07,0.04877,0.00029829,0,29.25,-9.3333,0
-1.9545e-07,0,0,0,29.25,-10,0
1.5036e-06,0.048657,0.00023795,0,29.556,-9.3333,0
1.5708e-06,0,0,0,29.556,-10,0
3.3615e-06,0.048576,0.0001644,0,29.861,-9.3333,0
3.3739e-06,0,0,0,29.861,-10,0
5.1496e-06,0.048525,7.8918e-05,0,30.167,-9.3333,0
5.0278e-06,0,0,0,30.167,-10,0
6.9268e-06,0.048506,-1.6985e-05,0,30.472,-9.3333,0
6.6765e-06,0,0,0,30.472,-10,0
8.5792e-06,0.048525,-0.00013014,0,30.778,-9.3333,0
8.1414e-06,0,0,0,30.778,-10,0
1.0319e-05,0.048609,-0.00027466,0,31.083,-9.3333,0
9.9431e-06,0,0,0,31.083,-10,0
1.185e-05,0.048794,-0.00045104,0,31.389,-9.3333,0
1.1583e-05,0,0,0,31.389,-10,0
1.2988e-05,0.049112,-0.0006374,0,31.694,-9.3333,0
1.2662e-05,0,0,0,31.694,-10,0
1.385e-05,0.049556,-0.00079895,0,32,-9.3333,0
1.351e-05,0,0,0,32,-10,0
1.4083e-05,0.050085,-0.00091076,0,32.306,-9.3333,0
1.3676e-05,0,0,0,32.306,-10,0
1.3704e-05,0.050647,-0.00096093,0,32.611,-9.3333,0
1.329e-05,0,0,0,32.611,-10,0
1.2735e-05,0.051193,-0.00094939,0,32.917,-9.3333,0
1.2402e-05,0,0,0,32.917,-10,0
1.1312e-05,0.051689,-0.0008837,0,33.222,-9.3333,0
1.112e-05,0,0,0,33.222,-10,0
9.5679e-06,0.052116,-0.00077427,0,33.528,-9.3333,0
9.5334e-06,0,0,0,33.528,-10,0
7.6471e-06,0.052466,-0.00063422,0,33.833,-9.3333,0
7.7514e-06,0,0,0,33.833,-10,0
5.6599e-06,0.052735,-0.00047846,0,34.139,-9.3333,0
5.8947e-06,0,0,0,34.139,-10,0
3.6755e-06,0.052925,-0.00032279,0,34.444,-9.3333,0
4.0183e-06,0,0,0,34.444,-10,0
1.8075e-06,0.053042,-0.00018025,0,34.75,-9.3333,0
2.2782e-06,0,0,0,34.75,-10,0
7.1854e-08,0.053094,-5.7928e-05,0,35.056,-9.3333,0
6.331e-07,0,0,0,35.056,-10,0
-1.6295e-06,0.053089,4.4881e-05,0,35.361,-9.3333,0
-1.1396e-06,0,0,0,35.361,-10,0
-3.0282e-06,0.053039,0.00013196,0,35.667,-9.3333,0
-2.5771e-06,0,0,0,35.667,-10,0
-4.0754e-06,0.052949,0.00020487,0,35.972,-9.3333,0
-3.5964e-06,0,0,0,35.972,-10,0
-4.9311e-06,0.05283,0.00026297,0,36.278,-9.3333,0
-4.4459e-06,0,0,0,36.278,-10,0
-5.5504e-06,0.052687,0.00030768,0,36.583,-9.3333,0
-5.0653e-06,0,0,0,36.583,-10,0
-5.9852e-06,0.052525,0.00034209,0,36.889,-9.3333,0
-5.5148e-06,0,0,0,36.889,-10,0
-6.2287e-06,0.052351,0.00036795,0,37.194,-9.3333,0
-5.7762e-06,0,0,0,37.194,-10,0
-6.312e-06,0.052166,0.00038777,0,37.5,-9.3333,0
-5.8817e-06,0,0,0,37.5,-10,0
-6.245e-06,0.051974,0.00040295,0,37.806,-9.3333,0
-5.8385e-06,0,0,0,37.806,-10,0
-6.0519e-06,0.051778,0.00041468,0,38.111,-9.3333,0
-5.67e-06,0,0,0,38.111,-10,0
-5.7431e-06,0.051579,0.00042393,0,38.417,-9.3333,0
-5.3862e-06,0,0,0,38.417,-10,0
-5.3415e-06,0.051378,0.00043086,0,38.722,-9.3333,0
-5.0085e-06,0,0,0,38.722,-10,0
-4.8547e-06,0.051176,0.00043663,0,39.028,-9.3333,0
-4.5439e-06,0,0,0,39.028,-10,0
-4.3051e-06,0.050972,0.00044126,0,39.333,-9.3333,0
-4.013e-06,0,0,0,39.333,-10,0
-3.6968e-06,0.050766,0.00044498,0,39.639,-9.3333,0
-3.4192e-06,0,0,0,39.639,-10,0
-3.0486e-06,0.050556,0.00044711,0,39.944,-9.3333,0
-2.7805e-06,0,0,0,39.944,-10,0
-2.3561e-06,0.050346,0.00044751,0,40.25,-9.3333,0
-2.0959e-06,0,0,0,40.25,-10,0
-1.6325e-06,0.050132,0.00044779,0,40.556,-9.3333,0
-1.3807e-06,0,0,0,40.556,-10,0
-8.7707e-07,0.049916,0.00044972,0,40.861,-9.3333,0
-6.3476e-07,0,0,0,40.861,-10,0
-1.0743e-07,0.049693,0.00045544,0,41.167,-9.3333,0
1.273e-07,0,0,0,41.167,-10,0
6.7188e-07,0.049466,0.00046429,0,41.472,-9.3333,0
9.0198e-07,0,0,0,41.472,-10,0
1.4547e-06,0.049236,0.00047285,0,41.778,-9.3333,0
1.6821e-06,0,0,0,41.778,-10,0
2.2457e-06,0.049007,0.00047684,0,42.083,-9.3333,0
2.4707e-06,0,0,0,42.083,-10,0
3.0509e-06,0.04878,0.00047589,0,42.389,-9.3333,0
3.2699e-06,0,0,0,42.389,-10,0
3.8725e-06,0.048552,0.00047532,0,42.694,-9.3333,0
4.0885e-06,0,0,0,42.694,-10,0
4.6872e-06,0.048316,0.00048297,0,43,-9.3333,0
4.9088e-06,0,0,0,43,-10,0
5.5003e-06,0.048068,0.00050193,0,43.306,-9.3333,0
5.7355e-06,0,0,0,43.306,-10,0
6.2971e-06,0.047816,0.00052454,0,43.611,-9.3333,0
6.5525e-06,0,0,0,43.611,-10,0
7.0891e-06,0.047573,0.00053354,0,43.917,-9.3333,0
7.3538e-06,0,0,0,43.917,-10,0
7.9595e-06,0.047353,0.00051356,0,44.222,-9.3333,0
8.2238e-06,0,0,0,44.222,-10,0
8.8604e-06,0.047158,0.00046738,0,44.528,-9.3333,0
9.103e-06,0,0,0,44.528,-10,0
9.9066e-06,0.046973,0.00042189,0,44.833,-9.3333,0
1.0112e-05,0,0,0,44.833,-10,0
1.1031e-05,0.046767,0.00041025,0,45.139,-9.3333,0
1.1219e-05,0,0,0,45.139,-10,0
1.2058e-05,0.046516,0.00043626,0,45.444,-9.3333,0
1.2218e-05,0,0,0,45.444,-10,0
1.3336e-05,0.04623,0.00044536,0,45.75,-9.3333,0
1.3486e-05,0,0,0,45.75,-10,0
1.4345e-05,0.045955,0.00033411,0,46.056,-9.3333,0
1.4408e-05,0,0,0,46.056,-10,0
1.5403e-05,0.04581,-8.7819e-06,0,46.361,-9.3333,0
1.55e-05,0,0,0,46.361,-10,0
1.788e-05,0.045974,-0.0006191,0,46.667,-9.3333,0
1.8581e-05,0,0,0,46.667,-10,0
2.1e-05,0.04657,-0.0013595,0,46.972,-9.3333,0
2.2028e-05,0,0,0,46.972,-10,0
2.3869e-05,0.047569,-0.0019799,0,47.278,-9.3333,0
2.432e-05,0,0,0,47.278,-10,0
2.5901e-05,0.048818,-0.0023159,0,47.583,-9.3333,0
2.5895e-05,0,0,0,47.583,-10,0
2.6571e-05,0.050129,-0.0023486,0,47.889,-9.3333,0
2.6863e-05,0,0,0,47.889,-10,0
2.5966e-05,0.051346,-0.0021432,0,48.194,-9.3333,0
2.6982e-05,0,0,0,48.194,-10,0
2.433e-05,0.052376,-0.001799,0,48.5,-9.3333,0
2.6121e-05,0,0,0,48.5,-10,0
2.2058e-05,0.053178,-0.0014026,0,48.806,-9.3333,0
2.4335e-05,0,0,0,48.806,-10,0
1.9678e-05,0.05375,-0.0010139,0,49.111,-9.3333,0
2.1901e-05,0,0,0,49.111,-10,0
1.7201e-05,0.054112,-0.00066389,0,49.417,-9.3333,0
1.9124e-05,0,0,0,49.417,-10,0
1.4695e-05,0.054301,-0.00036574,0,49.722,-9.3333,0
1.6378e-05,0,0,0,49.722,-10,0
1.2321e-05,0.054351,-0.00011638,0,50.028,-9.3333,0
1.3814e-05,0,0,0,50.028,-10,0
1.0207e-05,0.054293,8.7881e-05,0,50.333,-9.3333,0
1.1534e-05,0,0,0,50.333,-10,0
8.4059e-06,0.054151,0.00025365,0,50.639,-9.3333,0
9.5773e-06,0,0,0,50.639,-10,0
6.8986e-06,0.053948,0.0003843,0,50.944,-9.3333,0
7.9452e-06,0,0,0,50.944,-10,0
5.6574e-06,0.053699,0.00048356,0,51.25,-9.3333,0
6.5991e-06,0,0,0,51.25,-10,0
4.6604e-06,0.053418,0.00055863,0,51.556,-9.3333,0
5.5167e-06,0,0,0,51.556,-10,0
3.8756e-06,0.053113,0.00060992,0,51.861,-9.3333,0
4.6563e-06,0,0,0,51.861,-10,0
3.2869e-06,0.052797,0.00064546,0,52.167,-9.3333,0
4.0034e-06,0,0,0,52.167,-10,0
2.8626e-06,0.052473,0.00066196,0,52.472,-9.3333,0
3.5202e-06,0,0,0,52.472,-10,0
2.5958e-06,0.052152,0.00066827,0,52.778,-9.3333,0
3.2001e-06,0,0,0,52.778,-10,0
2.4556e-06,0.05183,0.0006654,0,53.083,-9.3333,0
3.0109e-06,0,0,0,53.083,-10,0
2.433e-06,0.051518,0.00065869,0,53.389,-9.3333,0
2.9449e-06,0,0,0,53.389,-10,0
2.5034e-06,0.051208,0.00065249,0,53.694,-9.3333,0
2.9765e-06,0,0,0,53.694,-10,0
2.6503e-06,0.05091,0.00064078,0,54,-9.3333,0
3.0891e-06,0,0,0,54,-10,0
2.8774e-06,0.05062,0.00062616,0,54.306,-9.3333,0
3.2818e-06,0,0,0,54.306,-10,0
3.1619e-06,0.050345,0.00060392,0,54.611,-9.3333,0
3.5336e-06,0,0,0,54.611,-10,0
3.5241e-06,0.050079,0.00057882,0,54.917,-9.3333,0
3.8605e-06,0,0,0,54.917,-10,0
3.9269e-06,0.049823,0.00055707,0,55.222,-9.3333,0
4.2332e-06,0,0,0,55.222,-10,0
4.3794e-06,0.049569,0.00054289,0,55.528,-9.3333,0
4.658e-06,0,0,0,55.528,-10,0
4.838e-06,0.049319,0.00053686,0,55.833,-9.3333,0
5.0984e-06,0,0,0,55.833,-10,0
5.3196e-06,0.049069,0.00053243,0,56.139,-9.3333,0
5.5627e-06,0,0,0,56.139,-10,0
5.7978e-06,0.048827,0.00052197,0,56.444,-9.3333,0
6.0298e-06,0,0,0,56.444,-10,0
6.3172e-06,0.048594,0.00050107,0,56.75,-9.3333,0
6.5298e-06,0,0,0,56.75,-10,0
6.8685e-06,0.048373,0.0004731,0,57.056,-9.3333,0
7.0498e-06,0,0,0,57.056,-10,0
7.4595e-06,0.048154,0.00045195,0,57.361,-9.3333,0
7.6132e-06,0,0,0,57.361,-10,0
8.0435e-06,0.047931,0.00045184,0,57.667,-9.3333,0
8.179e-06,0,0,0,57.667,-10,0
8.6065e-06,0.047692,0.000476,0,57.972,-9.3333,0
8.7349e-06,0,0,0,57.972,-10,0
9.0947e-06,0.047441,0.00051227,0,58.278,-9.3333,0
9.2428e-06,0,0,0,58.278,-10,0
9.567e-06,0.047185,0.00053878,0,58.583,-9.3333,0
9.7156e-06,0,0,0,58.583,-10,0
9.9747e-06,0.046939,0.00053751,0,58.889,-9.3333,0
1.0146e-05,0,0,0,58.889,-10,0
1.0491e-05,0.046716,0.00050492,0,59.194,-9.3333,0
1.0646e-05,0,0,0,59.194,-10,0
1.1e-05,0.046515,0.00045645,0,59.5,-9.3333,0
1.1119e-05,0,0,0,59.5,-10,0
1.1527e-05,0.046322,0.00042111,0,59.806,-9.3333,0
1.1776e-05,0,0,0,59.806,-10,0
1.2227e-05,0.046111,0.00044107,0,60.111,-9.3333,0
1.2378e-05,0,0,0,60.111,-10,0
1.2828e-05,0.045853,0.00055453,0,60.417,-9.3333,0
1.2864e-05,0,0,0,60.417,-10,0
1.3094e-05,0.04553,0.00075765,0,60.722,-9.3333,0
1.3375e-05,0,0,0,60.722,-10,0
1.3356e-05,0.045151,0.00097083,0,61.028,-9.3333,0
1.3852e-05,0,0,0,61.028,-10,0
1.3046e-05,0.044745,0.001077,0,61.333,-9.3333,0
1.38e-05,0,0,0,61.333,-10,0
1.2983e-05,0.044377,0.000908,0,61.639,-9.3333,0
1.3991e-05,0,0,0,61.639,-10,0
1.2484e-05,0.044141,0.00032025,0,61.944,-9.3333,0
1.3343e-05,0,0,0,61.944,-10,0
1.3881e-05,0.04421,-0.00075266,0,62.25,-9.3333,0
1.4793e-05,0,0,0,62.25,-10,0
1.5829e-05,0.044688,-0.0020503,0,62.556,-9.3333,0
1.7502e-05,0,0,0,62.556,-10,0
2.0606e-05,0.04563,-0.0032298,0,62.861,-9.3333,0
2.4112e-05,0,0,0,62.861,-10,0
2.477e-05,0.046932,-0.0039495,0,63.167,-9.3333,0
2.9706e-05,0,0,0,63.167,-10,0
2.9546e-05,0.04852,-0.0041329,0,63.472,-9.3333,0
3.4686e-05,0,0,0,63.472,-10,0
2.9361e-05,0.050175,-0.0037855,0,63.778,-9.3333,0
3.327e-05,0,0,0,63.778,-10,0
3.0011e-05,0.051799,-0.0031367,0,64.083,-9.3333,0
3.1021e-05,0,0,0,64.083,-10,0
2.5075e-05,0.053198,-0.0023247,0,64.389,-9.3333,0
2.351e-05,0,0,0,64.389,-10,0
2.0708e-05,0.054417,-0.0015789,0,64.694,-9.3333,0
1.6382e-05,0,0,0,64.694,-10,0
0,0.055073,-0.0013566,0,65,-9.3333,0
1.1682e-05,0.024812,-0.00027897,0,65,-10,0
-0.000242,0.056777,0.0014318,0,10.306,-8.6667,0
-0.00022937,0.056408,0.0014437,0,10.611,-8.6667,0
-0.0002153,0.056016,0.0014723,0,10.917,-8.6667,0
-0.00020349,0.055661,0.0014724,0,11.222,-8.6667,0
-0.00019171,0.055305,0.0014592,0,11.528,-8.6667,0
-0.0001809,0.054966,0.001431,0,11.833,-8.6667,0
-0.00017044,0.054637,0.0013932,0,12.139,-8.6667,0
-0.00016059,0.05433,0.0013425,0,12.444,-8.6667,0
-0.00015117,0.054042,0.0012737,0,12.75,-8.6667,0
-0.00014225,0.053777,0.0011898,0,13.056,-8.6667,0
-0.00013379,0.053535,0.0010949,0,13.361,-8.6667,0
-0.0001258,0.053321,0.00098929,0,13.667,-8.6667,0
-0.00011824,0.053137,0.0008736,0,13.972,-8.6667,0
-0.00011115,0.052985,0.00074598,0,14.278,-8.6667,0
-0.00010448,0.052866,0.00061296,0,14.583,-8.6667,0
-9.8269e-05,0.052781,0.0004818,0,14.889,-8.6667,0
-9.2494e-05,0.052739,0.0003489,0,15.194,-8.6667,0
-8.7166e-05,0.05274,0.00020071,0,15.5,-8.6667,0
-8.2286e-05,0.052782,3.4443e-05,0,15.806,-8.6667,0
-7.7834e-05,0.052865,-0.00013857,0,16.111,-8.6667,0
-7.3754e-05,0.052986,-0.00030251,0,16.417,-8.6667,0
-7.0153e-05,0.053148,-0.00044643,0,16.722,-8.6667,0
-6.6961e-05,0.053349,-0.00056515,0,17.028,-8.6667,0
-6.4234e-05,0.05358,-0.00065237,0,17.333,-8.6667,0
-6.2043e-05,0.053832,-0.00070885,0,17.639,-8.6667,0
-6.0243e-05,0.054089,-0.000731,0,17.944,-8.6667,0
-5.8837e-05,0.054338,-0.00071955,0,18.25,-8.6667,0
-5.7698e-05,0.054568,-0.00067636,0,18.556,-8.6667,0
-5.6767e-05,0.054772,-0.00060644,0,18.861,-8.6667,0
-5.5943e-05,0.054946,-0.00051579,0,19.167,-8.6667,0
-5.5178e-05,0.05509,-0.0004123,0,19.472,-8.6667,0
-5.4402e-05,0.055205,-0.00030503,0,19.778,-8.6667,0
-5.3581e-05,0.05529,-0.00020446,0,20.083,-8.6667,0
-5.2672e-05,0.055343,-0.00011587,0,20.389,-8.6667,0
-5.1663e-05,0.055361,-3.6443e-05,0,20.694,-8.6667,0
-5.051e-05,0.055345,4.2048e-05,0,21,-8.6667,0
-4.9213e-05,0.055297,0.00012396,0,21.306,-8.6667,0
-4.7758e-05,0.055224,0.0002056,0,21.611,-8.6667,0
-4.6195e-05,0.055129,0.00028273,0,21.917,-8.6667,0
-4.4542e-05,0.055015,0.00035291,0,22.222,-8.6667,0
-4.2773e-05,0.054884,0.00041926,0,22.528,-8.6667,0
-4.0947e-05,0.054739,0.00048301,0,22.833,-8.6667,0
-3.9049e-05,0.054579,0.00054537,0,23.139,-8.6667,0
-3.7107e-05,0.054406,0.00060465,0,23.444,-8.6667,0
-3.5122e-05,0.05422,0.00066021,0,23.75,-8.6667,0
-3.3111e-05,0.054022,0.00071217,0,24.056,-8.6667,0
-3.1084e-05,0.053812,0.0007623,0,24.361,-8.6667,0
-2.9053e-05,0.053592,0.00081083,0,24.667,-8.6667,0
-2.7025e-05,0.053365,0.00085594,0,24.972,-8.6667,0
-2.5007e-05,0.053131,0.00089429,0,25.278,-8.6667,0
-2.3002e-05,0.052892,0.00092428,0,25.583,-8.6667,0
-2.1011e-05,0.052651,0.00094668,0,25.889,-8.6667,0
-1.9036e-05,0.052409,0.00096312,0,26.194,-8.6667,0
-1.708e-05,0.052167,0.00097358,0,26.5,-8.6667,0
-1.5144e-05,0.051929,0.00097638,0,26.806,-8.6667,0
-1.3232e-05,0.051695,0.00096831,0,27.111,-8.6667,0
-1.1334e-05,0.051469,0.000947,0,27.417,-8.6667,0
-9.454e-06,0.051254,0.00091223,0,27.722,-8.6667,0
-7.5756e-06,0.051047,0.00086642,0,28.028,-8.6667,0
-5.6937e-06,0.050849,0.00081119,0,28.333,-8.6667,0
-3.8176e-06,0.050661,0.0007445,0,28.639,-8.6667,0
-1.911e-06,0.05049,0.00066009,0,28.944,-8.6667,0
1.4157e-08,0.050348,0.00055252,0,29.25,-8.6667,0
1.9801e-06,0.050241,0.00042425,0,29.556,-8.6667,0
4.0869e-06,0.050159,0.00028793,0,29.861,-8.6667,0
6.1779e-06,0.05008,0.00015222,0,30.167,-8.6667,0
8.5033e-06,0.049993,5.467e-07,0,30.472,-8.6667,0
1.087e-05,0.049913,-0.00022166,0,30.778,-8.6667,0
1.2726e-05,0.049916,-0.00058453,0,31.083,-8.6667,0
1.4452e-05,0.050132,-0.0010956,0,31.389,-8.6667,0
1.5989e-05,0.050642,-0.0016586,0,31.694,-8.6667,0
1.6653e-05,0.051405,-0.0021214,0,32,-8.6667,0
1.6327e-05,0.0523,-0.0023796,0,32.306,-8.6667,0
1.524e-05,0.053201,-0.002416,0,32.611,-8.6667,0
1.3476e-05,0.054015,-0.0022737,0,32.917,-8.6667,0
1.1281e-05,0.054691,-0.0020151,0,33.222,-8.6667,0
8.8517e-06,0.055212,-0.0016943,0,33.528,-8.6667,0
6.313e-06,0.05559,-0.0013487,0,33.833,-8.6667,0
3.8039e-06,0.055845,-0.0010014,0,34.139,-8.6667,0
1.4814e-06,0.056002,-0.00067026,0,34.444,-8.6667,0
-6.1711e-07,0.056079,-0.00036844,0,34.75,-8.6667,0
-2.4654e-06,0.056089,-0.00010432,0,35.056,-8.6667,0
-4.0503e-06,0.056043,0.00011993,0,35.361,-8.6667,0
-5.3349e-06,0.055951,0.00030543,0,35.667,-8.6667,0
-6.3153e-06,0.055822,0.00045503,0,35.972,-8.6667,0
-7.0537e-06,0.055665,0.00057286,0,36.278,-8.6667,0
-7.5415e-06,0.055486,0.00066363,0,36.583,-8.6667,0
-7.8239e-06,0.05529,0.00073285,0,36.889,-8.6667,0
-7.9133e-06,0.055082,0.00078416,0,37.194,-8.6667,0
-7.8419e-06,0.054866,0.00082112,0,37.5,-8.6667,0
-7.6261e-06,0.054646,0.00084639,0,37.806,-8.6667,0
-7.2919e-06,0.054424,0.00086238,0,38.111,-8.6667,0
-6.8532e-06,0.054201,0.00087231,0,38.417,-8.6667,0
-6.333e-06,0.053977,0.00087903,0,38.722,-8.6667,0
-5.7408e-06,0.053751,0.00088646,0,39.028,-8.6667,0
-5.0979e-06,0.053526,0.00089563,0,39.333,-8.6667,0
-4.4075e-06,0.053301,0.00090628,0,39.639,-8.6667,0
-3.6839e-06,0.053076,0.00091616,0,39.944,-8.6667,0
-2.9262e-06,0.052849,0.00092581,0,40.25,-8.6667,0
-2.1518e-06,0.052614,0.00093888,0,40.556,-8.6667,0
-1.3634e-06,0.052372,0.00095826,0,40.861,-8.6667,0
-5.7564e-07,0.052123,0.00098105,0,41.167,-8.6667,0
2.1258e-07,0.051876,0.00099802,0,41.472,-8.6667,0
9.9926e-07,0.051632,0.0010011,0,41.778,-8.6667,0
1.7941e-06,0.051394,0.00099385,0,42.083,-8.6667,0
2.5966e-06,0.051151,0.00099251,0,42.389,-8.6667,0
3.4037e-06,0.050896,0.001014,0,42.694,-8.6667,0
4.1906e-06,0.050623,0.001056,0,43,-8.6667,0
4.9663e-06,0.050346,0.0010911,0,43.306,-8.6667,0
5.7241e-06,0.050086,0.0010818,0,43.611,-8.6667,0
6.4997e-06,0.049861,0.0010107,0,43.917,-8.6667,0
7.3633e-06,0.049669,0.00090417,0,44.222,-8.6667,0
8.2749e-06,0.049481,0.00082915,0,44.528,-8.6667,0
9.329e-06,0.049255,0.00085514,0,44.833,-8.6667,0
1.0439e-05,0.048962,0.00099623,0,45.139,-8.6667,0
1.1497e-05,0.04861,0.001173,0,45.444,-8.6667,0
1.2753e-05,0.048241,0.0012227,0,45.75,-8.6667,0
1.3751e-05,0.047912,0.0009126,0,46.056,-8.6667,0
1.4577e-05,0.047742,-3.6915e-05,0,46.361,-8.6667,0
1.5941e-05,0.047909,-0.0016548,0,46.667,-8.6667,0
1.7811e-05,0.048519,-0.0034803,0,46.972,-8.6667,0
2.0177e-05,0.049547,-0.0049043,0,47.278,-8.6667,0
2.1958e-05,0.050889,-0.005586,0,47.583,-8.6667,0
2.2158e-05,0.052393,-0.0055181,0,47.889,-8.6667,0
2.1085e-05,0.053897,-0.004905,0,48.194,-8.6667,0
1.9318e-05,0.05526,-0.0039963,0,48.5,-8.6667,0
1.6943e-05,0.05637,-0.002994,0,48.806,-8.6667,0
1.429e-05,0.057177,-0.0020368,0,49.111,-8.6667,0
1.1745e-05,0.057679,-0.0012028,0,49.417,-8.6667,0
9.456e-06,0.057919,-0.00052131,0,49.722,-8.6667,0
7.4644e-06,0.057946,1.8535e-05,0,50.028,-8.6667,0
5.8058e-06,0.057822,0.00043521,0,50.333,-8.6667,0
4.4131e-06,0.057593,0.0007511,0,50.639,-8.6667,0
3.2802e-06,0.057303,0.00098689,0,50.944,-8.6667,0
2.4003e-06,0.056973,0.0011578,0,51.25,-8.6667,0
1.7462e-06,0.056629,0.0012785,0,51.556,-8.6667,0
1.2816e-06,0.056276,0.0013535,0,51.861,-8.6667,0
9.8504e-07,0.055926,0.0013961,0,52.167,-8.6667,0
8.2849e-07,0.055578,0.0014077,0,52.472,-8.6667,0
8.0066e-07,0.055239,0.0014025,0,52.778,-8.6667,0
8.7507e-07,0.054905,0.001384,0,53.083,-8.6667,0
1.0409e-06,0.054583,0.0013576,0,53.389,-8.6667,0
1.2792e-06,0.054271,0.0013259,0,53.694,-8.6667,0
1.5777e-06,0.053978,0.001282,0,54,-8.6667,0
1.9409e-06,0.053697,0.0012336,0,54.306,-8.6667,0
2.348e-06,0.053432,0.0011815,0,54.611,-8.6667,0
2.8131e-06,0.053172,0.0011389,0,54.917,-8.6667,0
3.2994e-06,0.052915,0.0011124,0,55.222,-8.6667,0
3.8149e-06,0.052659,0.0010997,0,55.528,-8.6667,0
4.323e-06,0.05241,0.0010913,0,55.833,-8.6667,0
4.8459e-06,0.052168,0.001072,0,56.139,-8.6667,0
5.3662e-06,0.051939,0.0010363,0,56.444,-8.6667,0
5.931e-06,0.051713,0.00099261,0,56.75,-8.6667,0
6.5031e-06,0.051483,0.00096116,0,57.056,-8.6667,0
7.1003e-06,0.051238,0.00096436,0,57.361,-8.6667,0
7.6662e-06,0.050977,0.001007,0,57.667,-8.6667,0
8.2067e-06,0.050703,0.0010675,0,57.972,-8.6667,0
8.6677e-06,0.050434,0.0011076,0,58.278,-8.6667,0
9.1284e-06,0.050183,0.0010943,0,58.583,-8.6667,0
9.5431e-06,0.049956,0.0010237,0,58.889,-8.6667,0
1.0067e-05,0.049747,0.00092675,0,59.194,-8.6667,0
1.0582e-05,0.049539,0.00086043,0,59.5,-8.6667,0
1.107e-05,0.049309,0.00088154,0,59.806,-8.6667,0
1.1657e-05,0.049038,0.0010223,0,60.111,-8.6667,0
1.2183e-05,0.048724,0.0012654,0,60.417,-8.6667,0
1.2201e-05,0.048391,0.0015326,0,60.722,-8.6667,0
1.2261e-05,0.048078,0.0017098,0,61.028,-8.6667,0
1.1832e-05,0.047798,0.0016943,0,61.333,-8.6667,0
1.1594e-05,0.047579,0.0013101,0,61.639,-8.6667,0
1.1498e-05,0.047429,0.00037307,0,61.944,-8.6667,0
1.2659e-05,0.047422,-0.0012026,0,62.25,-8.6667,0
1.4095e-05,0.047559,-0.0030851,0,62.556,-8.6667,0
1.6822e-05,0.04791,-0.0048995,0,62.861,-8.6667,0
1.8803e-05,0.04844,-0.0062871,0,63.167,-8.6667,0
2.2608e-05,0.04928,-0.0070981,0,63.472,-8.6667,0
2.38e-05,0.050327,-0.0071334,0,63.778,-8.6667,0
2.7537e-05,0.051662,-0.006617,0,64.083,-8.6667,0
2.6221e-05,0.053036,-0.0055977,0,64.389,-8.6667,0
2.6574e-05,0.054605,-0.0043035,0,64.694,-8.6667,0
0,0.055643,-0.0037902,0,65,-8.6667,0
-0.00024322,0.05673,0.0022177,0,10.306,-8,0
-0.00022902,0.056313,0.0022146,0,10.611,-8,0
-0.00021541,0.055903,0.0022241,0,10.917,-8,0
-0.00020269,0.055506,0.0022158,0,11.222,-8,0
-0.00019056,0.055124,0.0021968,0,11.528,-8,0
-0.00017909,0.054764,0.0021481,0,11.833,-8,0
-0.00016818,0.054428,0.0020717,0,12.139,-8,0
-0.00015783,0.054122,0.0019693,0,12.444,-8,0
-0.00014801,0.053843,0.0018477,0,12.75,-8,0
-0.0001387,0.053593,0.0017094,0,13.056,-8,0
-0.0001299,0.053374,0.0015543,0,13.361,-8,0
-0.0001216,0.053189,0.0013814,0,13.667,-8,0
-0.00011379,0.053038,0.0011916,0,13.972,-8,0
-0.00010648,0.052923,0.00098837,0,14.278,-8,0
-9.9634e-05,0.052844,0.00077501,0,14.583,-8,0
-9.3286e-05,0.052806,0.00055216,0,14.889,-8,0
-8.741e-05,0.052816,0.00031719,0,15.194,-8,0
-8.2026e-05,0.052879,6.9251e-05,0,15.5,-8,0
-7.7118e-05,0.052991,-0.00018818,0,15.806,-8,0
-7.2701e-05,0.05315,-0.00044734,0,16.111,-8,0
-6.8752e-05,0.053356,-0.00070075,0,16.417,-8,0
-6.5329e-05,0.053617,-0.00093767,0,16.722,-8,0
-6.2474e-05,0.053935,-0.0011414,0,17.028,-8,0
-6.019e-05,0.054302,-0.0012907,0,17.333,-8,0
-5.8568e-05,0.054694,-0.0013716,0,17.639,-8,0
-5.751e-05,0.055083,-0.0013809,0,17.944,-8,0
-5.688e-05,0.055444,-0.0013248,0,18.25,-8,0
-5.6473e-05,0.055764,-0.0012162,0,18.556,-8,0
-5.6218e-05,0.056033,-0.0010701,0,18.861,-8,0
-5.6009e-05,0.056246,-0.00090108,0,19.167,-8,0
-5.5766e-05,0.056403,-0.00072044,0,19.472,-8,0
-5.54e-05,0.05651,-0.00053653,0,19.778,-8,0
-5.488e-05,0.056569,-0.00035441,0,20.083,-8,0
-5.4172e-05,0.056582,-0.00017681,0,20.389,-8,0
-5.3282e-05,0.056552,-4.6032e-06,0,20.694,-8,0
-5.2194e-05,0.056481,0.00016023,0,21,-8,0
-5.0907e-05,0.056374,0.0003147,0,21.306,-8,0
-4.9444e-05,0.056237,0.00045554,0,21.611,-8,0
-4.7828e-05,0.056073,0.00058219,0,21.917,-8,0
-4.6099e-05,0.055885,0.00069613,0,22.222,-8,0
-4.4247e-05,0.055676,0.00080045,0,22.528,-8,0
-4.2317e-05,0.055451,0.00089711,0,22.833,-8,0
-4.0312e-05,0.05521,0.00098836,0,23.139,-8,0
-3.826e-05,0.054959,0.0010746,0,23.444,-8,0
-3.6174e-05,0.054699,0.0011552,0,23.75,-8,0
-3.4075e-05,0.054433,0.0012281,0,24.056,-8,0
-3.1968e-05,0.054163,0.0012934,0,24.361,-8,0
-2.9866e-05,0.053891,0.0013511,0,24.667,-8,0
-2.7771e-05,0.05362,0.0014013,0,24.972,-8,0
-2.5691e-05,0.053353,0.0014424,0,25.278,-8,0
-2.3622e-05,0.053091,0.0014723,0,25.583,-8,0
-2.1568e-05,0.052835,0.0014904,0,25.889,-8,0
-1.9528e-05,0.052583,0.0014988,0,26.194,-8,0
-1.7511e-05,0.052333,0.0014998,0,26.5,-8,0
-1.5521e-05,0.052087,0.001491,0,26.806,-8,0
-1.3559e-05,0.051848,0.0014664,0,27.111,-8,0
-1.161e-05,0.051619,0.0014237,0,27.417,-8,0
-9.6802e-06,0.051398,0.0013701,0,27.722,-8,0
-7.7493e-06,0.051176,0.0013146,0,28.028,-8,0
-5.8104e-06,0.050951,0.0012532,0,28.333,-8,0
-3.8677e-06,0.050732,0.001165,0,28.639,-8,0
-1.8772e-06,0.050536,0.0010271,0,28.944,-8,0
1.4956e-07,0.050375,0.00084129,0,29.25,-8,0
2.2699e-06,0.050241,0.00065102,0,29.556,-8,0
4.5978e-06,0.050101,0.000515,0,29.861,-8,0
7.0312e-06,0.049921,0.00044418,0,30.167,-8,0
9.919e-06,0.049702,0.0003488,0,30.472,-8,0
1.2761e-05,0.04948,3.3978e-05,0,30.778,-8,0
1.4905e-05,0.04938,-0.00074981,0,31.083,-8,0
1.6581e-05,0.049646,-0.0020309,0,31.389,-8,0
1.804e-05,0.050435,-0.0034162,0,31.694,-8,0
1.8952e-05,0.051672,-0.0044166,0,32,-8,0
1.8409e-05,0.053132,-0.0048272,0,32.306,-8,0
1.6374e-05,0.054578,-0.0046998,0,32.611,-8,0
1.3299e-05,0.055836,-0.0041964,0,32.917,-8,0
9.5994e-06,0.056813,-0.0034948,0,33.222,-8,0
5.8701e-06,0.05749,-0.0027361,0,33.528,-8,0
2.6092e-06,0.057896,-0.0020141,0,33.833,-8,0
-3.3853e-07,0.058081,-0.0013764,0,34.139,-8,0
-3.0341e-06,0.058108,-0.00083212,0,34.444,-8,0
-5.3582e-06,0.058024,-0.00036969,0,34.75,-8,0
-7.2379e-06,0.057869,2.1413e-05,0,35.056,-8,0
-8.6837e-06,0.057666,0.00034767,0,35.361,-8,0
-9.7488e-06,0.057435,0.00061416,0,35.667,-8,0
-1.0465e-05,0.057187,0.00082785,0,35.972,-8,0
-1.0895e-05,0.056928,0.00099606,0,36.278,-8,0
-1.1068e-05,0.056662,0.001126,0,36.583,-8,0
-1.1035e-05,0.056391,0.0012234,0,36.889,-8,0
-1.0821e-05,0.056116,0.0012926,0,37.194,-8,0
-1.0465e-05,0.055841,0.0013385,0,37.5,-8,0
-9.9882e-06,0.055565,0.0013674,0,37.806,-8,0
-9.4124e-06,0.055288,0.0013862,0,38.111,-8,0
-8.7536e-06,0.05501,0.0014004,0,38.417,-8,0
-8.0335e-06,0.054731,0.001412,0,38.722,-8,0
-7.2632e-06,0.054452,0.00142,0,39.028,-8,0
-6.4575e-06,0.054176,0.0014235,0,39.333,-8,0
-5.6208e-06,0.053906,0.0014259,0,39.639,-8,0
-4.7682e-06,0.05364,0.0014342,0,39.944,-8,0
-3.9088e-06,0.053374,0.0014551,0,40.25,-8,0
-3.0598e-06,0.053106,0.0014875,0,40.556,-8,0
-2.2231e-06,0.052839,0.0015206,0,40.861,-8,0
-1.4059e-06,0.052579,0.0015389,0,41.167,-8,0
-5.9657e-07,0.052334,0.001536,0,41.472,-8,0
2.0305e-07,0.052099,0.0015233,0,41.778,-8,0
9.9539e-07,0.051863,0.001526,0,42.083,-8,0
1.7673e-06,0.051613,0.0015636,0,42.389,-8,0
2.5189e-06,0.051346,0.0016289,0,42.694,-8,0
3.2442e-06,0.051075,0.001682,0,43,-8,0
3.9581e-06,0.050822,0.0016733,0,43.306,-8,0
4.6614e-06,0.050599,0.0015812,0,43.611,-8,0
5.3905e-06,0.050401,0.0014423,0,43.917,-8,0
6.1501e-06,0.050198,0.0013431,0,44.222,-8,0
6.9122e-06,0.049959,0.0013716,0,44.528,-8,0
7.7393e-06,0.049669,0.0015537,0,44.833,-8,0
8.5109e-06,0.049342,0.001816,0,45.139,-8,0
9.3173e-06,0.049018,0.0020094,0,45.444,-8,0
1.0248e-05,0.048731,0.0019641,0,45.75,-8,0
1.0854e-05,0.048496,0.0014207,0,46.056,-8,0
1.123e-05,0.048368,-1.1175e-06,0,46.361,-8,0
1.1675e-05,0.048421,-0.0023174,0,46.667,-8,0
1.2235e-05,0.048689,-0.0049321,0,46.972,-8,0
1.2896e-05,0.049194,-0.0071504,0,47.278,-8,0
1.3222e-05,0.049974,-0.0085304,0,47.583,-8,0
1.2855e-05,0.051048,-0.0089162,0,47.889,-8,0
1.1068e-05,0.05238,-0.0084005,0,48.194,-8,0
8.3745e-06,0.053875,-0.0071978,0,48.5,-8,0
5.9872e-06,0.055395,-0.0055885,0,48.806,-8,0
3.826e-06,0.056774,-0.0038737,0,49.111,-8,0
1.6646e-06,0.057861,-0.0022854,0,49.417,-8,0
-8.7923e-08,0.058587,-0.00094869,0,49.722,-8,0
-1.3443e-06,0.05895,9.4294e-05,0,50.028,-8,0
-2.2441e-06,0.059011,0.00085713,0,50.333,-8,0
-2.8175e-06,0.058851,0.0013863,0,50.639,-8,0
-3.107e-06,0.058556,0.0017356,0,50.944,-8,0
-3.2564e-06,0.058185,0.0019534,0,51.25,-8,0
-3.2532e-06,0.057785,0.0020812,0,51.556,-8,0
-3.1169e-06,0.05738,0.0021445,0,51.861,-8,0
-2.873e-06,0.056985,0.0021671,0,52.167,-8,0
-2.5468e-06,0.056601,0.00216,0,52.472,-8,0
-2.1535e-06,0.056231,0.002136,0,52.778,-8,0
-1.7084e-06,0.055875,0.0020965,0,53.083,-8,0
-1.222e-06,0.055536,0.0020419,0,53.389,-8,0
-6.9886e-07,0.055212,0.0019733,0,53.694,-8,0
-1.4865e-07,0.054905,0.0018931,0,54,-8,0
4.3269e-07,0.054608,0.0018164,0,54.306,-8,0
1.0265e-06,0.054319,0.0017508,0,54.611,-8,0
1.64e-06,0.054031,0.0017057,0,54.917,-8,0
2.2473e-06,0.053748,0.0016745,0,55.222,-8,0
2.8611e-06,0.053473,0.0016456,0,55.528,-8,0
3.4598e-06,0.053216,0.0016082,0,55.833,-8,0
4.0669e-06,0.052976,0.0015607,0,56.139,-8,0
4.6669e-06,0.052747,0.0015163,0,56.444,-8,0
5.2809e-06,0.052516,0.0014941,0,56.75,-8,0
5.8525e-06,0.052276,0.0015086,0,57.056,-8,0
6.4352e-06,0.052021,0.0015575,0,57.361,-8,0
6.9666e-06,0.051761,0.0016188,0,57.667,-8,0
7.4836e-06,0.051508,0.0016583,0,57.972,-8,0
7.9449e-06,0.051273,0.0016481,0,58.278,-8,0
8.4146e-06,0.051057,0.0015831,0,58.583,-8,0
8.8559e-06,0.050851,0.001489,0,58.889,-8,0
9.3536e-06,0.05064,0.001414,0,59.194,-8,0
9.7941e-06,0.050408,0.0014118,0,59.5,-8,0
1.0284e-05,0.050152,0.0015154,0,59.806,-8,0
1.0604e-05,0.049873,0.0017172,0,60.111,-8,0
1.0915e-05,0.049598,0.0019624,0,60.417,-8,0
1.0935e-05,0.049341,0.00217,0,60.722,-8,0
1.1007e-05,0.049124,0.002262,0,61.028,-8,0
1.0811e-05,0.048929,0.0021686,0,61.333,-8,0
1.0731e-05,0.048772,0.0017109,0,61.639,-8,0
1.0882e-05,0.048632,0.00066664,0,61.944,-8,0
1.1691e-05,0.048544,-0.0010388,0,62.25,-8,0
1.272e-05,0.048464,-0.0031085,0,62.556,-8,0
1.4602e-05,0.048455,-0.0051612,0,62.861,-8,0
1.5954e-05,0.048486,-0.0069185,0,63.167,-8,0
1.7561e-05,0.048692,-0.0082673,0,63.472,-8,0
1.908e-05,0.049043,-0.008962,0,63.778,-8,0
2.1653e-05,0.049705,-0.0090743,0,64.083,-8,0
1.9477e-05,0.050483,-0.0086016,0,64.389,-8,0
2.5995e-05,0.051733,-0.0075458,0,64.694,-8,0
0,0.05274,-0.0069741,0,65,-8,0
-0.00024587,0.056268,0.00324,0,10.306,-7.3333,0
-0.00023008,0.055772,0.0032426,0,10.611,-7.3333,0
-0.000216,0.055317,0.0032272,0,10.917,-7.3333,0
-0.00020213,0.054885,0.0031704,0,11.222,-7.3333,0
-0.00018922,0.054493,0.0030768,0,11.528,-7.3333,0
-0.00017683,0.054133,0.0029469,0,11.833,-7.3333,0
-0.00016516,0.053805,0.002793,0,12.139,-7.3333,0
-0.00015407,0.053508,0.0026194,0,12.444,-7.3333,0
-0.00014361,0.053242,0.0024267,0,12.75,-7.3333,0
-0.00013371,0.053007,0.0022124,0,13.056,-7.3333,0
-0.00012438,0.052806,0.0019767,0,13.361,-7.3333,0
-0.0001156,0.052639,0.0017223,0,13.667,-7.3333,0
-0.00010738,0.05251,0.001453,0,13.972,-7.3333,0
-9.9677e-05,0.05242,0.0011701,0,14.278,-7.3333,0
-9.2497e-05,0.052374,0.00086962,0,14.583,-7.3333,0
-8.5862e-05,0.052379,0.0005442,0,14.889,-7.3333,0
-7.9739e-05,0.052446,0.00019116,0,15.194,-7.3333,0
-7.415e-05,0.052578,-0.00017994,0,15.5,-7.3333,0
-6.9083e-05,0.052768,-0.00055622,0,15.806,-7.3333,0
-6.4478e-05,0.053009,-0.00093373,0,16.111,-7.3333,0
-6.0412e-05,0.053312,-0.0013198,0,16.417,-7.3333,0
-5.6949e-05,0.053707,-0.0017081,0,16.722,-7.3333,0
-5.4198e-05,0.05422,-0.0020577,0,17.028,-7.3333,0
-5.2386e-05,0.054834,-0.0023062,0,17.333,-7.3333,0
-5.165e-05,0.05549,-0.0024089,0,17.639,-7.3333,0
-5.1808e-05,0.056122,-0.002364,0,17.944,-7.3333,0
-5.2586e-05,0.056678,-0.0022029,0,18.25,-7.3333,0
-5.3741e-05,0.057127,-0.0019577,0,18.556,-7.3333,0
-5.4993e-05,0.057461,-0.001655,0,18.861,-7.3333,0
-5.6063e-05,0.057689,-0.0013234,0,19.167,-7.3333,0
-5.6827e-05,0.057822,-0.000988,0,19.472,-7.3333,0
-5.7225e-05,0.057873,-0.00066498,0,19.778,-7.3333,0
-5.724e-05,0.057854,-0.00036115,0,20.083,-7.3333,0
-5.6866e-05,0.057773,-7.7961e-05,0,20.389,-7.3333,0
-5.6131e-05,0.057641,0.00018555,0,20.694,-7.3333,0
-5.5081e-05,0.057467,0.00042983,0,21,-7.3333,0
-5.3754e-05,0.057256,0.00065597,0,21.306,-7.3333,0
-5.2179e-05,0.057015,0.00086327,0,21.611,-7.3333,0
-5.0399e-05,0.056748,0.0010506,0,21.917,-7.3333,0
-4.8472e-05,0.056462,0.0012179,0,22.222,-7.3333,0
-4.6431e-05,0.05616,0.001367,0,22.528,-7.3333,0
-4.4313e-05,0.055846,0.0014997,0,22.833,-7.3333,0
-4.2139e-05,0.055524,0.0016175,0,23.139,-7.3333,0
-3.9933e-05,0.055198,0.0017203,0,23.444,-7.3333,0
-3.7708e-05,0.054873,0.001808,0,23.75,-7.3333,0
-3.548e-05,0.054552,0.001882,0,24.056,-7.3333,0
-3.3257e-05,0.054233,0.0019446,0,24.361,-7.3333,0
-3.1054e-05,0.053915,0.0019949,0,24.667,-7.3333,0
-2.8879e-05,0.053602,0.0020301,0,24.972,-7.3333,0
-2.6737e-05,0.053294,0.0020488,0,25.278,-7.3333,0
-2.4627e-05,0.052991,0.0020546,0,25.583,-7.3333,0
-2.2548e-05,0.052689,0.0020553,0,25.889,-7.3333,0
-2.0494e-05,0.052385,0.002057,0,26.194,-7.3333,0
-1.8464e-05,0.052084,0.0020551,0,26.5,-7.3333,0
-1.6463e-05,0.051795,0.0020351,0,26.806,-7.3333,0
-1.4496e-05,0.051528,0.0019891,0,27.111,-7.3333,0
-1.2547e-05,0.051278,0.0019291,0,27.417,-7.3333,0
-1.0612e-05,0.051033,0.001878,0,27.722,-7.3333,0
-8.6736e-06,0.050781,0.0018396,0,28.028,-7.3333,0
-6.7341e-06,0.050527,0.0017806,0,28.333,-7.3333,0
-4.7961e-06,0.050288,0.0016513,0,28.639,-7.3333,0
-2.8333e-06,0.050081,0.0014374,0,28.944,-7.3333,0
-8.6318e-07,0.049902,0.001194,0,29.25,-7.3333,0
1.1983e-06,0.049723,0.0010224,0,29.556,-7.3333,0
3.3825e-06,0.049511,0.00098471,0,29.861,-7.3333,0
5.7039e-06,0.049262,0.001025,0,30.167,-7.3333,0
8.4145e-06,0.049004,0.00096418,0,30.472,-7.3333,0
1.0888e-05,0.048777,0.00047529,0,30.778,-7.3333,0
1.2837e-05,0.048706,-0.00095068,0,31.083,-7.3333,0
1.3862e-05,0.049012,-0.0033988,0,31.389,-7.3333,0
1.3989e-05,0.049825,-0.0060804,0,31.694,-7.3333,0
1.4081e-05,0.051112,-0.0080112,0,32,-7.3333,0
1.2638e-05,0.052735,-0.0087268,0,32.306,-7.3333,0
9.1156e-06,0.054509,-0.0083191,0,32.611,-7.3333,0
5.123e-06,0.056249,-0.0071532,0,32.917,-7.3333,0
1.1234e-06,0.057783,-0.005627,0,33.222,-7.3333,0
-3.0706e-06,0.058968,-0.0040558,0,33.528,-7.3333,0
-7.0402e-06,0.05974,-0.0026374,0,33.833,-7.3333,0
-1.0318e-05,0.060118,-0.0014648,0,34.139,-7.3333,0
-1.2815e-05,0.06017,-0.00054765,0,34.444,-7.3333,0
-1.4609e-05,0.059987,0.00015231,0,34.75,-7.3333,0
-1.5831e-05,0.059659,0.00067741,0,35.056,-7.3333,0
-1.6601e-05,0.059255,0.0010659,0,35.361,-7.3333,0
-1.6952e-05,0.058823,0.0013515,0,35.667,-7.3333,0
-1.6966e-05,0.058391,0.0015621,0,35.972,-7.3333,0
-1.6724e-05,0.057971,0.0017187,0,36.278,-7.3333,0
-1.6275e-05,0.057567,0.001836,0,36.583,-7.3333,0
-1.5669e-05,0.057182,0.0019225,0,36.889,-7.3333,0
-1.494e-05,0.056812,0.0019839,0,37.194,-7.3333,0
-1.4119e-05,0.056453,0.0020251,0,37.5,-7.3333,0
-1.3222e-05,0.056101,0.0020523,0,37.806,-7.3333,0
-1.2276e-05,0.055754,0.0020719,0,38.111,-7.3333,0
-1.1299e-05,0.055411,0.0020876,0,38.417,-7.3333,0
-1.0311e-05,0.055073,0.0020973,0,38.722,-7.3333,0
-9.316e-06,0.054745,0.0020972,0,39.028,-7.3333,0
-8.3242e-06,0.054425,0.0020873,0,39.333,-7.3333,0
-7.3366e-06,0.054112,0.0020766,0,39.639,-7.3333,0
-6.3656e-06,0.0538,0.0020761,0,39.944,-7.3333,0
-5.4136e-06,0.053491,0.0020896,0,40.25,-7.3333,0
-4.4873e-06,0.053188,0.0021063,0,40.556,-7.3333,0
-3.5805e-06,0.052898,0.0021078,0,40.861,-7.3333,0
-2.6973e-06,0.052623,0.0020838,0,41.167,-7.3333,0
-1.8324e-06,0.052361,0.0020467,0,41.472,-7.3333,0
-9.8884e-07,0.052101,0.0020276,0,41.778,-7.3333,0
-1.7023e-07,0.051835,0.0020534,0,42.083,-7.3333,0
6.1931e-07,0.051564,0.0021201,0,42.389,-7.3333,0
1.3733e-06,0.051299,0.0021871,0,42.694,-7.3333,0
2.0887e-06,0.051053,0.0022001,0,43,-7.3333,0
2.7572e-06,0.050832,0.0021299,0,43.306,-7.3333,0
3.3831e-06,0.050628,0.0020009,0,43.611,-7.3333,0
4.0107e-06,0.050417,0.0018865,0,43.917,-7.3333,0
4.6112e-06,0.050179,0.0018681,0,44.222,-7.3333,0
5.1799e-06,0.049909,0.0019844,0,44.528,-7.3333,0
5.7248e-06,0.049627,0.0022001,0,44.833,-7.3333,0
6.1189e-06,0.04936,0.0024145,0,45.139,-7.3333,0
6.5314e-06,0.049135,0.0025087,0,45.444,-7.3333,0
6.941e-06,0.048949,0.0023603,0,45.75,-7.3333,0
7.2715e-06,0.048803,0.001702,0,46.056,-7.3333,0
7.5241e-06,0.048711,0.00012796,0,46.361,-7.3333,0
7.4189e-06,0.048671,-0.0023543,0,46.667,-7.3333,0
7.1434e-06,0.048675,-0.0051657,0,46.972,-7.3333,0
6.8648e-06,0.048738,-0.0077068,0,47.278,-7.3333,0
6.2096e-06,0.048909,-0.0096287,0,47.583,-7.3333,0
4.731e-06,0.049269,-0.010768,0,47.889,-7.3333,0
1.9871e-06,0.049903,-0.011073,0,48.194,-7.3333,0
-1.0893e-06,0.050873,-0.010571,0,48.5,-7.3333,0
-4.0712e-06,0.052184,-0.0093162,0,48.806,-7.3333,0
-7.1095e-06,0.053757,-0.0074198,0,49.111,-7.3333,0
-9.4582e-06,0.055401,-0.0051602,0,49.417,-7.3333,0
-1.1037e-05,0.056873,-0.0028954,0,49.722,-7.3333,0
-1.2054e-05,0.057983,-0.00090594,0,50.028,-7.3333,0
-1.2269e-05,0.058656,0.00065113,0,50.333,-7.3333,0
-1.1958e-05,0.058916,0.0017432,0,50.639,-7.3333,0
-1.1553e-05,0.058865,0.0024393,0,50.944,-7.3333,0
-1.0918e-05,0.058615,0.002839,0,51.25,-7.3333,0
-9.9657e-06,0.058257,0.0030341,0,51.556,-7.3333,0
-8.9566e-06,0.057849,0.0031007,0,51.861,-7.3333,0
-7.9606e-06,0.057428,0.0030959,0,52.167,-7.3333,0
-6.9725e-06,0.057012,0.0030515,0,52.472,-7.3333,0
-6.0074e-06,0.056612,0.0029852,0,52.778,-7.3333,0
-5.0643e-06,0.056232,0.0029018,0,53.083,-7.3333,0
-4.1495e-06,0.055873,0.002805,0,53.389,-7.3333,0
-3.2515e-06,0.055533,0.0027009,0,53.694,-7.3333,0
-2.3813e-06,0.055205,0.0025989,0,54,-7.3333,0
-1.5267e-06,0.054885,0.002512,0,54.306,-7.3333,0
-7.0773e-07,0.054571,0.002442,0,54.611,-7.3333,0
9.1934e-08,0.054263,0.0023858,0,54.917,-7.3333,0
8.491e-07,0.053964,0.0023284,0,55.222,-7.3333,0
1.5916e-06,0.053678,0.0022594,0,55.528,-7.3333,0
2.2965e-06,0.053406,0.0021776,0,55.833,-7.3333,0
2.9986e-06,0.053143,0.0020964,0,56.139,-7.3333,0
3.6634e-06,0.052884,0.0020383,0,56.444,-7.3333,0
4.3183e-06,0.052625,0.0020196,0,56.75,-7.3333,0
4.9258e-06,0.052367,0.0020418,0,57.056,-7.3333,0
5.5265e-06,0.052113,0.002087,0,57.361,-7.3333,0
6.067e-06,0.051871,0.0021272,0,57.667,-7.3333,0
6.5999e-06,0.051646,0.0021336,0,57.972,-7.3333,0
7.0726e-06,0.051436,0.0020927,0,58.278,-7.3333,0
7.5576e-06,0.051235,0.0020145,0,58.583,-7.3333,0
7.9872e-06,0.051032,0.0019327,0,58.889,-7.3333,0
8.4494e-06,0.050819,0.0018914,0,59.194,-7.3333,0
8.833e-06,0.050591,0.0019269,0,59.5,-7.3333,0
9.2307e-06,0.050357,0.0020485,0,59.806,-7.3333,0
9.5069e-06,0.050125,0.0022308,0,60.111,-7.3333,0
9.7889e-06,0.049912,0.0024244,0,60.417,-7.3333,0
9.9088e-06,0.049717,0.0025691,0,60.722,-7.3333,0
1.0039e-05,0.049545,0.0026062,0,61.028,-7.3333,0
1.0085e-05,0.04938,0.0024621,0,61.333,-7.3333,0
1.0361e-05,0.049241,0.0019586,0,61.639,-7.3333,0
1.0628e-05,0.049104,0.00087367,0,61.944,-7.3333,0
1.1184e-05,0.048998,-0.00083834,0,62.25,-7.3333,0
1.1602e-05,0.048884,-0.0028871,0,62.556,-7.3333,0
1.2341e-05,0.048789,-0.0049514,0,62.861,-7.3333,0
1.3463e-05,0.048694,-0.0068024,0,63.167,-7.3333,0
1.3671e-05,0.048645,-0.008315,0,63.472,-7.3333,0
1.4557e-05,0.048641,-0.0093359,0,63.778,-7.3333,0
1.4698e-05,0.048794,-0.0097949,0,64.083,-7.3333,0
1.0226e-05,0.049,-0.0098572,0,64.389,-7.3333,0
1.8452e-05,0.049563,-0.0094799,0,64.694,-7.3333,0
0,0.050112,-0.0091587,0,65,-7.3333,0
-0.00024278,0.055596,0.0043648,0,10.306,-6.6667,0
-0.00022654,0.055103,0.004286,0,10.611,-6.6667,0
-0.0002121,0.054663,0.0041674,0,10.917,-6.6667,0
-0.00019773,0.054242,0.0040139,0,11.222,-6.6667,0
-0.0001844,0.053848,0.003841,0,11.528,-6.6667,0
-0.00017151,0.053469,0.00365,0,11.833,-6.6667,0
-0.0001594,0.053114,0.0034374,0,12.139,-6.6667,0
-0.00014785,0.052785,0.0031994,0,12.444,-6.6667,0
-0.00013696,0.05249,0.0029401,0,12.75,-6.6667,0
-0.00012663,0.052232,0.0026611,0,13.056,-6.6667,0
-0.00011692,0.052021,0.0023584,0,13.361,-6.6667,0
-0.00010777,0.051862,0.0020272,0,13.667,-6.6667,0
-9.9208e-05,0.051759,0.0016688,0,13.972,-6.6667,0
-9.118e-05,0.051705,0.0012841,0,14.278,-6.6667,0
-8.3694e-05,0.051692,0.00086431,0,14.583,-6.6667,0
-7.6801e-05,0.051734,0.00039582,0,14.889,-6.6667,0
-7.0478e-05,0.051857,-0.00011645,0,15.194,-6.6667,0
-6.4751e-05,0.052071,-0.00063472,0,15.5,-6.6667,0
-5.9586e-05,0.052344,-0.0011305,0,15.806,-6.6667,0
-5.4903e-05,0.052646,-0.0016349,0,16.111,-6.6667,0
-5.0836e-05,0.05301,-0.0022243,0,16.417,-6.6667,0
-4.7409e-05,0.053551,-0.002921,0,16.722,-6.6667,0
-4.5013e-05,0.054368,-0.003602,0,17.028,-6.6667,0
-4.4217e-05,0.055437,-0.004064,0,17.333,-6.6667,0
-4.5213e-05,0.056606,-0.004185,0,17.639,-6.6667,0
-4.8158e-05,0.05769,-0.0039762,0,17.944,-6.6667,0
-5.1807e-05,0.058565,-0.0035215,0,18.25,-6.6667,0
-5.4491e-05,0.05918,-0.0029276,0,18.556,-6.6667,0
-5.6813e-05,0.059547,-0.0022966,0,18.861,-6.6667,0
-5.9274e-05,0.059718,-0.0016889,0,19.167,-6.6667,0
-6.117e-05,0.059738,-0.0011234,0,19.472,-6.6667,0
-6.2236e-05,0.059641,-0.00060531,0,19.778,-6.6667,0
-6.2555e-05,0.059448,-0.00013562,0,20.083,-6.6667,0
-6.2216e-05,0.059178,0.00028683,0,20.389,-6.6667,0
-6.1331e-05,0.05885,0.00066483,0,20.694,-6.6667,0
-6.0012e-05,0.05848,0.0010016,0,21,-6.6667,0
-5.8336e-05,0.058083,0.0013008,0,21.306,-6.6667,0
-5.6391e-05,0.057672,0.0015632,0,21.611,-6.6667,0
-5.4246e-05,0.057255,0.0017888,0,21.917,-6.6667,0
-5.1964e-05,0.056838,0.0019799,0,22.222,-6.6667,0
-4.9587e-05,0.056422,0.0021436,0,22.528,-6.6667,0
-4.7156e-05,0.05601,0.002285,0,22.833,-6.6667,0
-4.4695e-05,0.055607,0.0024029,0,23.139,-6.6667,0
-4.2227e-05,0.055216,0.0024949,0,23.444,-6.6667,0
-3.9766e-05,0.054836,0.0025658,0,23.75,-6.6667,0
-3.7324e-05,0.05446,0.0026261,0,24.056,-6.6667,0
-3.4912e-05,0.054084,0.0026819,0,24.361,-6.6667,0
-3.2541e-05,0.053711,0.002728,0,24.667,-6.6667,0
-3.0216e-05,0.053343,0.0027581,0,24.972,-6.6667,0
-2.7945e-05,0.052984,0.0027754,0,25.278,-6.6667,0
-2.573e-05,0.05263,0.002792,0,25.583,-6.6667,0
-2.3578e-05,0.052277,0.002812,0,25.889,-6.6667,0
-2.1494e-05,0.051926,0.0028194,0,26.194,-6.6667,0
-1.9475e-05,0.05159,0.0027872,0,26.5,-6.6667,0
-1.7506e-05,0.051278,0.0027044,0,26.806,-6.6667,0
-1.5577e-05,0.050991,0.0025952,0,27.111,-6.6667,0
-1.3677e-05,0.050715,0.0025041,0,27.417,-6.6667,0
-1.1797e-05,0.050437,0.0024547,0,27.722,-6.6667,0
-9.921e-06,0.050155,0.0024189,0,28.028,-6.6667,0
-8.0729e-06,0.049884,0.0023294,0,28.333,-6.6667,0
-6.2615e-06,0.04964,0.0021373,0,28.639,-6.6667,0
-4.4973e-06,0.049428,0.0018684,0,28.944,-6.6667,0
-2.8106e-06,0.049235,0.0016232,0,29.25,-6.6667,0
-1.0845e-06,0.04904,0.0015038,0,29.556,-6.6667,0
5.9908e-07,0.048835,0.0015181,0,29.861,-6.6667,0
2.3218e-06,0.048636,0.0015516,0,30.167,-6.6667,0
4.2476e-06,0.048467,0.0014065,0,30.472,-6.6667,0
6.0866e-06,0.048356,0.00068473,0,30.778,-6.6667,0
7.645e-06,0.048395,-0.0012643,0,31.083,-6.6667,0
8.2903e-06,0.048656,-0.0044757,0,31.389,-6.6667,0
7.2785e-06,0.049113,-0.0079915,0,31.694,-6.6667,0
5.0617e-06,0.049771,-0.010768,0,32,-6.6667,0
1.6986e-06,0.050702,-0.012246,0,32.306,-6.6667,0
-3.0281e-06,0.051968,-0.012367,0,32.611,-6.6667,0
-9.2839e-06,0.053561,-0.011341,0,32.917,-6.6667,0
-1.6235e-05,0.055388,-0.0094323,0,33.222,-6.6667,0
-2.1725e-05,0.057261,-0.0070135,0,33.528,-6.6667,0
-2.5632e-05,0.058917,-0.0045283,0,33.833,-6.6667,0
-2.8465e-05,0.060139,-0.002318,0,34.139,-6.6667,0
-2.9905e-05,0.060832,-0.00055,0,34.444,-6.6667,0
-3.0309e-05,0.061033,0.00074365,0,34.75,-6.6667,0
-3.0131e-05,0.060862,0.0016182,0,35.056,-6.6667,0
-2.9387e-05,0.060461,0.0021698,0,35.361,-6.6667,0
-2.8192e-05,0.059942,0.002498,0,35.667,-6.6667,0
-2.6763e-05,0.059379,0.0026867,0,35.972,-6.6667,0
-2.5238e-05,0.058816,0.0027916,0,36.278,-6.6667,0
-2.367e-05,0.058274,0.0028464,0,36.583,-6.6667,0
-2.2096e-05,0.057761,0.0028717,0,36.889,-6.6667,0
-2.0533e-05,0.057279,0.0028826,0,37.194,-6.6667,0
-1.8991e-05,0.056824,0.0028883,0,37.5,-6.6667,0
-1.7478e-05,0.056393,0.0028927,0,37.806,-6.6667,0
-1.6013e-05,0.05598,0.0028936,0,38.111,-6.6667,0
-1.4599e-05,0.055587,0.0028851,0,38.417,-6.6667,0
-1.3243e-05,0.055213,0.0028638,0,38.722,-6.6667,0
-1.1938e-05,0.054856,0.0028337,0,39.028,-6.6667,0
-1.0687e-05,0.054511,0.0028052,0,39.333,-6.6667,0
-9.4853e-06,0.054171,0.0027896,0,39.639,-6.6667,0
-8.3338e-06,0.053833,0.0027883,0,39.944,-6.6667,0
-7.2275e-06,0.053502,0.002791,0,40.25,-6.6667,0
-6.1692e-06,0.053182,0.0027819,0,40.556,-6.6667,0
-5.1516e-06,0.052878,0.0027526,0,40.861,-6.6667,0
-4.1743e-06,0.052583,0.0027106,0,41.167,-6.6667,0
-3.2393e-06,0.05229,0.0026765,0,41.472,-6.6667,0
-2.3516e-06,0.051989,0.0026706,0,41.778,-6.6667,0
-1.5064e-06,0.051683,0.0026967,0,42.083,-6.6667,0
-6.963e-07,0.051381,0.0027337,0,42.389,-6.6667,0
7.1767e-08,0.051099,0.0027446,0,42.694,-6.6667,0
8.0411e-07,0.050841,0.0026999,0,43,-6.6667,0
1.4726e-06,0.050603,0.0026012,0,43.306,-6.6667,0
2.0701e-06,0.050369,0.0024885,0,43.611,-6.6667,0
2.6094e-06,0.050125,0.0024224,0,43.917,-6.6667,0
3.0677e-06,0.04987,0.0024501,0,44.222,-6.6667,0
3.5005e-06,0.049614,0.0025759,0,44.528,-6.6667,0
3.8622e-06,0.049375,0.0027511,0,44.833,-6.6667,0
4.1131e-06,0.049168,0.0028908,0,45.139,-6.6667,0
4.4085e-06,0.048997,0.002908,0,45.444,-6.6667,0
4.5761e-06,0.048855,0.0026877,0,45.75,-6.6667,0
4.883e-06,0.048748,0.0019432,0,46.056,-6.6667,0
5.1784e-06,0.048684,0.00028839,0,46.361,-6.6667,0
4.9366e-06,0.048644,-0.0022383,0,46.667,-6.6667,0
4.5532e-06,0.048607,-0.0050746,0,46.972,-6.6667,0
4.0769e-06,0.048566,-0.0076578,0,47.278,-6.6667,0
2.901e-06,0.048522,-0.0096856,0,47.583,-6.6667,0
7.54e-07,0.048512,-0.011085,0,47.889,-6.6667,0
-1.9348e-06,0.048605,-0.011896,0,48.194,-6.6667,0
-5.047e-06,0.048885,-0.012169,0,48.5,-6.6667,0
-8.8037e-06,0.049442,-0.011882,0,48.806,-6.6667,0
-1.2352e-05,0.050383,-0.010889,0,49.111,-6.6667,0
-1.6044e-05,0.051744,-0.0090783,0,49.417,-6.6667,0
-1.9479e-05,0.053406,-0.0065814,0,49.722,-6.6667,0
-2.1405e-05,0.055101,-0.0037946,0,50.028,-6.6667,0
-2.2118e-05,0.056549,-0.0011781,0,50.333,-6.6667,0
-2.1834e-05,0.057562,0.00092709,0,50.639,-6.6667,0
-2.0689e-05,0.058106,0.0023906,0,50.944,-6.6667,0
-1.9132e-05,0.058261,0.0032808,0,51.25,-6.6667,0
-1.7512e-05,0.058154,0.0037536,0,51.556,-6.6667,0
-1.5762e-05,0.057892,0.0039544,0,51.861,-6.6667,0
-1.3926e-05,0.05755,0.0039923,0,52.167,-6.6667,0
-1.2178e-05,0.057175,0.0039389,0,52.472,-6.6667,0
-1.0545e-05,0.056792,0.0038368,0,52.778,-6.6667,0
-9.0206e-06,0.056416,0.003708,0,53.083,-6.6667,0
-7.608e-06,0.056051,0.0035686,0,53.389,-6.6667,0
-6.2804e-06,0.055698,0.003431,0,53.694,-6.6667,0
-5.0469e-06,0.055353,0.0033056,0,54,-6.6667,0
-3.8838e-06,0.055017,0.0031993,0,54.306,-6.6667,0
-2.8073e-06,0.054691,0.0031095,0,54.611,-6.6667,0
-1.7899e-06,0.054376,0.0030298,0,54.917,-6.6667,0
-8.4996e-07,0.054075,0.0029495,0,55.222,-6.6667,0
5.0536e-08,0.053785,0.002864,0,55.528,-6.6667,0
8.8527e-07,0.053503,0.0027767,0,55.833,-6.6667,0
1.6952e-06,0.053223,0.0026992,0,56.139,-6.6667,0
2.4388e-06,0.05294,0.0026458,0,56.444,-6.6667,0
3.1624e-06,0.052657,0.0026229,0,56.75,-6.6667,0
3.8274e-06,0.052377,0.0026262,0,57.056,-6.6667,0
4.4733e-06,0.05211,0.0026384,0,57.361,-6.6667,0
5.0544e-06,0.051861,0.0026381,0,57.667,-6.6667,0
5.6355e-06,0.051631,0.0026074,0,57.972,-6.6667,0
6.1521e-06,0.051415,0.0025447,0,58.278,-6.6667,0
6.6706e-06,0.051207,0.0024652,0,58.583,-6.6667,0
7.1141e-06,0.050995,0.0023984,0,58.889,-6.6667,0
7.5571e-06,0.050777,0.0023763,0,59.194,-6.6667,0
7.9291e-06,0.050554,0.00242,0,59.5,-6.6667,0
8.302e-06,0.050335,0.0025311,0,59.806,-6.6667,0
8.609e-06,0.050125,0.0026879,0,60.111,-6.6667,0
8.9062e-06,0.049933,0.0028525,0,60.417,-6.6667,0
9.1464e-06,0.049752,0.0029737,0,60.722,-6.6667,0
9.3735e-06,0.049585,0.0029949,0,61.028,-6.6667,0
9.5816e-06,0.049422,0.0028326,0,61.333,-6.6667,0
1.0079e-05,0.049273,0.0023118,0,61.639,-6.6667,0
1.0535e-05,0.049124,0.0011976,0,61.944,-6.6667,0
1.0716e-05,0.048993,-0.00055922,0,62.25,-6.6667,0
1.1283e-05,0.048871,-0.0026498,0,62.556,-6.6667,0
1.1652e-05,0.048777,-0.0047423,0,62.861,-6.6667,0
1.2042e-05,0.048665,-0.0066108,0,63.167,-6.6667,0
1.2012e-05,0.048535,-0.0081408,0,63.472,-6.6667,0
1.1535e-05,0.048386,-0.0092773,0,63.778,-6.6667,0
1.0685e-05,0.04832,-0.0098982,0,64.083,-6.6667,0
7.7576e-06,0.048314,-0.010148,0,64.389,-6.6667,0
1.0192e-05,0.048446,-0.010118,0,64.694,-6.6667,0
0,0.048635,-0.010009,0,65,-6.6667,0
-0.00024017,0.055059,0.0054159,0,10.306,-6,0
-0.0002233,0.054511,0.0052676,0,10.611,-6,0
-0.00020803,0.053996,0.0051078,0,10.917,-6,0
-0.00019286,0.053486,0.0049427,0,11.222,-6,0
-0.0001788,0.053006,0.0047628,0,11.528,-6,0
-0.00016521,0.052556,0.0045469,0,11.833,-6,0
-0.00015248,0.052158,0.004285,0,12.139,-6,0
-0.00014033,0.051811,0.0039796,0,12.444,-6,0
-0.0001289,0.051509,0.0036331,0,12.75,-6,0
-0.00011807,0.051245,0.0032372,0,13.056,-6,0
-0.00010791,0.051024,0.0027846,0,13.361,-6,0
-9.8372e-05,0.050861,0.0022919,0,13.667,-6,0
-8.9441e-05,0.050754,0.001797,0,13.972,-6,0
-8.1064e-05,0.050682,0.0013173,0,14.278,-6,0
-7.3203e-05,0.050635,0.0008065,0,14.583,-6,0
-6.5997e-05,0.050652,0.0001846,0,14.889,-6,0
-5.9438e-05,0.050796,-0.00054364,0,15.194,-6,0
-5.347e-05,0.051072,-0.0012417,0,15.5,-6,0
-4.8178e-05,0.051409,-0.0018105,0,15.806,-6,0
-4.2843e-05,0.051736,-0.0023861,0,16.111,-6,0
-3.8187e-05,0.052074,-0.0032901,0,16.417,-6,0
-3.499e-05,0.052616,-0.0046663,0,16.722,-6,0
-3.2939e-05,0.053635,-0.0061711,0,17.028,-6,0
-3.3166e-05,0.055205,-0.0071849,0,17.333,-6,0
-3.6503e-05,0.057114,-0.0073196,0,17.639,-6,0
-4.2177e-05,0.059016,-0.0066304,0,17.944,-6,0
-4.9658e-05,0.060589,-0.005441,0,18.25,-6,0
-5.7588e-05,0.061647,-0.0040944,0,18.556,-6,0
-6.4051e-05,0.062172,-0.0028265,0,18.861,-6,0
-6.8633e-05,0.062258,-0.0017369,0,19.167,-6,0
-7.1514e-05,0.062036,-0.00081744,0,19.472,-6,0
-7.2949e-05,0.061623,-2.9744e-05,0,19.778,-6,0
-7.309e-05,0.061106,0.00064845,0,20.083,-6,0
-7.2242e-05,0.060538,0.0012261,0,20.389,-6,0
-7.0675e-05,0.059947,0.0017089,0,20.694,-6,0
-6.8588e-05,0.059343,0.0021033,0,21,-6,0
-6.6121e-05,0.058737,0.0024187,0,21.306,-6,0
-6.3413e-05,0.058141,0.0026686,0,21.611,-6,0
-6.0556e-05,0.057562,0.0028698,0,21.917,-6,0
-5.7606e-05,0.057004,0.0030356,0,22.222,-6,0
-5.4614e-05,0.056466,0.0031715,0,22.528,-6,0
-5.1623e-05,0.05595,0.0032759,0,22.833,-6,0
-4.866e-05,0.055453,0.0033495,0,23.139,-6,0
-4.5749e-05,0.05497,0.0034041,0,23.444,-6,0
-4.2906e-05,0.054496,0.0034584,0,23.75,-6,0
-4.0146e-05,0.054031,0.0035206,0,24.056,-6,0
-3.7473e-05,0.05358,0.0035786,0,24.361,-6,0
-3.4888e-05,0.053152,0.0036118,0,24.667,-6,0
-3.2384e-05,0.05275,0.0036146,0,24.972,-6,0
-2.9952e-05,0.05237,0.0036032,0,25.278,-6,0
-2.7587e-05,0.052001,0.0035966,0,25.583,-6,0
-2.5291e-05,0.051641,0.0035906,0,25.889,-6,0
-2.3075e-05,0.051293,0.0035566,0,26.194,-6,0
-2.0958e-05,0.050964,0.0034698,0,26.5,-6,0
-1.8937e-05,0.050656,0.0033412,0,26.806,-6,0
-1.699e-05,0.050366,0.003216,0,27.111,-6,0
-1.51e-05,0.050082,0.0031368,0,27.417,-6,0
-1.3248e-05,0.049797,0.0031002,0,27.722,-6,0
-1.1422e-05,0.04951,0.003048,0,28.028,-6,0
-9.661e-06,0.049232,0.0029059,0,28.333,-6,0
-7.9588e-06,0.048974,0.0026454,0,28.639,-6,0
-6.394e-06,0.048742,0.0023204,0,28.944,-6,0
-4.9495e-06,0.048535,0.0020412,0,29.25,-6,0
-3.5352e-06,0.048346,0.001895,0,29.556,-6,0
-2.3446e-06,0.048169,0.0018656,0,29.861,-6,0
-1.04e-06,0.048015,0.0018304,0,30.167,-6,0
1.6748e-07,0.047894,0.0015762,0,30.472,-6,0
1.684e-06,0.047865,0.00063342,0,30.778,-6,0
3.0624e-06,0.048005,-0.0016018,0,31.083,-6,0
2.9113e-06,0.048247,-0.0049665,0,31.389,-6,0
1.2785e-06,0.048451,-0.0085129,0,31.694,-6,0
-2.0992e-06,0.048585,-0.011475,0,32,-6,0
-6.7111e-06,0.048756,-0.013517,0,32.306,-6,0
-1.2907e-05,0.049127,-0.014556,0,32.611,-6,0
-2.1267e-05,0.049841,-0.014617,0,32.917,-6,0
-2.9563e-05,0.05101,-0.013692,0,33.222,-6,0
-3.6936e-05,0.052669,-0.01175,0,33.528,-6,0
-4.3247e-05,0.054694,-0.0089181,0,33.833,-6,0
-4.714e-05,0.056779,-0.0056428,0,34.139,-6,0
-4.8992e-05,0.058548,-0.0024994,0,34.444,-6,0
-4.9028e-05,0.059742,8.5384e-05,0,34.75,-6,0
-4.7326e-05,0.060299,0.0019258,0,35.056,-6,0
-4.4914e-05,0.06033,0.0030748,0,35.361,-6,0
-4.2092e-05,0.060015,0.0037121,0,35.667,-6,0
-3.8887e-05,0.059511,0.0040177,0,35.972,-6,0
-3.5681e-05,0.058925,0.0041296,0,36.278,-6,0
-3.2656e-05,0.058321,0.0041374,0,36.583,-6,0
-2.9842e-05,0.057732,0.0040931,0,36.889,-6,0
-2.7229e-05,0.057173,0.0040279,0,37.194,-6,0
-2.4809e-05,0.056651,0.0039594,0,37.5,-6,0
-2.257e-05,0.056166,0.0038941,0,37.806,-6,0
-2.0495e-05,0.055719,0.0038299,0,38.111,-6,0
-1.8563e-05,0.055305,0.0037623,0,38.417,-6,0
-1.6762e-05,0.054917,0.0036923,0,38.722,-6,0
-1.5078e-05,0.054548,0.0036289,0,39.028,-6,0
-1.3502e-05,0.054188,0.0035822,0,39.333,-6,0
-1.2024e-05,0.053835,0.0035542,0,39.639,-6,0
-1.0638e-05,0.053488,0.0035351,0,39.944,-6,0
-9.3383e-06,0.05315,0.0035097,0,40.25,-6,0
-8.1214e-06,0.052825,0.0034681,0,40.556,-6,0
-6.9823e-06,0.052509,0.0034145,0,40.861,-6,0
-5.916e-06,0.0522,0.0033662,0,41.167,-6,0
-4.9138e-06,0.051893,0.003343,0,41.472,-6,0
-3.9755e-06,0.051584,0.003352,0,41.778,-6,0
-3.0949e-06,0.051278,0.0033794,0,42.083,-6,0
-2.2674e-06,0.050981,0.0033945,0,42.389,-6,0
-1.5018e-06,0.050698,0.003366,0,42.694,-6,0
-7.7987e-07,0.05043,0.0032822,0,43,-6,0
-1.1661e-07,0.050172,0.0031606,0,43.306,-6,0
4.8302e-07,0.049918,0.0030426,0,43.611,-6,0
1.0164e-06,0.049667,0.0029743,0,43.917,-6,0
1.4319e-06,0.049426,0.0029837,0,44.222,-6,0
1.8201e-06,0.049206,0.0030641,0,44.528,-6,0
2.1278e-06,0.049014,0.0031718,0,44.833,-6,0
2.281e-06,0.048853,0.0032384,0,45.139,-6,0
2.52e-06,0.048721,0.0031906,0,45.444,-6,0
2.6204e-06,0.048619,0.0029048,0,45.75,-6,0
2.8057e-06,0.04857,0.0020758,0,46.056,-6,0
3.082e-06,0.048578,0.00035213,0,46.361,-6,0
2.7631e-06,0.048593,-0.0021875,0,46.667,-6,0
2.1713e-06,0.048561,-0.0049943,0,46.972,-6,0
1.116e-06,0.048464,-0.0075235,0,47.278,-6,0
-5.7484e-07,0.048313,-0.0095152,0,47.583,-6,0
-2.5433e-06,0.048147,-0.010951,0,47.889,-6,0
-5.073e-06,0.048014,-0.01189,0,48.194,-6,0
-8.4651e-06,0.047957,-0.012402,0,48.5,-6,0
-1.2229e-05,0.048021,-0.012584,0,48.806,-6,0
-1.5541e-05,0.048275,-0.012444,0,49.111,-6,0
-1.8946e-05,0.048855,-0.011758,0,49.417,-6,0
-2.2726e-05,0.049901,-0.010217,0,49.722,-6,0
-2.6219e-05,0.051402,-0.0077617,0,50.028,-6,0
-2.8574e-05,0.053146,-0.0047177,0,50.333,-6,0
-2.9379e-05,0.054802,-0.0016533,0,50.639,-6,0
-2.8595e-05,0.056094,0.00091561,0,50.944,-6,0
-2.677e-05,0.056896,0.0027347,0,51.25,-6,0
-2.464e-05,0.057252,0.0038396,0,51.556,-6,0
-2.2298e-05,0.057287,0.0044177,0,51.861,-6,0
-1.9836e-05,0.057128,0.0046599,0,52.167,-6,0
-1.7448e-05,0.056864,0.004705,0,52.472,-6,0
-1.522e-05,0.056551,0.0046405,0,52.778,-6,0
-1.3157e-05,0.056218,0.0045188,0,53.083,-6,0
-1.1263e-05,0.05588,0.0043729,0,53.389,-6,0
-9.5092e-06,0.055543,0.0042237,0,53.694,-6,0
-7.9147e-06,0.055208,0.0040839,0,54,-6,0
-6.4407e-06,0.054879,0.0039578,0,54.306,-6,0
-5.0975e-06,0.054559,0.0038417,0,54.611,-6,0
-3.8478e-06,0.054249,0.0037296,0,54.917,-6,0
-2.7149e-06,0.053952,0.0036167,0,55.222,-6,0
-1.6519e-06,0.053664,0.0035055,0,55.528,-6,0
-6.8553e-07,0.053382,0.0034046,0,55.833,-6,0
2.3358e-07,0.053101,0.0033249,0,56.139,-6,0
1.0657e-06,0.052819,0.0032739,0,56.444,-6,0
1.8614e-06,0.052539,0.0032475,0,56.75,-6,0
2.5718e-06,0.052263,0.0032341,0,57.056,-6,0
3.2549e-06,0.051998,0.0032143,0,57.361,-6,0
3.8573e-06,0.051744,0.0031733,0,57.667,-6,0
4.4487e-06,0.051501,0.0031047,0,57.972,-6,0
4.9706e-06,0.051264,0.0030177,0,58.278,-6,0
5.4904e-06,0.051028,0.0029312,0,58.583,-6,0
5.9378e-06,0.050791,0.0028695,0,58.889,-6,0
6.3654e-06,0.050555,0.0028528,0,59.194,-6,0
6.7324e-06,0.050323,0.0028916,0,59.5,-6,0
7.0703e-06,0.050105,0.002983,0,59.806,-6,0
7.384e-06,0.049902,0.0031088,0,60.111,-6,0
7.6783e-06,0.049718,0.0032386,0,60.417,-6,0
7.9236e-06,0.04955,0.0033272,0,60.722,-6,0
8.1361e-06,0.049403,0.0033236,0,61.028,-6,0
8.3637e-06,0.049274,0.0031422,0,61.333,-6,0
8.8023e-06,0.049178,0.0026087,0,61.639,-6,0
9.2782e-06,0.049101,0.0014814,0,61.944,-6,0
9.2223e-06,0.049026,-0.00028665,0,62.25,-6,0
9.5706e-06,0.048914,-0.0024197,0,62.556,-6,0
9.3983e-06,0.048775,-0.0045019,0,62.861,-6,0
9.1597e-06,0.048591,-0.0062772,0,63.167,-6,0
8.6871e-06,0.048376,-0.0077094,0,63.472,-6,0
7.9553e-06,0.048119,-0.0088635,0,63.778,-6,0
6.8994e-06,0.047895,-0.009659,0,64.083,-6,0
5.8999e-06,0.047764,-0.010089,0,64.389,-6,0
4.7085e-06,0.047712,-0.010232,0,64.694,-6,0
0,0.047742,-0.010219,0,65,-6,0
-0.0002368,0.054318,0.0067446,0,10.306,-5.3333,0
-0.00021862,0.053636,0.0065973,0,10.611,-5.3333,0
-0.00020232,0.053,0.006409,0,10.917,-5.3333,0
-0.00018629,0.052405,0.0061738,0,11.222,-5.3333,0
-0.0001715,0.051886,0.0058734,0,11.528,-5.3333,0
-0.00015721,0.051429,0.0054986,0,11.833,-5.3333,0
-0.00014388,0.051028,0.0050653,0,12.139,-5.3333,0
-0.00013122,0.05067,0.0046147,0,12.444,-5.3333,0
-0.00011933,0.050342,0.0041763,0,12.75,-5.3333,0
-0.00010805,0.050024,0.0037211,0,13.056,-5.3333,0
-9.7501e-05,0.049735,0.0031964,0,13.361,-5.3333,0
-8.7636e-05,0.049523,0.0026162,0,13.667,-5.3333,0
-7.8468e-05,0.0494,0.0020596,0,13.972,-5.3333,0
-6.9828e-05,0.049317,0.0015437,0,14.278,-5.3333,0
-6.1606e-05,0.049227,0.00092862,0,14.583,-5.3333,0
-5.4128e-05,0.049167,4.5456e-05,0,14.889,-5.3333,0
-4.7494e-05,0.049233,-0.0010301,0,15.194,-5.3333,0
-4.1614e-05,0.049451,-0.0019726,0,15.5,-5.3333,0
-3.6296e-05,0.049733,-0.0025761,0,15.806,-5.3333,0
-3.0949e-05,0.049985,-0.0030831,0,16.111,-5.3333,0
-2.6719e-05,0.05019,-0.0041445,0,16.417,-5.3333,0
-2.3967e-05,0.050481,-0.0063229,0,16.722,-5.3333,0
-2.4025e-05,0.051173,-0.0092483,0,17.028,-5.3333,0
-2.9556e-05,0.052514,-0.011657,0,17.333,-5.3333,0
-4.0483e-05,0.054509,-0.012505,0,17.639,-5.3333,0
-5.5784e-05,0.056954,-0.01157,0,17.944,-5.3333,0
-7.1297e-05,0.059524,-0.009278,0,18.25,-5.3333,0
-8.2396e-05,0.061828,-0.0063908,0,18.556,-5.3333,0
-8.9611e-05,0.063477,-0.0036351,0,18.861,-5.3333,0
-9.4096e-05,0.064265,-0.0013957,0,19.167,-5.3333,0
-9.5725e-05,0.064261,0.00026041,0,19.472,-5.3333,0
-9.5001e-05,0.063715,0.0014241,0,19.778,-5.3333,0
-9.2668e-05,0.062888,0.0022307,0,20.083,-5.3333,0
-8.9476e-05,0.061962,0.002816,0,20.389,-5.3333,0
-8.5692e-05,0.061044,0.0032742,0,20.694,-5.3333,0
-8.1628e-05,0.060178,0.0036413,0,21,-5.3333,0
-7.7452e-05,0.05937,0.0039228,0,21.306,-5.3333,0
-7.3258e-05,0.058612,0.0041265,0,21.611,-5.3333,0
-6.9096e-05,0.057895,0.0042702,0,21.917,-5.3333,0
-6.5008e-05,0.057211,0.0043719,0,22.222,-5.3333,0
-6.1034e-05,0.056556,0.0044437,0,22.528,-5.3333,0
-5.7204e-05,0.055928,0.0044961,0,22.833,-5.3333,0
-5.3532e-05,0.055326,0.00454,0,23.139,-5.3333,0
-5.0024e-05,0.05475,0.0045819,0,23.444,-5.3333,0
-4.6678e-05,0.0542,0.0046161,0,23.75,-5.3333,0
-4.3494e-05,0.053677,0.0046262,0,24.056,-5.3333,0
-4.0466e-05,0.053185,0.0045987,0,24.361,-5.3333,0
-3.7589e-05,0.052727,0.0045373,0,24.667,-5.3333,0
-3.4855e-05,0.052302,0.0044653,0,24.972,-5.3333,0
-3.2248e-05,0.051903,0.0044101,0,25.278,-5.3333,0
-2.9751e-05,0.051517,0.004381,0,25.583,-5.3333,0
-2.7353e-05,0.051133,0.004357,0,25.889,-5.3333,0
-2.5049e-05,0.050751,0.0042981,0,26.194,-5.3333,0
-2.2855e-05,0.050382,0.0041772,0,26.5,-5.3333,0
-2.078e-05,0.050038,0.0040087,0,26.806,-5.3333,0
-1.8808e-05,0.049721,0.0038469,0,27.111,-5.3333,0
-1.6925e-05,0.04942,0.0037448,0,27.417,-5.3333,0
-1.5083e-05,0.049117,0.0037026,0,27.722,-5.3333,0
-1.3287e-05,0.048809,0.0036522,0,28.028,-5.3333,0
-1.1565e-05,0.048508,0.0035004,0,28.333,-5.3333,0
-9.9074e-06,0.048234,0.0032053,0,28.639,-5.3333,0
-8.4531e-06,0.047994,0.0028245,0,28.944,-5.3333,0
-7.0655e-06,0.047781,0.0024889,0,29.25,-5.3333,0
-5.8143e-06,0.04757,0.0023018,0,29.556,-5.3333,0
-4.7896e-06,0.04735,0.0022422,0,29.861,-5.3333,0
-3.5323e-06,0.047141,0.0021515,0,30.167,-5.3333,0
-2.5584e-06,0.046994,0.0017331,0,30.472,-5.3333,0
-1.0585e-06,0.047038,0.00044678,0,30.778,-5.3333,0
-6.4168e-08,0.047332,-0.002098,0,31.083,-5.3333,0
-1.5148e-06,0.04769,-0.0054477,0,31.389,-5.3333,0
-4.2527e-06,0.047901,-0.0087302,0,31.694,-5.3333,0
-7.962e-06,0.047909,-0.011433,0,32,-5.3333,0
-1.3235e-05,0.047778,-0.013428,0,32.306,-5.3333,0
-2.0088e-05,0.047641,-0.01474,0,32.611,-5.3333,0
-2.7606e-05,0.04764,-0.015444,0,32.917,-5.3333,0
-3.5364e-05,0.047896,-0.015595,0,33.222,-5.3333,0
-4.3451e-05,0.048558,-0.015052,0,33.528,-5.3333,0
-5.0604e-05,0.049783,-0.013491,0,33.833,-5.3333,0
-5.7301e-05,0.05161,-0.010722,0,34.139,-5.3333,0
-6.2873e-05,0.053817,-0.0070128,0,34.444,-5.3333,0
-6.4892e-05,0.055958,-0.0030762,0,34.75,-5.3333,0
-6.3752e-05,0.057611,0.00033251,0,35.056,-5.3333,0
-6.0478e-05,0.058568,0.0027884,0,35.361,-5.3333,0
-5.6308e-05,0.058884,0.004286,0,35.667,-5.3333,0
-5.1817e-05,0.058756,0.0050648,0,35.972,-5.3333,0
-4.7092e-05,0.058376,0.005387,0,36.278,-5.3333,0
-4.2548e-05,0.057879,0.0054491,0,36.583,-5.3333,0
-3.8401e-05,0.05734,0.0053766,0,36.889,-5.3333,0
-3.4629e-05,0.056798,0.0052419,0,37.194,-5.3333,0
-3.1219e-05,0.056271,0.0050846,0,37.5,-5.3333,0
-2.8143e-05,0.055767,0.0049251,0,37.806,-5.3333,0
-2.5359e-05,0.055289,0.0047729,0,38.111,-5.3333,0
-2.2834e-05,0.054837,0.0046344,0,38.417,-5.3333,0
-2.0539e-05,0.054408,0.0045162,0,38.722,-5.3333,0
-1.8443e-05,0.053999,0.0044247,0,39.028,-5.3333,0
-1.6526e-05,0.053607,0.004361,0,39.333,-5.3333,0
-1.4764e-05,0.053233,0.004318,0,39.639,-5.3333,0
-1.3144e-05,0.052873,0.0042816,0,39.944,-5.3333,0
-1.1652e-05,0.052526,0.0042376,0,40.25,-5.3333,0
-1.0277e-05,0.052191,0.0041799,0,40.556,-5.3333,0
-9.0125e-06,0.051866,0.0041145,0,40.861,-5.3333,0
-7.8465e-06,0.05155,0.0040564,0,41.167,-5.3333,0
-6.7667e-06,0.051244,0.0040212,0,41.472,-5.3333,0
-5.7577e-06,0.05095,0.0040116,0,41.778,-5.3333,0
-4.8064e-06,0.050667,0.0040131,0,42.083,-5.3333,0
-3.9139e-06,0.050396,0.0039988,0,42.389,-5.3333,0
-3.0936e-06,0.050134,0.0039457,0,42.694,-5.3333,0
-2.3386e-06,0.049879,0.0038476,0,43,-5.3333,0
-1.6609e-06,0.049633,0.0037191,0,43.306,-5.3333,0
-1.0505e-06,0.049396,0.0035908,0,43.611,-5.3333,0
-4.8348e-07,0.049174,0.0034957,0,43.917,-5.3333,0
2.4695e-09,0.048967,0.003457,0,44.222,-5.3333,0
4.8929e-07,0.048774,0.0034747,0,44.528,-5.3333,0
9.3415e-07,0.04859,0.0035198,0,44.833,-5.3333,0
1.2945e-06,0.048411,0.0035316,0,45.139,-5.3333,0
1.7798e-06,0.048246,0.0034189,0,45.444,-5.3333,0
2.1985e-06,0.048124,0.0030199,0,45.75,-5.3333,0
2.5676e-06,0.048105,0.0020368,0,46.056,-5.3333,0
2.8604e-06,0.048217,0.00023588,0,46.361,-5.3333,0
2.3518e-06,0.04838,-0.0022001,0,46.667,-5.3333,0
8.9547e-07,0.048471,-0.0047907,0,46.972,-5.3333,0
-1.0113e-06,0.048423,-0.007117,0,47.278,-5.3333,0
-2.8817e-06,0.048245,-0.0089946,0,47.583,-5.3333,0
-4.8609e-06,0.047981,-0.010433,0,47.889,-5.3333,0
-7.2885e-06,0.047689,-0.011485,0,48.194,-5.3333,0
-9.909e-06,0.047438,-0.012186,0,48.5,-5.3333,0
-1.2975e-05,0.047274,-0.012571,0,48.806,-5.3333,0
-1.6622e-05,0.047211,-0.012709,0,49.111,-5.3333,0
-1.9765e-05,0.047281,-0.012628,0,49.417,-5.3333,0
-2.2581e-05,0.047603,-0.01214,0,49.722,-5.3333,0
-2.6258e-05,0.048356,-0.010872,0,50.028,-5.3333,0
-2.9974e-05,0.04963,-0.0085944,0,50.333,-5.3333,0
-3.2511e-05,0.051291,-0.0055038,0,50.639,-5.3333,0
-3.3429e-05,0.053016,-0.0021761,0,50.944,-5.3333,0
-3.2694e-05,0.054466,0.00075471,0,51.25,-5.3333,0
-3.0679e-05,0.055443,0.002901,0,51.556,-5.3333,0
-2.8065e-05,0.055943,0.0042249,0,51.861,-5.3333,0
-2.5256e-05,0.056085,0.0049146,0,52.167,-5.3333,0
-2.2429e-05,0.056007,0.0051971,0,52.472,-5.3333,0
-1.9683e-05,0.055809,0.0052458,0,52.778,-5.3333,0
-1.7111e-05,0.055551,0.005172,0,53.083,-5.3333,0
-1.4792e-05,0.055264,0.0050428,0,53.389,-5.3333,0
-1.2653e-05,0.054966,0.0048967,0,53.694,-5.3333,0
-1.073e-05,0.054667,0.0047529,0,54,-5.3333,0
-8.9679e-06,0.054373,0.004616,0,54.306,-5.3333,0
-7.3794e-06,0.054088,0.0044839,0,54.611,-5.3333,0
-5.9062e-06,0.053811,0.0043538,0,54.917,-5.3333,0
-4.5781e-06,0.053541,0.0042266,0,55.222,-5.3333,0
-3.3448e-06,0.053274,0.0041079,0,55.528,-5.3333,0
-2.2404e-06,0.053007,0.0040062,0,55.833,-5.3333,0
-1.2073e-06,0.052741,0.0039273,0,56.139,-5.3333,0
-2.8517e-07,0.052475,0.0038729,0,56.444,-5.3333,0
5.909e-07,0.052214,0.0038358,0,56.75,-5.3333,0
1.3715e-06,0.05196,0.0038065,0,57.056,-5.3333,0
2.1214e-06,0.051713,0.0037711,0,57.361,-5.3333,0
2.7772e-06,0.051469,0.0037224,0,57.667,-5.3333,0
3.4021e-06,0.051227,0.0036556,0,57.972,-5.3333,0
3.9339e-06,0.050981,0.0035772,0,58.278,-5.3333,0
4.4392e-06,0.050735,0.003497,0,58.583,-5.3333,0
4.8698e-06,0.050492,0.0034318,0,58.889,-5.3333,0
5.2877e-06,0.050259,0.0033964,0,59.194,-5.3333,0
5.66e-06,0.05004,0.0034019,0,59.5,-5.3333,0
6.0135e-06,0.049838,0.0034517,0,59.806,-5.3333,0
6.3695e-06,0.049646,0.0035327,0,60.111,-5.3333,0
6.6993e-06,0.049467,0.0036192,0,60.417,-5.3333,0
7.0646e-06,0.049292,0.0036607,0,60.722,-5.3333,0
7.3222e-06,0.049132,0.0035983,0,61.028,-5.3333,0
7.6934e-06,0.048997,0.0033247,0,61.333,-5.3333,0
8.1767e-06,0.048917,0.0026905,0,61.639,-5.3333,0
8.7716e-06,0.048886,0.001529,0,61.944,-5.3333,0
8.7308e-06,0.048879,-0.00014417,0,62.25,-5.3333,0
8.4963e-06,0.048838,-0.0021048,0,62.556,-5.3333,0
7.5215e-06,0.048739,-0.004037,0,62.861,-5.3333,0
7.0367e-06,0.048579,-0.0057398,0,63.167,-5.3333,0
5.8686e-06,0.048372,-0.0071088,0,63.472,-5.3333,0
4.9157e-06,0.048108,-0.0082286,0,63.778,-5.3333,0
3.3064e-06,0.047794,-0.0091241,0,64.083,-5.3333,0
2.1377e-06,0.047534,-0.0097507,0,64.389,-5.3333,0
4.5314e-07,0.047338,-0.010075,0,64.694,-5.3333,0
0,0.047261,-0.010125,0,65,-5.3333,0
-0.00023374,0.053254,0.008379,0,10.306,-4.6667,0
-0.00021407,0.052523,0.008133,0,10.611,-4.6667,0
-0.00019643,0.051886,0.0077971,0,10.917,-4.6667,0
-0.00017932,0.051308,0.0073684,0,11.222,-4.6667,0
-0.00016375,0.050769,0.0068934,0,11.528,-4.6667,0
-0.0001489,0.05023,0.0064173,0,11.833,-4.6667,0
-0.00013501,0.049702,0.0059408,0,12.139,-4.6667,0
-0.00012188,0.0492,0.005476,0,12.444,-4.6667,0
-0.00010955,0.04873,0.0050437,0,12.75,-4.6667,0
-9.7913e-05,0.048305,0.0045602,0,13.056,-4.6667,0
-8.704e-05,0.047963,0.0038781,0,13.361,-4.6667,0
-7.7051e-05,0.047722,0.0030236,0,13.667,-4.6667,0
-6.7854e-05,0.047547,0.0022463,0,13.972,-4.6667,0
-5.9073e-05,0.04737,0.0016947,0,14.278,-4.6667,0
-5.0911e-05,0.047171,0.0011329,0,14.583,-4.6667,0
-4.346e-05,0.047002,0.00017038,0,14.889,-4.6667,0
-3.7292e-05,0.046912,-0.001166,0,15.194,-4.6667,0
-3.2648e-05,0.046906,-0.0023361,0,15.5,-4.6667,0
-2.8446e-05,0.046958,-0.0029742,0,15.806,-4.6667,0
-2.5172e-05,0.047017,-0.0033892,0,16.111,-4.6667,0
-2.3796e-05,0.047064,-0.0043774,0,16.417,-4.6667,0
-2.3934e-05,0.047163,-0.0068151,0,16.722,-4.6667,0
-2.9082e-05,0.047447,-0.010621,0,17.028,-4.6667,0
-4.1337e-05,0.04804,-0.014476,0,17.333,-4.6667,0
-5.7743e-05,0.049087,-0.017024,0,17.639,-4.6667,0
-7.738e-05,0.050764,-0.01758,0,17.944,-4.6667,0
-9.7961e-05,0.053136,-0.016065,0,18.25,-4.6667,0
-0.00011767,0.056071,-0.012724,0,18.556,-4.6667,0
-0.00013246,0.059179,-0.0081613,0,18.861,-4.6667,0
-0.00013827,0.061836,-0.0034584,0,19.167,-4.6667,0
-0.00013728,0.06347,0.00037612,0,19.472,-4.6667,0
-0.0001327,0.063928,0.0029614,0,19.778,-4.6667,0
-0.00012647,0.063499,0.0044675,0,20.083,-4.6667,0
-0.00011848,0.062598,0.0052432,0,20.389,-4.6667,0
-0.00010973,0.061523,0.0055971,0,20.694,-4.6667,0
-0.00010145,0.060449,0.0057538,0,21,-4.6667,0
-9.3756e-05,0.059446,0.0058333,0,21.306,-4.6667,0
-8.6719e-05,0.058531,0.005885,0,21.611,-4.6667,0
-8.0283e-05,0.057694,0.0059255,0,21.917,-4.6667,0
-7.4359e-05,0.056921,0.0059566,0,22.222,-4.6667,0
-6.8916e-05,0.0562,0.0059716,0,22.528,-4.6667,0
-6.3901e-05,0.055527,0.0059602,0,22.833,-4.6667,0
-5.9264e-05,0.054907,0.0059197,0,23.139,-4.6667,0
-5.4969e-05,0.054341,0.0058608,0,23.444,-4.6667,0
-5.0979e-05,0.053818,0.0057986,0,23.75,-4.6667,0
-4.7266e-05,0.053319,0.0057345,0,24.056,-4.6667,0
-4.3805e-05,0.05283,0.0056517,0,24.361,-4.6667,0
-4.0579e-05,0.052352,0.0055383,0,24.667,-4.6667,0
-3.7566e-05,0.051889,0.0054126,0,24.972,-4.6667,0
-3.4741e-05,0.051439,0.0053173,0,25.278,-4.6667,0
-3.2076e-05,0.050994,0.0052773,0,25.583,-4.6667,0
-2.9557e-05,0.050551,0.005261,0,25.889,-4.6667,0
-2.7177e-05,0.05012,0.0051942,0,26.194,-4.6667,0
-2.4946e-05,0.049718,0.0050253,0,26.5,-4.6667,0
-2.2858e-05,0.049349,0.0047835,0,26.806,-4.6667,0
-2.0897e-05,0.048997,0.0045659,0,27.111,-4.6667,0
-1.9041e-05,0.048642,0.0044547,0,27.417,-4.6667,0
-1.7231e-05,0.048281,0.0044317,0,27.722,-4.6667,0
-1.549e-05,0.047935,0.004377,0,28.028,-4.6667,0
-1.3792e-05,0.047633,0.0041625,0,28.333,-4.6667,0
-1.2187e-05,0.047377,0.003766,0,28.639,-4.6667,0
-1.0747e-05,0.047136,0.0033077,0,28.944,-4.6667,0
-9.3012e-06,0.046858,0.002968,0,29.25,-4.6667,0
-8.1312e-06,0.046513,0.0028347,0,29.556,-4.6667,0
-6.863e-06,0.046131,0.0028053,0,29.861,-4.6667,0
-5.5035e-06,0.045782,0.0026065,0,30.167,-4.6667,0
-4.3961e-06,0.045608,0.0018036,0,30.472,-4.6667,0
-2.9528e-06,0.04581,-0.00010074,0,30.778,-4.6667,0
-2.9513e-06,0.046348,-0.0030287,0,31.083,-4.6667,0
-5.2827e-06,0.046914,-0.0062057,0,31.389,-4.6667,0
-8.5848e-06,0.047253,-0.0089886,0,31.694,-4.6667,0
-1.2948e-05,0.047293,-0.011209,0,32,-4.6667,0
-1.8543e-05,0.047093,-0.012934,0,32.306,-4.6667,0
-2.4446e-05,0.046781,-0.014252,0,32.611,-4.6667,0
-3.0677e-05,0.046486,-0.015173,0,32.917,-4.6667,0
-3.8076e-05,0.046299,-0.015696,0,33.222,-4.6667,0
-4.5512e-05,0.046293,-0.015861,0,33.528,-4.6667,0
-5.1831e-05,0.046575,-0.015582,0,33.833,-4.6667,0
-5.8259e-05,0.047354,-0.014446,0,34.139,-4.6667,0
-6.5329e-05,0.04882,-0.011978,0,34.444,-4.6667,0
-7.1079e-05,0.0509,-0.0081886,0,34.75,-4.6667,0
-7.3426e-05,0.053188,-0.0037657,0,35.056,-4.6667,0
-7.2066e-05,0.055155,0.00029588,0,35.361,-4.6667,0
-6.813e-05,0.056458,0.003302,0,35.667,-4.6667,0
-6.2935e-05,0.057071,0.0051277,0,35.972,-4.6667,0
-5.7333e-05,0.057177,0.0060436,0,36.278,-4.6667,0
-5.1775e-05,0.056985,0.0063982,0,36.583,-4.6667,0
-4.653e-05,0.056639,0.0064511,0,36.889,-4.6667,0
-4.1739e-05,0.056222,0.0063594,0,37.194,-4.6667,0
-3.7432e-05,0.055772,0.0062079,0,37.5,-4.6667,0
-3.3574e-05,0.05531,0.0060363,0,37.806,-4.6667,0
-3.0136e-05,0.054846,0.0058596,0,38.111,-4.6667,0
-2.7071e-05,0.05439,0.0056853,0,38.417,-4.6667,0
-2.4326e-05,0.053948,0.0055209,0,38.722,-4.6667,0
-2.1855e-05,0.053521,0.0053752,0,39.028,-4.6667,0
-1.9622e-05,0.053112,0.0052542,0,39.333,-4.6667,0
-1.7597e-05,0.052721,0.0051576,0,39.639,-4.6667,0
-1.5755e-05,0.052346,0.0050766,0,39.944,-4.6667,0
-1.4078e-05,0.051988,0.0049973,0,40.25,-4.6667,0
-1.2549e-05,0.051649,0.004909,0,40.556,-4.6667,0
-1.1157e-05,0.051328,0.0048126,0,40.861,-4.6667,0
-9.8831e-06,0.051023,0.0047212,0,41.167,-4.6667,0
-8.7117e-06,0.050728,0.0046518,0,41.472,-4.6667,0
-7.6365e-06,0.050438,0.004611,0,41.778,-4.6667,0
-6.6359e-06,0.050149,0.0045887,0,42.083,-4.6667,0
-5.698e-06,0.049859,0.0045589,0,42.389,-4.6667,0
-4.831e-06,0.049573,0.0044927,0,42.694,-4.6667,0
-4.0299e-06,0.049297,0.0043749,0,43,-4.6667,0
-3.3071e-06,0.049038,0.0042143,0,43.306,-4.6667,0
-2.6433e-06,0.0488,0.0040445,0,43.611,-4.6667,0
-2.0248e-06,0.048575,0.0039118,0,43.917,-4.6667,0
-1.4569e-06,0.048351,0.0038561,0,44.222,-4.6667,0
-8.4666e-07,0.048111,0.0038869,0,44.528,-4.6667,0
-2.6511e-07,0.047846,0.0039631,0,44.833,-4.6667,0
4.0584e-07,0.047565,0.0039885,0,45.139,-4.6667,0
1.2963e-06,0.047299,0.0038169,0,45.444,-4.6667,0
2.1172e-06,0.047102,0.0032141,0,45.75,-4.6667,0
2.7145e-06,0.047074,0.0018767,0,46.056,-4.6667,0
2.8357e-06,0.047269,-0.00024962,0,46.361,-4.6667,0
2.3419e-06,0.047608,-0.0027436,0,46.667,-4.6667,0
1.0401e-06,0.047931,-0.0050864,0,46.972,-4.6667,0
-7.1639e-07,0.048112,-0.0070266,0,47.278,-4.6667,0
-2.7065e-06,0.048099,-0.008546,0,47.583,-4.6667,0
-5.1617e-06,0.047903,-0.0097363,0,47.889,-4.6667,0
-7.7155e-06,0.047581,-0.010703,0,48.194,-4.6667,0
-1.0321e-05,0.047207,-0.011495,0,48.5,-4.6667,0
-1.3023e-05,0.046862,-0.012091,0,48.806,-4.6667,0
-1.5748e-05,0.046603,-0.012457,0,49.111,-4.6667,0
-1.8892e-05,0.046443,-0.012611,0,49.417,-4.6667,0
-2.2013e-05,0.046399,-0.012567,0,49.722,-4.6667,0
-2.5017e-05,0.046552,-0.012188,0,50.028,-4.6667,0
-2.8391e-05,0.047079,-0.011122,0,50.333,-4.6667,0
-3.1776e-05,0.048124,-0.0090399,0,50.639,-4.6667,0
-3.4191e-05,0.049635,-0.0060096,0,50.944,-4.6667,0
-3.495e-05,0.051327,-0.002558,0,51.25,-4.6667,0
-3.4166e-05,0.052841,0.00061833,0,51.556,-4.6667,0
-3.219e-05,0.053927,0.0030171,0,51.861,-4.6667,0
-2.9537e-05,0.054538,0.0045206,0,52.167,-4.6667,0
-2.6563e-05,0.054774,0.005308,0,52.472,-4.6667,0
-2.3535e-05,0.054768,0.0056359,0,52.778,-4.6667,0
-2.0719e-05,0.054625,0.0057073,0,53.083,-4.6667,0
-1.8048e-05,0.054408,0.0056484,0,53.389,-4.6667,0
-1.5594e-05,0.054152,0.0055256,0,53.694,-4.6667,0
-1.3474e-05,0.053881,0.0053771,0,54,-4.6667,0
-1.1505e-05,0.053605,0.0052216,0,54.306,-4.6667,0
-9.7434e-06,0.053332,0.0050685,0,54.611,-4.6667,0
-8.1164e-06,0.053062,0.0049224,0,54.917,-4.6667,0
-6.6576e-06,0.052795,0.0047882,0,55.222,-4.6667,0
-5.3073e-06,0.05253,0.0046691,0,55.528,-4.6667,0
-4.1034e-06,0.052267,0.0045686,0,55.833,-4.6667,0
-2.9827e-06,0.05201,0.0044862,0,56.139,-4.6667,0
-1.9868e-06,0.051757,0.0044218,0,56.444,-4.6667,0
-1.0461e-06,0.05151,0.0043699,0,56.75,-4.6667,0
-2.0705e-07,0.051266,0.0043271,0,57.056,-4.6667,0
5.9823e-07,0.051026,0.0042841,0,57.361,-4.6667,0
1.3134e-06,0.050787,0.004235,0,57.667,-4.6667,0
1.9943e-06,0.050552,0.0041707,0,57.972,-4.6667,0
2.5837e-06,0.050321,0.0040907,0,58.278,-4.6667,0
3.1312e-06,0.050103,0.0039976,0,58.583,-4.6667,0
3.6026e-06,0.049895,0.003907,0,58.889,-4.6667,0
4.0418e-06,0.049703,0.0038383,0,59.194,-4.6667,0
4.4615e-06,0.049514,0.0038116,0,59.5,-4.6667,0
4.8502e-06,0.049329,0.0038416,0,59.806,-4.6667,0
5.2897e-06,0.04913,0.0039179,0,60.111,-4.6667,0
5.6934e-06,0.04892,0.0040123,0,60.417,-4.6667,0
6.1985e-06,0.048694,0.0040566,0,60.722,-4.6667,0
6.6091e-06,0.04847,0.0039685,0,61.028,-4.6667,0
7.1573e-06,0.048266,0.0036112,0,61.333,-4.6667,0
7.527e-06,0.048121,0.0028511,0,61.639,-4.6667,0
8.0586e-06,0.048067,0.0015625,0,61.944,-4.6667,0
7.8173e-06,0.04811,-0.00017999,0,62.25,-4.6667,0
7.4513e-06,0.048215,-0.0021181,0,62.556,-4.6667,0
6.464e-06,0.048307,-0.0039306,0,62.861,-4.6667,0
5.5818e-06,0.048332,-0.0054797,0,63.167,-4.6667,0
3.9033e-06,0.048259,-0.0066773,0,63.472,-4.6667,0
2.6993e-06,0.048112,-0.0076075,0,63.778,-4.6667,0
9.1733e-07,0.047844,-0.0084019,0,64.083,-4.6667,0
-5.4159e-07,0.047542,-0.0091074,0,64.389,-4.6667,0
-2.3111e-06,0.047228,-0.009607,0,64.694,-4.6667,0
0,0.04705,-0.0097346,0,65,-4.6667,0
-0.0002288,0.052214,0.010028,0,10.306,-4,0
-0.00020766,0.0514,0.0095743,0,10.611,-4,0
-0.00018872,0.050655,0.0090661,0,10.917,-4,0
-0.00017077,0.049907,0.0086102,0,11.222,-4,0
-0.00015442,0.049135,0.0082302,0,11.528,-4,0
-0.00013921,0.048388,0.0078264,0,11.833,-4,0
-0.00012525,0.047757,0.0073145,0,12.139,-4,0
-0.00011217,0.047236,0.006737,0,12.444,-4,0
-9.9852e-05,0.046752,0.0061297,0,12.75,-4,0
-8.8168e-05,0.046278,0.0053953,0,13.056,-4,0
-7.7256e-05,0.045849,0.0044678,0,13.361,-4,0
-6.7317e-05,0.045471,0.0035229,0,13.667,-4,0
-5.8213e-05,0.045088,0.0028302,0,13.972,-4,0
-4.9634e-05,0.04468,0.0023647,0,14.278,-4,0
-4.1551e-05,0.044336,0.001732,0,14.583,-4,0
-3.4255e-05,0.044109,0.00061083,0,14.889,-4,0
-2.8785e-05,0.043903,-0.00082369,0,15.194,-4,0
-2.3783e-05,0.043598,-0.0020657,0,15.5,-4,0
-2.1217e-05,0.043221,-0.0028103,0,15.806,-4,0
-2.1482e-05,0.043012,-0.0033173,0,16.111,-4,0
-2.1726e-05,0.043245,-0.0044486,0,16.417,-4,0
-2.561e-05,0.043915,-0.0071536,0,16.722,-4,0
-3.5396e-05,0.044658,-0.01117,0,17.028,-4,0
-4.9347e-05,0.045149,-0.015224,0,17.333,-4,0
-6.5439e-05,0.045426,-0.018437,0,17.639,-4,0
-8.3977e-05,0.045779,-0.020391,0,17.944,-4,0
-0.00010604,0.046563,-0.020853,0,18.25,-4,0
-0.00012964,0.048106,-0.019568,0,18.556,-4,0
-0.00015039,0.050606,-0.01619,0,18.861,-4,0
-0.00016782,0.053913,-0.010746,0,19.167,-4,0
-0.00017713,0.057346,-0.0043076,0,19.472,-4,0
-0.00017355,0.059955,0.0013507,0,19.778,-4,0
-0.00016274,0.06122,0.0051318,0,20.083,-4,0
-0.00015006,0.061316,0.0071298,0,20.389,-4,0
-0.00013701,0.060718,0.0079618,0,20.694,-4,0
-0.00012396,0.059814,0.0081729,0,21,-4,0
-0.00011227,0.058834,0.0081072,0,21.306,-4,0
-0.00010215,0.057882,0.0079472,0,21.611,-4,0
-9.3129e-05,0.056996,0.0077803,0,21.917,-4,0
-8.5099e-05,0.056184,0.0076314,0,22.222,-4,0
-7.7961e-05,0.055448,0.0074851,0,22.528,-4,0
-7.1553e-05,0.054787,0.0073155,0,22.833,-4,0
-6.5776e-05,0.054189,0.007126,0,23.139,-4,0
-6.0551e-05,0.053626,0.0069573,0,23.444,-4,0
-5.5813e-05,0.053078,0.0068467,0,23.75,-4,0
-5.151e-05,0.052541,0.0067814,0,24.056,-4,0
-4.7589e-05,0.05203,0.0067075,0,24.361,-4,0
-4.4008e-05,0.051552,0.0065906,0,24.667,-4,0
-4.073e-05,0.051094,0.0064568,0,24.972,-4,0
-3.7711e-05,0.050634,0.0063619,0,25.278,-4,0
-3.4909e-05,0.050166,0.0063182,0,25.583,-4,0
-3.2287e-05,0.049709,0.0062635,0,25.889,-4,0
-2.9831e-05,0.04929,0.0061156,0,26.194,-4,0
-2.7539e-05,0.048909,0.0058608,0,26.5,-4,0
-2.5405e-05,0.04854,0.005582,0,26.806,-4,0
-2.3434e-05,0.048151,0.0053879,0,27.111,-4,0
-2.1581e-05,0.047743,0.0053063,0,27.417,-4,0
-1.982e-05,0.047354,0.005245,0,27.722,-4,0
-1.8145e-05,0.047029,0.0050673,0,28.028,-4,0
-1.6507e-05,0.046772,0.0047184,0,28.333,-4,0
-1.5042e-05,0.046529,0.004289,0,28.639,-4,0
-1.358e-05,0.046218,0.0039586,0,28.944,-4,0
-1.2173e-05,0.045786,0.0038458,0,29.25,-4,0
-1.0979e-05,0.04526,0.0038887,0,29.556,-4,0
-9.4422e-06,0.044739,0.0038391,0,29.861,-4,0
-8.2492e-06,0.044354,0.0032887,0,30.167,-4,0
-7.2415e-06,0.044326,0.0016797,0,30.472,-4,0
-6.7562e-06,0.044791,-0.001168,0,30.778,-4,0
-8.2464e-06,0.045533,-0.0045148,0,31.083,-4,0
-1.0977e-05,0.04622,-0.0074218,0,31.389,-4,0
-1.4403e-05,0.046668,-0.0095583,0,31.694,-4,0
-1.8724e-05,0.046823,-0.011086,0,32,-4,0
-2.3308e-05,0.04671,-0.01231,0,32.306,-4,0
-2.806e-05,0.046388,-0.013414,0,32.611,-4,0
-3.3227e-05,0.045957,-0.014401,0,32.917,-4,0
-3.8322e-05,0.045534,-0.015172,0,33.222,-4,0
-4.3958e-05,0.045207,-0.015644,0,33.528,-4,0
-5.0218e-05,0.045023,-0.01581,0,33.833,-4,0
-5.5333e-05,0.045052,-0.015628,0,34.139,-4,0
-6.0507e-05,0.045485,-0.014752,0,34.444,-4,0
-6.7132e-05,0.046583,-0.012602,0,34.75,-4,0
-7.274e-05,0.048415,-0.0089447,0,35.056,-4,0
-7.5248e-05,0.050665,-0.0043426,0,35.361,-4,0
-7.4057e-05,0.052779,0.00010551,0,35.667,-4,0
-7.0091e-05,0.054308,0.0034953,0,35.972,-4,0
-6.4847e-05,0.055141,0.0055766,0,36.278,-4,0
-5.9053e-05,0.055429,0.0066233,0,36.583,-4,0
-5.3241e-05,0.055381,0.0070411,0,36.889,-4,0
-4.7777e-05,0.055154,0.0071339,0,37.194,-4,0
-4.275e-05,0.054837,0.0070744,0,37.5,-4,0
-3.8284e-05,0.054479,0.0069442,0,37.806,-4,0
-3.4376e-05,0.054104,0.0067784,0,38.111,-4,0
-3.0912e-05,0.05373,0.0065955,0,38.417,-4,0
-2.7816e-05,0.053362,0.0064126,0,38.722,-4,0
-2.504e-05,0.052998,0.0062469,0,39.028,-4,0
-2.2546e-05,0.052636,0.0061077,0,39.333,-4,0
-2.0299e-05,0.052275,0.0059907,0,39.639,-4,0
-1.8272e-05,0.051922,0.0058798,0,39.944,-4,0
-1.6443e-05,0.051582,0.0057582,0,40.25,-4,0
-1.4792e-05,0.05126,0.0056207,0,40.556,-4,0
-1.33e-05,0.050953,0.005481,0,40.861,-4,0
-1.1951e-05,0.050652,0.0053653,0,41.167,-4,0
-1.0717e-05,0.05035,0.005296,0,41.472,-4,0
-9.585e-06,0.050039,0.005275,0,41.778,-4,0
-8.551e-06,0.049723,0.0052765,0,42.083,-4,0
-7.6001e-06,0.049411,0.0052562,0,42.389,-4,0
-6.7238e-06,0.049114,0.0051733,0,42.694,-4,0
-5.9198e-06,0.04884,0.0050139,0,43,-4,0
-5.1948e-06,0.048586,0.004803,0,43.306,-4,0
-4.5149e-06,0.048336,0.0046001,0,43.611,-4,0
-3.8881e-06,0.04807,0.0044745,0,43.917,-4,0
-3.2826e-06,0.047771,0.004471,0,44.222,-4,0
-2.6415e-06,0.047434,0.0045772,0,44.528,-4,0
-2.0475e-06,0.047075,0.0047092,0,44.833,-4,0
-1.3504e-06,0.046729,0.0047251,0,45.139,-4,0
-5.0399e-07,0.046439,0.0044292,0,45.444,-4,0
1.1394e-07,0.046279,0.0035095,0,45.75,-4,0
4.6286e-07,0.046342,0.0016697,0,46.056,-4,0
3.2456e-07,0.04663,-0.00093218,0,46.361,-4,0
-3.4309e-07,0.047022,-0.0036472,0,46.667,-4,0
-1.4079e-06,0.047385,-0.0058928,0,46.972,-4,0
-2.9125e-06,0.04764,-0.0074852,0,47.278,-4,0
-4.9139e-06,0.047747,-0.0085425,0,47.583,-4,0
-7.1544e-06,0.047696,-0.0093043,0,47.889,-4,0
-9.2425e-06,0.047496,-0.0099679,0,48.194,-4,0
-1.1295e-05,0.047175,-0.010619,0,48.5,-4,0
-1.3445e-05,0.046784,-0.011251,0,48.806,-4,0
-1.5726e-05,0.046391,-0.011798,0,49.111,-4,0
-1.819e-05,0.04606,-0.012185,0,49.417,-4,0
-2.1039e-05,0.045821,-0.012375,0,49.722,-4,0
-2.3907e-05,0.04569,-0.012356,0,50.028,-4,0
-2.6151e-05,0.045728,-0.012028,0,50.333,-4,0
-2.8541e-05,0.046085,-0.011082,0,50.639,-4,0
-3.1418e-05,0.046937,-0.0091618,0,50.944,-4,0
-3.3616e-05,0.048288,-0.0062375,0,51.25,-4,0
-3.4347e-05,0.049904,-0.0027711,0,51.556,-4,0
-3.3643e-05,0.051433,0.00052182,0,51.861,-4,0
-3.184e-05,0.052592,0.0030685,0,52.167,-4,0
-2.9268e-05,0.053296,0.0046959,0,52.472,-4,0
-2.6404e-05,0.053621,0.0055699,0,52.778,-4,0
-2.3545e-05,0.053695,0.0059579,0,53.083,-4,0
-2.0733e-05,0.053621,0.0060744,0,53.389,-4,0
-1.8222e-05,0.053461,0.0060468,0,53.694,-4,0
-1.5946e-05,0.053254,0.0059467,0,54,-4,0
-1.3769e-05,0.053018,0.0058129,0,54.306,-4,0
-1.1848e-05,0.052769,0.0056694,0,54.611,-4,0
-1.0077e-05,0.052514,0.005526,0,54.917,-4,0
-8.5128e-06,0.052259,0.005388,0,55.222,-4,0
-7.076e-06,0.052008,0.0052581,0,55.528,-4,0
-5.8027e-06,0.051761,0.0051415,0,55.833,-4,0
-4.622e-06,0.051518,0.0050418,0,56.139,-4,0
-3.573e-06,0.051276,0.0049642,0,56.444,-4,0
-2.5905e-06,0.051033,0.0049059,0,56.75,-4,0
-1.717e-06,0.050786,0.0048617,0,57.056,-4,0
-8.9607e-07,0.050538,0.004817,0,57.361,-4,0
-1.6676e-07,0.050291,0.0047582,0,57.667,-4,0
5.1428e-07,0.050055,0.0046717,0,57.972,-4,0
1.122e-06,0.049829,0.004557,0,58.278,-4,0
1.6789e-06,0.04962,0.004426,0,58.583,-4,0
2.1897e-06,0.049416,0.0043047,0,58.889,-4,0
2.6383e-06,0.049215,0.0042267,0,59.194,-4,0
3.0929e-06,0.048998,0.0042175,0,59.5,-4,0
3.4795e-06,0.048765,0.0042912,0,59.806,-4,0
3.9299e-06,0.048505,0.0044248,0,60.111,-4,0
4.3083e-06,0.048231,0.0045706,0,60.417,-4,0
4.7796e-06,0.047956,0.0046397,0,60.722,-4,0
5.1133e-06,0.047702,0.004534,0,61.028,-4,0
5.6686e-06,0.047495,0.0040856,0,61.333,-4,0
5.885e-06,0.047376,0.0031264,0,61.639,-4,0
6.0702e-06,0.047383,0.0015472,0,61.944,-4,0
5.628e-06,0.047505,-0.00046517,0,62.25,-4,0
5.2892e-06,0.047699,-0.0025367,0,62.556,-4,0
4.3542e-06,0.047881,-0.0042904,0,62.861,-4,0
3.2187e-06,0.048016,-0.0056408,0,63.167,-4,0
1.7997e-06,0.048044,-0.0066248,0,63.472,-4,0
7.7724e-07,0.048019,-0.0073282,0,63.778,-4,0
-8.7796e-07,0.047877,-0.0078777,0,64.083,-4,0
-2.507e-06,0.047655,-0.0084326,0,64.389,-4,0
-3.9798e-06,0.047326,-0.0089533,0,64.694,-4,0
0,0.047085,-0.0091331,0,65,-4,0
-0.00022562,0.050668,0.012038,0,10.306,-3.3333,0
-0.00020239,0.049624,0.011523,0,10.611,-3.3333,0
-0.00018212,0.048637,0.011056,0,10.917,-3.3333,0
-0.00016376,0.047713,0.010681,0,11.222,-3.3333,0
-0.00014698,0.046918,0.010205,0,11.528,-3.3333,0
-0.00013111,0.046247,0.0094197,0,11.833,-3.3333,0
-0.00011698,0.045642,0.0084555,0,12.139,-3.3333,0
-0.00010413,0.045042,0.0076693,0,12.444,-3.3333,0
-9.2173e-05,0.044468,0.007134,0,12.75,-3.3333,0
-8.0765e-05,0.043943,0.0065303,0,13.056,-3.3333,0
-7.0177e-05,0.043417,0.005637,0,13.361,-3.3333,0
-6.0463e-05,0.042825,0.004684,0,13.667,-3.3333,0
-5.1446e-05,0.042201,0.0039724,0,13.972,-3.3333,0
-4.2785e-05,0.041662,0.0033363,0,14.278,-3.3333,0
-3.5395e-05,0.041272,0.0023813,0,14.583,-3.3333,0
-2.863e-05,0.040937,0.0011075,0,14.889,-3.3333,0
-2.3669e-05,0.040424,-4.2366e-05,0,15.194,-3.3333,0
-2.046e-05,0.039708,-0.00085187,0,15.5,-3.3333,0
-1.7143e-05,0.039164,-0.0017068,0,15.806,-3.3333,0
-1.8061e-05,0.039345,-0.0034206,0,16.111,-3.3333,0
-2.2731e-05,0.040488,-0.0063395,0,16.417,-3.3333,0
-3.0303e-05,0.042118,-0.0099033,0,16.722,-3.3333,0
-4.1567e-05,0.043458,-0.013316,0,17.028,-3.3333,0
-5.4481e-05,0.044113,-0.016147,0,17.333,-3.3333,0
-7.0119e-05,0.044142,-0.018391,0,17.639,-3.3333,0
-8.8902e-05,0.043793,-0.020077,0,17.944,-3.3333,0
-0.00010869,0.043412,-0.021149,0,18.25,-3.3333,0
-0.00012632,0.043355,-0.021529,0,18.556,-3.3333,0
-0.00014323,0.04395,-0.020844,0,18.861,-3.3333,0
-0.00016284,0.045608,-0.018154,0,19.167,-3.3333,0
-0.00018309,0.048535,-0.012769,0,19.472,-3.3333,0
-0.00019274,0.052234,-0.0054819,0,19.778,-3.3333,0
-0.00018664,0.055561,0.0014938,0,20.083,-3.3333,0
-0.00017367,0.057599,0.00634,0,20.389,-3.3333,0
-0.00015859,0.058311,0.0088808,0,20.694,-3.3333,0
-0.00014315,0.058158,0.0098645,0,21,-3.3333,0
-0.00012927,0.057594,0.010047,0,21.306,-3.3333,0
-0.00011607,0.056872,0.0098954,0,21.611,-3.3333,0
-0.00010426,0.056101,0.0096306,0,21.917,-3.3333,0
-9.4432e-05,0.055349,0.0093348,0,22.222,-3.3333,0
-8.5793e-05,0.054657,0.00902,0,22.528,-3.3333,0
-7.8168e-05,0.054021,0.0087088,0,22.833,-3.3333,0
-7.1431e-05,0.053414,0.008454,0,23.139,-3.3333,0
-6.5454e-05,0.052805,0.0082855,0,23.444,-3.3333,0
-6.0137e-05,0.052201,0.008166,0,23.75,-3.3333,0
-5.5394e-05,0.051632,0.0080198,0,24.056,-3.3333,0
-5.1143e-05,0.051121,0.0078102,0,24.361,-3.3333,0
-4.7321e-05,0.05066,0.007582,0,24.667,-3.3333,0
-4.3873e-05,0.050215,0.0074164,0,24.972,-3.3333,0
-4.0748e-05,0.049769,0.0073417,0,25.278,-3.3333,0
-3.7895e-05,0.049336,0.0072936,0,25.583,-3.3333,0
-3.5263e-05,0.048939,0.0071724,0,25.889,-3.3333,0
-3.2825e-05,0.048576,0.0069403,0,26.194,-3.3333,0
-3.056e-05,0.048209,0.0066611,0,26.5,-3.3333,0
-2.846e-05,0.047795,0.0064369,0,26.806,-3.3333,0
-2.653e-05,0.047326,0.006305,0,27.111,-3.3333,0
-2.474e-05,0.046847,0.0061945,0,27.417,-3.3333,0
-2.309e-05,0.046419,0.0059902,0,27.722,-3.3333,0
-2.1513e-05,0.046067,0.0056471,0,28.028,-3.3333,0
-2.0054e-05,0.045748,0.0052527,0,28.333,-3.3333,0
-1.8722e-05,0.045383,0.004975,0,28.639,-3.3333,0
-1.7366e-05,0.044913,0.0049286,0,28.944,-3.3333,0
-1.6189e-05,0.044349,0.0050547,0,29.25,-3.3333,0
-1.4836e-05,0.043786,0.005121,0,29.556,-3.3333,0
-1.3378e-05,0.043353,0.0047796,0,29.861,-3.3333,0
-1.2274e-05,0.043249,0.0035064,0,30.167,-3.3333,0
-1.1605e-05,0.043665,0.00085461,0,30.472,-3.3333,0
-1.2598e-05,0.044466,-0.0027383,0,30.778,-3.3333,0
-1.4972e-05,0.04528,-0.006148,0,31.083,-3.3333,0
-1.7882e-05,0.045888,-0.00868,0,31.389,-3.3333,0
-2.1312e-05,0.046267,-0.010309,0,31.694,-3.3333,0
-2.4435e-05,0.046463,-0.0113,0,32,-3.3333,0
-2.7395e-05,0.046483,-0.011983,0,32.306,-3.3333,0
-3.0778e-05,0.046305,-0.012611,0,32.611,-3.3333,0
-3.4427e-05,0.045933,-0.013307,0,32.917,-3.3333,0
-3.8465e-05,0.045423,-0.014061,0,33.222,-3.3333,0
-4.2803e-05,0.044881,-0.014755,0,33.528,-3.3333,0
-4.7146e-05,0.044411,-0.015244,0,33.833,-3.3333,0
-5.2025e-05,0.044072,-0.015454,0,34.139,-3.3333,0
-5.6505e-05,0.043921,-0.015328,0,34.444,-3.3333,0
-6.0583e-05,0.044106,-0.014584,0,34.75,-3.3333,0
-6.5675e-05,0.044892,-0.012671,0,35.056,-3.3333,0
-7.038e-05,0.046444,-0.009221,0,35.361,-3.3333,0
-7.2532e-05,0.048543,-0.0046414,0,35.667,-3.3333,0
-7.1548e-05,0.050647,-2.5566e-05,0,35.972,-3.3333,0
-6.8056e-05,0.052255,0.0035991,0,36.278,-3.3333,0
-6.3087e-05,0.053189,0.0058742,0,36.583,-3.3333,0
-5.7522e-05,0.053575,0.0070498,0,36.889,-3.3333,0
-5.1909e-05,0.05362,0.007546,0,37.194,-3.3333,0
-4.665e-05,0.053486,0.0076812,0,37.5,-3.3333,0
-4.1887e-05,0.053267,0.0076352,0,37.806,-3.3333,0
-3.7709e-05,0.053005,0.0074923,0,38.111,-3.3333,0
-3.4071e-05,0.052724,0.0073053,0,38.417,-3.3333,0
-3.079e-05,0.052431,0.007119,0,38.722,-3.3333,0
-2.7836e-05,0.052128,0.0069597,0,39.028,-3.3333,0
-2.5177e-05,0.051815,0.0068304,0,39.333,-3.3333,0
-2.2785e-05,0.051497,0.0067145,0,39.639,-3.3333,0
-2.0632e-05,0.051179,0.0065892,0,39.944,-3.3333,0
-1.8698e-05,0.050866,0.0064422,0,40.25,-3.3333,0
-1.6966e-05,0.050559,0.0062826,0,40.556,-3.3333,0
-1.5412e-05,0.05025,0.0061376,0,40.861,-3.3333,0
-1.402e-05,0.049934,0.0060363,0,41.167,-3.3333,0
-1.2768e-05,0.04961,0.0059896,0,41.472,-3.3333,0
-1.1622e-05,0.049285,0.0059787,0,41.778,-3.3333,0
-1.0576e-05,0.048973,0.0059599,0,42.083,-3.3333,0
-9.6264e-06,0.048687,0.0058868,0,42.389,-3.3333,0
-8.7581e-06,0.048434,0.0057371,0,42.694,-3.3333,0
-7.979e-06,0.048206,0.0055285,0,43,-3.3333,0
-7.2669e-06,0.04798,0.0053158,0,43.306,-3.3333,0
-6.617e-06,0.047729,0.00517,0,43.611,-3.3333,0
-6.0259e-06,0.047432,0.0051448,0,43.917,-3.3333,0
-5.4239e-06,0.047084,0.0052443,0,44.222,-3.3333,0
-4.8999e-06,0.046705,0.005404,0,44.528,-3.3333,0
-4.3195e-06,0.046335,0.0055006,0,44.833,-3.3333,0
-3.6411e-06,0.046018,0.0053767,0,45.139,-3.3333,0
-3.0435e-06,0.045816,0.0047979,0,45.444,-3.3333,0
-2.6573e-06,0.045826,0.0034251,0,45.75,-3.3333,0
-2.5047e-06,0.046095,0.0011109,0,46.056,-3.3333,0
-2.9442e-06,0.046517,-0.0017307,0,46.361,-3.3333,0
-3.9866e-06,0.046921,-0.0043897,0,46.667,-3.3333,0
-5.2743e-06,0.047211,-0.0064356,0,46.972,-3.3333,0
-6.8624e-06,0.04738,-0.0078183,0,47.278,-3.3333,0
-8.3829e-06,0.047462,-0.0086695,0,47.583,-3.3333,0
-9.682e-06,0.04747,-0.0091877,0,47.889,-3.3333,0
-1.1019e-05,0.047386,-0.0095666,0,48.194,-3.3333,0
-1.2503e-05,0.047189,-0.0099421,0,48.5,-3.3333,0
-1.4115e-05,0.04688,-0.010381,0,48.806,-3.3333,0
-1.5897e-05,0.046487,-0.010878,0,49.111,-3.3333,0
-1.7852e-05,0.046066,-0.011369,0,49.417,-3.3333,0
-1.9909e-05,0.045679,-0.011761,0,49.722,-3.3333,0
-2.2093e-05,0.04537,-0.01198,0,50.028,-3.3333,0
-2.4123e-05,0.045165,-0.011984,0,50.333,-3.3333,0
-2.5645e-05,0.045114,-0.011684,0,50.639,-3.3333,0
-2.7236e-05,0.045349,-0.010817,0,50.944,-3.3333,0
-2.9552e-05,0.046043,-0.0090302,0,51.25,-3.3333,0
-3.1541e-05,0.04724,-0.0062409,0,51.556,-3.3333,0
-3.2223e-05,0.04875,-0.002845,0,51.861,-3.3333,0
-3.1674e-05,0.050239,0.00045676,0,52.167,-3.3333,0
-3.0099e-05,0.051414,0.0030624,0,52.472,-3.3333,0
-2.7862e-05,0.052164,0.0047635,0,52.778,-3.3333,0
-2.5271e-05,0.052544,0.0057074,0,53.083,-3.3333,0
-2.266e-05,0.052672,0.0061574,0,53.389,-3.3333,0
-2.024e-05,0.052645,0.0063261,0,53.694,-3.3333,0
-1.7849e-05,0.052529,0.0063445,0,54,-3.3333,0
-1.5544e-05,0.052359,0.006279,0,54.306,-3.3333,0
-1.3527e-05,0.052159,0.0061684,0,54.611,-3.3333,0
-1.1672e-05,0.051945,0.0060345,0,54.917,-3.3333,0
-1.0056e-05,0.051727,0.0058932,0,55.222,-3.3333,0
-8.5715e-06,0.051511,0.0057563,0,55.528,-3.3333,0
-7.2621e-06,0.051294,0.0056369,0,55.833,-3.3333,0
-6.0528e-06,0.051075,0.0055433,0,56.139,-3.3333,0
-4.9819e-06,0.050849,0.0054802,0,56.444,-3.3333,0
-3.985e-06,0.050617,0.0054394,0,56.75,-3.3333,0
-3.0987e-06,0.050378,0.0054076,0,57.056,-3.3333,0
-2.2758e-06,0.050143,0.005363,0,57.361,-3.3333,0
-1.5429e-06,0.049912,0.0052896,0,57.667,-3.3333,0
-8.7727e-07,0.049694,0.0051791,0,57.972,-3.3333,0
-2.762e-07,0.049484,0.0050408,0,58.278,-3.3333,0
2.5122e-07,0.049279,0.0049004,0,58.583,-3.3333,0
7.513e-07,0.049062,0.0047911,0,58.889,-3.3333,0
1.1773e-06,0.04883,0.0047498,0,59.194,-3.3333,0
1.6176e-06,0.048568,0.0047927,0,59.5,-3.3333,0
1.9924e-06,0.048284,0.0049181,0,59.806,-3.3333,0
2.423e-06,0.047982,0.005081,0,60.111,-3.3333,0
2.7618e-06,0.047683,0.0052117,0,60.417,-3.3333,0
3.246e-06,0.04741,0.0052103,0,60.722,-3.3333,0
3.3023e-06,0.047185,0.0049749,0,61.028,-3.3333,0
3.5977e-06,0.047046,0.0043201,0,61.333,-3.3333,0
3.8058e-06,0.047032,0.0030982,0,61.639,-3.3333,0
3.9677e-06,0.047153,0.0012798,0,61.944,-3.3333,0
3.5616e-06,0.047352,-0.00086559,0,62.25,-3.3333,0
3.0349e-06,0.047577,-0.0029405,0,62.556,-3.3333,0
2.1859e-06,0.047751,-0.0046213,0,62.861,-3.3333,0
1.2607e-06,0.047888,-0.0058367,0,63.167,-3.3333,0
2.7813e-07,0.04793,-0.0066795,0,63.472,-3.3333,0
-7.1282e-07,0.047939,-0.0072448,0,63.778,-3.3333,0
-1.7524e-06,0.047869,-0.0076068,0,64.083,-3.3333,0
-3.1778e-06,0.047747,-0.007932,0,64.389,-3.3333,0
-4.7689e-06,0.047494,-0.0083096,0,64.694,-3.3333,0
0,0.047259,-0.0084721,0,65,-3.3333,0
-0.00021907,0.048292,0.01465,0,10.306,-2.6667,0
-0.00019438,0.047245,0.013999,0,10.611,-2.6667,0
-0.0001732,0.046337,0.013237,0,10.917,-2.6667,0
-0.0001545,0.045536,0.012363,0,11.222,-2.6667,0
-0.00013881,0.044835,0.011435,0,11.528,-2.6667,0
-0.00012414,0.044146,0.010608,0,11.833,-2.6667,0
-0.00011042,0.043389,0.009942,0,12.139,-2.6667,0
-9.8075e-05,0.042592,0.0092981,0,12.444,-2.6667,0
-8.6803e-05,0.041855,0.0085326,0,12.75,-2.6667,0
-7.6311e-05,0.041201,0.0076895,0,13.056,-2.6667,0
-6.6697e-05,0.040543,0.0069063,0,13.361,-2.6667,0
-5.7379e-05,0.039823,0.006177,0,13.667,-2.6667,0
-4.8991e-05,0.039104,0.0053716,0,13.972,-2.6667,0
-4.0797e-05,0.038492,0.0043865,0,14.278,-2.6667,0
-3.1907e-05,0.037881,0.003321,0,14.583,-2.6667,0
-2.7476e-05,0.037085,0.0024603,0,14.889,-2.6667,0
-2.4586e-05,0.036268,0.0018447,0,15.194,-2.6667,0
-2.2356e-05,0.03599,0.00071214,0,15.5,-2.6667,0
-2.391e-05,0.036778,-0.0020266,0,15.806,-2.6667,0
-2.7615e-05,0.038489,-0.0062302,0,16.111,-2.6667,0
-3.4677e-05,0.040453,-0.010499,0,16.417,-2.6667,0
-4.3861e-05,0.042067,-0.013645,0,16.722,-2.6667,0
-5.3684e-05,0.043067,-0.015525,0,17.028,-2.6667,0
-6.4234e-05,0.043476,-0.016725,0,17.333,-2.6667,0
-7.5973e-05,0.043375,-0.017747,0,17.639,-2.6667,0
-8.8834e-05,0.042872,-0.018808,0,17.944,-2.6667,0
-0.00010254,0.042148,-0.01988,0,18.25,-2.6667,0
-0.00011803,0.041411,-0.020727,0,18.556,-2.6667,0
-0.00013431,0.04088,-0.021128,0,18.861,-2.6667,0
-0.00014734,0.040836,-0.020776,0,19.167,-2.6667,0
-0.0001611,0.04175,-0.018753,0,19.472,-2.6667,0
-0.00017687,0.04409,-0.013937,0,19.778,-2.6667,0
-0.00018637,0.047665,-0.0065673,0,20.083,-2.6667,0
-0.0001838,0.051374,0.0011239,0,20.389,-2.6667,0
-0.00017149,0.054017,0.0067419,0,20.694,-2.6667,0
-0.00015701,0.055259,0.0097293,0,21,-2.6667,0
-0.00014219,0.055505,0.010915,0,21.306,-2.6667,0
-0.00012718,0.055241,0.011203,0,21.611,-2.6667,0
-0.00011363,0.054761,0.011096,0,21.917,-2.6667,0
-0.00010207,0.054206,0.010783,0,22.222,-2.6667,0
-9.223e-05,0.053629,0.010382,0,22.528,-2.6667,0
-8.3648e-05,0.053049,0.010027,0,22.833,-2.6667,0
-7.6187e-05,0.052463,0.0097789,0,23.139,-2.6667,0
-6.9644e-05,0.051891,0.0096028,0,23.444,-2.6667,0
-6.3894e-05,0.05136,0.009407,0,23.75,-2.6667,0
-5.8827e-05,0.05088,0.0091366,0,24.056,-2.6667,0
-5.4353e-05,0.050427,0.008828,0,24.361,-2.6667,0
-5.0393e-05,0.049968,0.0085675,0,24.667,-2.6667,0
-4.6883e-05,0.049496,0.0083988,0,24.972,-2.6667,0
-4.3754e-05,0.049039,0.0082797,0,25.278,-2.6667,0
-4.0936e-05,0.04863,0.0081307,0,25.583,-2.6667,0
-3.8384e-05,0.048268,0.007922,0,25.889,-2.6667,0
-3.6057e-05,0.047903,0.0077072,0,26.194,-2.6667,0
-3.3924e-05,0.047481,0.0075652,0,26.5,-2.6667,0
-3.1986e-05,0.046986,0.0075093,0,26.806,-2.6667,0
-3.0199e-05,0.046461,0.0074555,0,27.111,-2.6667,0
-2.8571e-05,0.045967,0.0072841,0,27.417,-2.6667,0
-2.709e-05,0.045537,0.0069482,0,27.722,-2.6667,0
-2.5671e-05,0.045137,0.0065327,0,28.028,-2.6667,0
-2.4431e-05,0.044692,0.0062094,0,28.333,-2.6667,0
-2.3213e-05,0.044148,0.0061122,0,28.639,-2.6667,0
-2.2078e-05,0.043513,0.0062139,0,28.944,-2.6667,0
-2.105e-05,0.042881,0.0063048,0,29.25,-2.6667,0
-1.9617e-05,0.042388,0.0060642,0,29.556,-2.6667,0
-1.8414e-05,0.042229,0.0050106,0,29.861,-2.6667,0
-1.7587e-05,0.042649,0.0026093,0,30.167,-2.6667,0
-1.7686e-05,0.043593,-0.00098083,0,30.472,-2.6667,0
-1.935e-05,0.04463,-0.0046942,0,30.778,-2.6667,0
-2.1465e-05,0.04541,-0.0076127,0,31.083,-2.6667,0
-2.3712e-05,0.045876,-0.0095744,0,31.389,-2.6667,0
-2.6137e-05,0.046114,-0.01081,0,31.694,-2.6667,0
-2.8272e-05,0.046224,-0.011556,0,32,-2.6667,0
-3.0349e-05,0.046256,-0.011967,0,32.306,-2.6667,0
-3.2728e-05,0.046196,-0.012213,0,32.611,-2.6667,0
-3.5339e-05,0.045994,-0.012477,0,32.917,-2.6667,0
-3.8277e-05,0.045618,-0.012879,0,33.222,-2.6667,0
-4.1454e-05,0.045085,-0.013435,0,33.528,-2.6667,0
-4.486e-05,0.044475,-0.014051,0,33.833,-2.6667,0
-4.8637e-05,0.043895,-0.01456,0,34.139,-2.6667,0
-5.2741e-05,0.043425,-0.01482,0,34.444,-2.6667,0
-5.601e-05,0.043132,-0.014726,0,34.75,-2.6667,0
-5.8322e-05,0.043143,-0.014053,0,35.056,-2.6667,0
-6.1379e-05,0.043701,-0.012305,0,35.361,-2.6667,0
-6.4969e-05,0.045009,-0.0090594,0,35.667,-2.6667,0
-6.6774e-05,0.046924,-0.0046002,0,35.972,-2.6667,0
-6.5706e-05,0.048941,3.1536e-05,0,36.278,-2.6667,0
-6.2586e-05,0.050539,0.0037443,0,36.583,-2.6667,0
-5.8236e-05,0.051515,0.0061031,0,36.889,-2.6667,0
-5.335e-05,0.051973,0.0073271,0,37.194,-2.6667,0
-4.8492e-05,0.052111,0.0078444,0,37.5,-2.6667,0
-4.3956e-05,0.052075,0.0079925,0,37.806,-2.6667,0
-4.0016e-05,0.051947,0.0079629,0,38.111,-2.6667,0
-3.6431e-05,0.051761,0.0078492,0,38.417,-2.6667,0
-3.3042e-05,0.051536,0.0077122,0,38.722,-2.6667,0
-3.0004e-05,0.051285,0.0075902,0,39.028,-2.6667,0
-2.7291e-05,0.051017,0.0074852,0,39.333,-2.6667,0
-2.486e-05,0.050742,0.0073791,0,39.639,-2.6667,0
-2.2687e-05,0.050466,0.0072545,0,39.944,-2.6667,0
-2.0745e-05,0.050187,0.0071106,0,40.25,-2.6667,0
-1.9012e-05,0.049899,0.006965,0,40.556,-2.6667,0
-1.7467e-05,0.049596,0.0068435,0,40.861,-2.6667,0
-1.6086e-05,0.049275,0.006762,0,41.167,-2.6667,0
-1.4855e-05,0.048944,0.0067131,0,41.472,-2.6667,0
-1.375e-05,0.048619,0.0066658,0,41.778,-2.6667,0
-1.2752e-05,0.048316,0.0065802,0,42.083,-2.6667,0
-1.1852e-05,0.048046,0.0064304,0,42.389,-2.6667,0
-1.104e-05,0.047804,0.006224,0,42.694,-2.6667,0
-1.0319e-05,0.04757,0.0060057,0,43,-2.6667,0
-9.6588e-06,0.047317,0.0058431,0,43.306,-2.6667,0
-9.0732e-06,0.047019,0.0057955,0,43.611,-2.6667,0
-8.5279e-06,0.046668,0.0058815,0,43.917,-2.6667,0
-7.9684e-06,0.046277,0.0060559,0,44.222,-2.6667,0
-7.5425e-06,0.045883,0.0062127,0,44.528,-2.6667,0
-7.0013e-06,0.045537,0.0062084,0,44.833,-2.6667,0
-6.2682e-06,0.045294,0.0058564,0,45.139,-2.6667,0
-5.9459e-06,0.045245,0.0048476,0,45.444,-2.6667,0
-5.8461e-06,0.045483,0.002902,0,45.75,-2.6667,0
-5.8665e-06,0.045968,0.00016221,0,46.056,-2.6667,0
-6.4895e-06,0.046506,-0.0027358,0,46.361,-2.6667,0
-7.4195e-06,0.046931,-0.00516,0,46.667,-2.6667,0
-8.3953e-06,0.047191,-0.0068946,0,46.972,-2.6667,0
-9.5265e-06,0.047312,-0.0080305,0,47.278,-2.6667,0
-1.0451e-05,0.047346,-0.0087356,0,47.583,-2.6667,0
-1.1193e-05,0.04733,-0.0091383,0,47.889,-2.6667,0
-1.2139e-05,0.047271,-0.0093545,0,48.194,-2.6667,0
-1.3216e-05,0.047151,-0.0095134,0,48.5,-2.6667,0
-1.4373e-05,0.046946,-0.009718,0,48.806,-2.6667,0
-1.5583e-05,0.046646,-0.010022,0,49.111,-2.6667,0
-1.6923e-05,0.046263,-0.010421,0,49.417,-2.6667,0
-1.8358e-05,0.045837,-0.010856,0,49.722,-2.6667,0
-1.9835e-05,0.045421,-0.011236,0,50.028,-2.6667,0
-2.1497e-05,0.045067,-0.011467,0,50.333,-2.6667,0
-2.308e-05,0.04481,-0.011483,0,50.639,-2.6667,0
-2.404e-05,0.044698,-0.011195,0,50.944,-2.6667,0
-2.5115e-05,0.044845,-0.010366,0,51.25,-2.6667,0
-2.693e-05,0.045414,-0.0086747,0,51.556,-2.6667,0
-2.8516e-05,0.046462,-0.0060201,0,51.861,-2.6667,0
-2.9098e-05,0.047836,-0.0027436,0,52.167,-2.6667,0
-2.8654e-05,0.049229,0.00049772,0,52.472,-2.6667,0
-2.7405e-05,0.050352,0.0031049,0,52.778,-2.6667,0
-2.5555e-05,0.051085,0.0048492,0,53.083,-2.6667,0
-2.3382e-05,0.051475,0.0058542,0,53.389,-2.6667,0
-2.1113e-05,0.051626,0.0063605,0,53.694,-2.6667,0
-1.8808e-05,0.051631,0.0065721,0,54,-2.6667,0
-1.6612e-05,0.051552,0.0066184,0,54.306,-2.6667,0
-1.4613e-05,0.051423,0.006572,0,54.611,-2.6667,0
-1.2795e-05,0.051263,0.0064678,0,54.917,-2.6667,0
-1.1249e-05,0.051085,0.0063359,0,55.222,-2.6667,0
-9.7997e-06,0.050896,0.0062037,0,55.528,-2.6667,0
-8.5208e-06,0.050696,0.0060927,0,55.833,-2.6667,0
-7.3402e-06,0.050487,0.0060131,0,56.139,-2.6667,0
-6.2951e-06,0.050268,0.0059647,0,56.444,-2.6667,0
-5.3318e-06,0.050046,0.0059323,0,56.75,-2.6667,0
-4.4739e-06,0.049823,0.0058963,0,57.056,-2.6667,0
-3.6919e-06,0.04961,0.0058345,0,57.361,-2.6667,0
-2.9901e-06,0.049405,0.0057362,0,57.667,-2.6667,0
-2.3706e-06,0.049211,0.0056055,0,57.972,-2.6667,0
-1.8004e-06,0.049016,0.0054636,0,58.278,-2.6667,0
-1.3195e-06,0.048813,0.0053454,0,58.583,-2.6667,0
-8.4881e-07,0.048584,0.0052828,0,58.889,-2.6667,0
-4.6667e-07,0.04833,0.0053042,0,59.194,-2.6667,0
-5.0372e-08,0.048043,0.0054078,0,59.5,-2.6667,0
2.8068e-07,0.047739,0.0055723,0,59.806,-2.6667,0
6.9238e-07,0.047431,0.0057359,0,60.111,-2.6667,0
9.8165e-07,0.047146,0.0058203,0,60.417,-2.6667,0
1.5379e-06,0.046907,0.0057246,0,60.722,-2.6667,0
1.7927e-06,0.046739,0.0053299,0,61.028,-2.6667,0
1.7713e-06,0.046685,0.0044199,0,61.333,-2.6667,0
1.5785e-06,0.046768,0.0028946,0,61.639,-2.6667,0
1.6068e-06,0.046983,0.00084489,0,61.944,-2.6667,0
1.3357e-06,0.047249,-0.0013901,0,62.25,-2.6667,0
7.6903e-07,0.047512,-0.0034068,0,62.556,-2.6667,0
2.6532e-07,0.047696,-0.0049678,0,62.861,-2.6667,0
-3.4962e-07,0.047833,-0.0060315,0,63.167,-2.6667,0
-8.7825e-07,0.047888,-0.0067367,0,63.472,-2.6667,0
-1.5523e-06,0.047904,-0.0071943,0,63.778,-2.6667,0
-1.8847e-06,0.047856,-0.0074586,0,64.083,-2.6667,0
-2.7257e-06,0.047784,-0.0076361,0,64.389,-2.6667,0
-4.8345e-06,0.047619,-0.0078419,0,64.694,-2.6667,0
0,0.047442,-0.0079469,0,65,-2.6667,0
-0.00020591,0.045876,0.01689,0,10.306,-2,0
-0.00018162,0.044981,0.015783,0,10.611,-2,0
-0.00016173,0.044132,0.014789,0,10.917,-2,0
-0.00014417,0.043245,0.013952,0,11.222,-2,0
-0.00012949,0.042313,0.013243,0,11.528,-2,0
-0.00011729,0.041389,0.012579,0,11.833,-2,0
-0.00010624,0.040546,0.011846,0,12.139,-2,0
-9.5827e-05,0.039747,0.011019,0,12.444,-2,0
-8.6312e-05,0.038887,0.010171,0,12.75,-2,0
-7.7174e-05,0.037952,0.0093908,0,13.056,-2,0
-6.8549e-05,0.037016,0.0086499,0,13.361,-2,0
-6.1175e-05,0.036169,0.0078233,0,13.667,-2,0
-5.1692e-05,0.035373,0.0068806,0,13.972,-2,0
-4.4276e-05,0.034446,0.0060342,0,14.278,-2,0
-3.7475e-05,0.033449,0.0054233,0,14.583,-2,0
-2.967e-05,0.032832,0.0046342,0,14.889,-2,0
-2.9535e-05,0.033324,0.0023648,0,15.194,-2,0
-3.2995e-05,0.035216,-0.0019685,0,15.5,-2,0
-3.8436e-05,0.037879,-0.0071322,0,15.806,-2,0
-4.4985e-05,0.040313,-0.011454,0,16.111,-2,0
-5.0707e-05,0.041908,-0.014153,0,16.417,-2,0
-5.7886e-05,0.042719,-0.0156,0,16.722,-2,0
-6.5049e-05,0.04304,-0.016391,0,17.028,-2,0
-7.2131e-05,0.043096,-0.016817,0,17.333,-2,0
-7.9764e-05,0.04295,-0.017074,0,17.639,-2,0
-8.849e-05,0.042574,-0.017402,0,17.944,-2,0
-9.8347e-05,0.041921,-0.017974,0,18.25,-2,0
-0.00010974,0.041021,-0.018778,0,18.556,-2,0
-0.00012171,0.040039,-0.019575,0,18.861,-2,0
-0.00013397,0.039163,-0.020057,0,19.167,-2,0
-0.0001437,0.038667,-0.019904,0,19.472,-2,0
-0.00015044,0.03899,-0.018406,0,19.778,-2,0
-0.00015953,0.040702,-0.014373,0,20.083,-2,0
-0.00016836,0.04393,-0.007486,0,20.389,-2,0
-0.00016839,0.047708,0.00039661,0,20.694,-2,0
-0.00015852,0.05069,0.0066143,0,21,-2,0
-0.00014445,0.052318,0.010094,0,21.306,-2,0
-0.00013013,0.05289,0.011518,0,21.611,-2,0
-0.00011711,0.052903,0.01189,0,21.917,-2,0
-0.00010578,0.052659,0.011806,0,22.222,-2,0
-9.5207e-05,0.052278,0.011545,0,22.528,-2,0
-8.5959e-05,0.051808,0.011253,0,22.833,-2,0
-7.8491e-05,0.051316,0.010981,0,23.139,-2,0
-7.1844e-05,0.050862,0.010694,0,23.444,-2,0
-6.6073e-05,0.050455,0.010372,0,23.75,-2,0
-6.1036e-05,0.050056,0.010055,0,24.056,-2,0
-5.663e-05,0.049624,0.0097988,0,24.361,-2,0
-5.278e-05,0.04915,0.0096133,0,24.667,-2,0
-4.9421e-05,0.048669,0.0094446,0,24.972,-2,0
-4.6476e-05,0.048222,0.0092311,0,25.278,-2,0
-4.3879e-05,0.047808,0.0089764,0,25.583,-2,0
-4.1579e-05,0.047388,0.0087583,0,25.889,-2,0
-3.9529e-05,0.046917,0.0086561,0,26.194,-2,0
-3.7714e-05,0.046392,0.0086618,0,26.5,-2,0
-3.6079e-05,0.045858,0.0086643,0,26.806,-2,0
-3.4607e-05,0.045377,0.0085288,0,27.111,-2,0
-3.329e-05,0.044968,0.0082098,0,27.417,-2,0
-3.2039e-05,0.044582,0.0078026,0,27.722,-2,0
-3.0945e-05,0.04413,0.0074891,0,28.028,-2,0
-2.9926e-05,0.043548,0.0074115,0,28.333,-2,0
-2.8955e-05,0.042847,0.0075487,0,28.639,-2,0
-2.8203e-05,0.042128,0.0076903,0,28.944,-2,0
-2.7202e-05,0.041547,0.0075135,0,29.25,-2,0
-2.5855e-05,0.041325,0.0065446,0,29.556,-2,0
-2.4789e-05,0.041746,0.004214,0,29.861,-2,0
-2.4647e-05,0.042841,0.00053342,0,30.167,-2,0
-2.5659e-05,0.044169,-0.0034744,0,30.472,-2,0
-2.7014e-05,0.045241,-0.0067039,0,30.778,-2,0
-2.8188e-05,0.045901,-0.0088659,0,31.083,-2,0
-2.9221e-05,0.046219,-0.010216,0,31.389,-2,0
-3.0251e-05,0.046312,-0.011066,0,31.694,-2,0
-3.1456e-05,0.046281,-0.011611,0,32,-2,0
-3.2744e-05,0.046198,-0.011924,0,32.306,-2,0
-3.4218e-05,0.0461,-0.012039,0,32.611,-2,0
-3.6047e-05,0.045967,-0.012046,0,32.917,-2,0
-3.8074e-05,0.045745,-0.012077,0,33.222,-2,0
-4.0117e-05,0.04538,-0.012261,0,33.528,-2,0
-4.241e-05,0.044856,-0.012646,0,33.833,-2,0
-4.4854e-05,0.044225,-0.013165,0,34.139,-2,0
-4.7588e-05,0.043577,-0.013662,0,34.444,-2,0
-5.0516e-05,0.043016,-0.013961,0,34.75,-2,0
-5.2544e-05,0.042624,-0.013914,0,35.056,-2,0
-5.3786e-05,0.042517,-0.013303,0,35.361,-2,0
-5.5628e-05,0.042919,-0.011675,0,35.667,-2,0
-5.817e-05,0.04404,-0.0085984,0,35.972,-2,0
-5.94e-05,0.045785,-0.0042867,0,36.278,-2,0
-5.8325e-05,0.047687,0.0002578,0,36.583,-2,0
-5.5754e-05,0.049234,0.0039205,0,36.889,-2,0
-5.2304e-05,0.05021,0.0062464,0,37.194,-2,0
-4.8374e-05,0.050697,0.0074587,0,37.5,-2,0
-4.4571e-05,0.050868,0.0079908,0,37.806,-2,0
-4.1046e-05,0.05086,0.0081782,0,38.111,-2,0
-3.7556e-05,0.050746,0.0082029,0,38.417,-2,0
-3.4249e-05,0.050569,0.0081575,0,38.722,-2,0
-3.1285e-05,0.050355,0.0080918,0,39.028,-2,0
-2.8653e-05,0.050128,0.0080144,0,39.333,-2,0
-2.6313e-05,0.0499,0.0079177,0,39.639,-2,0
-2.4233e-05,0.049675,0.0078007,0,39.944,-2,0
-2.2383e-05,0.049446,0.0076774,0,40.25,-2,0
-2.074e-05,0.0492,0.0075714,0,40.556,-2,0
-1.9281e-05,0.04893,0.0074997,0,40.861,-2,0
-1.7984e-05,0.048636,0.0074589,0,41.167,-2,0
-1.6834e-05,0.048331,0.0074217,0,41.472,-2,0
-1.5815e-05,0.048034,0.0073484,0,41.778,-2,0
-1.4913e-05,0.047759,0.0072091,0,42.083,-2,0
-1.4118e-05,0.047508,0.0070049,0,42.389,-2,0
-1.3411e-05,0.047266,0.0067762,0,42.694,-2,0
-1.2786e-05,0.047005,0.0065915,0,43,-2,0
-1.2239e-05,0.046698,0.0065178,0,43.306,-2,0
-1.1731e-05,0.046331,0.0065855,0,43.611,-2,0
-1.1286e-05,0.045913,0.006764,0,43.917,-2,0
-1.0835e-05,0.045479,0.0069555,0,44.222,-2,0
-1.0383e-05,0.045082,0.0070188,0,44.528,-2,0
-9.9735e-06,0.044783,0.0067885,0,44.833,-2,0
-9.3243e-06,0.044682,0.0060136,0,45.139,-2,0
-8.8899e-06,0.044897,0.0043851,0,45.444,-2,0
-8.8439e-06,0.045441,0.001851,0,45.75,-2,0
-9.1983e-06,0.04614,-0.0011224,0,46.056,-2,0
-9.9221e-06,0.046755,-0.0038333,0,46.361,-2,0
-1.0555e-05,0.047161,-0.0058812,0,46.667,-2,0
-1.1094e-05,0.047369,-0.007268,0,46.972,-2,0
-1.1505e-05,0.047435,-0.0081559,0,47.278,-2,0
-1.1938e-05,0.047415,-0.008708,0,47.583,-2,0
-1.2454e-05,0.047351,-0.0090253,0,47.889,-2,0
-1.306e-05,0.047266,-0.0091745,0,48.194,-2,0
-1.3744e-05,0.047165,-0.0092321,0,48.5,-2,0
-1.4464e-05,0.047023,-0.0092798,0,48.806,-2,0
-1.524e-05,0.046816,-0.0093891,0,49.111,-2,0
-1.6057e-05,0.046524,-0.0096039,0,49.417,-2,0
-1.6967e-05,0.046151,-0.0099243,0,49.722,-2,0
-1.7972e-05,0.045724,-0.010302,0,50.028,-2,0
-1.8983e-05,0.045294,-0.010652,0,50.333,-2,0
-2.0195e-05,0.04491,-0.010876,0,50.639,-2,0
-2.1418e-05,0.044618,-0.010893,0,50.944,-2,0
-2.2108e-05,0.044466,-0.010597,0,51.25,-2,0
-2.2771e-05,0.044558,-0.0097712,0,51.556,-2,0
-2.4075e-05,0.045036,-0.0081289,0,51.861,-2,0
-2.5304e-05,0.045957,-0.0055799,0,52.167,-2,0
-2.5714e-05,0.047188,-0.0024265,0,52.472,-2,0
-2.5372e-05,0.048453,0.00071364,0,52.778,-2,0
-2.437e-05,0.049483,0.0032577,0,53.083,-2,0
-2.2856e-05,0.05017,0.0049779,0,53.389,-2,0
-2.0979e-05,0.050553,0.0059855,0,53.694,-2,0
-1.8993e-05,0.050724,0.0065055,0,54,-2,0
-1.7053e-05,0.050763,0.0067328,0,54.306,-2,0
-1.5202e-05,0.050721,0.0067987,0,54.611,-2,0
-1.3557e-05,0.05063,0.006771,0,54.917,-2,0
-1.2128e-05,0.050501,0.0066942,0,55.222,-2,0
-1.0742e-05,0.050344,0.0066048,0,55.528,-2,0
-9.5163e-06,0.050161,0.0065296,0,55.833,-2,0
-8.3921e-06,0.049961,0.0064774,0,56.139,-2,0
-7.4033e-06,0.049747,0.0064436,0,56.444,-2,0
-6.5068e-06,0.04953,0.0064098,0,56.75,-2,0
-5.711e-06,0.049317,0.0063583,0,57.056,-2,0
-5.0055e-06,0.049114,0.0062744,0,57.361,-2,0
-4.3743e-06,0.048918,0.006159,0,57.667,-2,0
-3.8351e-06,0.048727,0.0060284,0,57.972,-2,0
-3.343e-06,0.048527,0.0059109,0,58.278,-2,0
-2.945e-06,0.048309,0.0058423,0,58.583,-2,0
-2.5499e-06,0.048063,0.0058444,0,58.889,-2,0
-2.2719e-06,0.047789,0.0059313,0,59.194,-2,0
-1.9223e-06,0.047489,0.0060809,0,59.5,-2,0
-1.7289e-06,0.047179,0.0062539,0,59.806,-2,0
-1.4246e-06,0.046882,0.0063723,0,60.111,-2,0
-1.2232e-06,0.046622,0.0063577,0,60.417,-2,0
-8.3616e-07,0.046426,0.0060971,0,60.722,-2,0
-3.3251e-07,0.046344,0.0054583,0,61.028,-2,0
-1.9184e-07,0.046421,0.0042561,0,61.333,-2,0
-4.4072e-07,0.046647,0.0024501,0,61.639,-2,0
-6.2739e-07,0.046987,0.00022919,0,61.944,-2,0
-8.8848e-07,0.047329,-0.0020211,0,62.25,-2,0
-1.3092e-06,0.047617,-0.0039148,0,62.556,-2,0
-1.5205e-06,0.047795,-0.0053226,0,62.861,-2,0
-1.7577e-06,0.047908,-0.006254,0,63.167,-2,0
-1.8309e-06,0.047953,-0.0068354,0,63.472,-2,0
-2.0913e-06,0.047954,-0.0071704,0,63.778,-2,0
-2.261e-06,0.047903,-0.0073442,0,64.083,-2,0
-2.4995e-06,0.047838,-0.0074397,0,64.389,-2,0
-4.3118e-06,0.047718,-0.0075263,0,64.694,-2,0
0,0.047592,-0.0075754,0,65,-2,0
-0.00018406,0.043211,0.018837,0,10.306,-1.3333,0
-0.00016389,0.042264,0.017793,0,10.611,-1.3333,0
-0.0001481,0.041273,0.017027,0,10.917,-1.3333,0
-0.00013519,0.040302,0.016328,0,11.222,-1.3333,0
-0.00012396,0.039382,0.01548,0,11.528,-1.3333,0
-0.00011474,0.038497,0.014462,0,11.833,-1.3333,0
-0.00010741,0.037581,0.013525,0,12.139,-1.3333,0
-0.00010062,0.036593,0.012915,0,12.444,-1.3333,0
-9.3732e-05,0.035567,0.012447,0,12.75,-1.3333,0
-8.832e-05,0.034573,0.011767,0,13.056,-1.3333,0
-8.1667e-05,0.033631,0.010776,0,13.361,-1.3333,0
-7.5709e-05,0.032564,0.0097838,0,13.667,-1.3333,0
-7.0541e-05,0.031353,0.0091047,0,13.972,-1.3333,0
-6.0921e-05,0.03035,0.0085615,0,14.278,-1.3333,0
-5.4216e-05,0.030318,0.0068897,0,14.583,-1.3333,0
-5.1465e-05,0.032005,0.0026944,0,14.889,-1.3333,0
-5.1367e-05,0.03511,-0.0033936,0,15.194,-1.3333,0
-5.4077e-05,0.03844,-0.0092347,0,15.5,-1.3333,0
-5.6426e-05,0.040974,-0.013139,0,15.806,-1.3333,0
-5.9226e-05,0.042454,-0.015002,0,16.111,-1.3333,0
-6.2061e-05,0.043131,-0.015755,0,16.417,-1.3333,0
-6.5567e-05,0.043322,-0.016105,0,16.722,-1.3333,0
-7.015e-05,0.043227,-0.016339,0,17.028,-1.3333,0
-7.4814e-05,0.042957,-0.016523,0,17.333,-1.3333,0
-7.9954e-05,0.042611,-0.016608,0,17.639,-1.3333,0
-8.5949e-05,0.042244,-0.01656,0,17.944,-1.3333,0
-9.2183e-05,0.041793,-0.016492,0,18.25,-1.3333,0
-9.9263e-05,0.041145,-0.016617,0,18.556,-1.3333,0
-0.0001068,0.040241,-0.017082,0,18.861,-1.3333,0
-0.00011538,0.039155,-0.017776,0,19.167,-1.3333,0
-0.00012409,0.038092,-0.018344,0,19.472,-1.3333,0
-0.00012953,0.037302,-0.018402,0,19.778,-1.3333,0
-0.00013251,0.037174,-0.017385,0,20.083,-1.3333,0
-0.00013774,0.038318,-0.014141,0,20.389,-1.3333,0
-0.00014402,0.041041,-0.0079774,0,20.694,-1.3333,0
-0.00014331,0.044647,-0.00032524,0,21,-1.3333,0
-0.00013518,0.047803,0.00611,0,21.306,-1.3333,0
-0.00012447,0.04973,0.0099236,0,21.611,-1.3333,0
-0.00011397,0.05057,0.0116,0,21.917,-1.3333,0
-0.0001039,0.050794,0.012153,0,22.222,-1.3333,0
-9.3764e-05,0.050725,0.012239,0,22.528,-1.3333,0
-8.5168e-05,0.050506,0.012121,0,22.833,-1.3333,0
-7.8195e-05,0.05022,0.011846,0,23.139,-1.3333,0
-7.195e-05,0.049905,0.011483,0,23.444,-1.3333,0
-6.645e-05,0.049558,0.011165,0,23.75,-1.3333,0
-6.1781e-05,0.049161,0.01095,0,24.056,-1.3333,0
-5.7784e-05,0.048723,0.010806,0,24.361,-1.3333,0
-5.4334e-05,0.048284,0.010649,0,24.667,-1.3333,0
-5.1379e-05,0.047869,0.010424,0,24.972,-1.3333,0
-4.8855e-05,0.047463,0.010159,0,25.278,-1.3333,0
-4.6699e-05,0.047019,0.0099492,0,25.583,-1.3333,0
-4.4866e-05,0.046504,0.0098652,0,25.889,-1.3333,0
-4.3333e-05,0.045937,0.0098811,0,26.194,-1.3333,0
-4.2025e-05,0.045382,0.0098758,0,26.5,-1.3333,0
-4.0911e-05,0.044903,0.0097227,0,26.806,-1.3333,0
-3.9965e-05,0.044505,0.0093986,0,27.111,-1.3333,0
-3.9078e-05,0.044118,0.0090198,0,27.417,-1.3333,0
-3.8375e-05,0.04364,0.0087744,0,27.722,-1.3333,0
-3.7772e-05,0.043006,0.0087888,0,28.028,-1.3333,0
-3.7175e-05,0.042241,0.009011,0,28.333,-1.3333,0
-3.6848e-05,0.041464,0.0092077,0,28.639,-1.3333,0
-3.6366e-05,0.040848,0.0090481,0,28.944,-1.3333,0
-3.5352e-05,0.040629,0.008058,0,29.25,-1.3333,0
-3.4532e-05,0.041114,0.005631,0,29.556,-1.3333,0
-3.4107e-05,0.042372,0.0017029,0,29.861,-1.3333,0
-3.4207e-05,0.043967,-0.0026796,0,30.167,-1.3333,0
-3.4666e-05,0.045328,-0.0062174,0,30.472,-1.3333,0
-3.4707e-05,0.04622,-0.0084726,0,30.778,-1.3333,0
-3.4634e-05,0.046691,-0.0097456,0,31.083,-1.3333,0
-3.4607e-05,0.046856,-0.010471,0,31.389,-1.3333,0
-3.442e-05,0.046822,-0.010946,0,31.694,-1.3333,0
-3.4458e-05,0.046659,-0.011307,0,32,-1.3333,0
-3.4893e-05,0.046432,-0.011573,0,32.306,-1.3333,0
-3.5524e-05,0.046199,-0.01171,0,32.611,-1.3333,0
-3.633e-05,0.045992,-0.011703,0,32.917,-1.3333,0
-3.7261e-05,0.045797,-0.011596,0,33.222,-1.3333,0
-3.8292e-05,0.045558,-0.011496,0,33.528,-1.3333,0
-3.9417e-05,0.045209,-0.011529,0,33.833,-1.3333,0
-4.0751e-05,0.044712,-0.011769,0,34.139,-1.3333,0
-4.2212e-05,0.044089,-0.012187,0,34.444,-1.3333,0
-4.3811e-05,0.043417,-0.012646,0,34.75,-1.3333,0
-4.5759e-05,0.042798,-0.012959,0,35.056,-1.3333,0
-4.7464e-05,0.042332,-0.012949,0,35.361,-1.3333,0
-4.8235e-05,0.042138,-0.01239,0,35.667,-1.3333,0
-4.9082e-05,0.042422,-0.010852,0,35.972,-1.3333,0
-5.0607e-05,0.043394,-0.0079205,0,36.278,-1.3333,0
-5.1237e-05,0.044986,-0.0037821,0,36.583,-1.3333,0
-5.0359e-05,0.046762,0.00059798,0,36.889,-1.3333,0
-4.8504e-05,0.048223,0.0041366,0,37.194,-1.3333,0
-4.593e-05,0.049149,0.0064079,0,37.5,-1.3333,0
-4.3029e-05,0.049613,0.0076382,0,37.806,-1.3333,0
-3.9952e-05,0.049774,0.0082308,0,38.111,-1.3333,0
-3.6875e-05,0.049759,0.0084849,0,38.417,-1.3333,0
-3.3999e-05,0.049648,0.0085658,0,38.722,-1.3333,0
-3.1369e-05,0.049491,0.008552,0,39.028,-1.3333,0
-2.9054e-05,0.049317,0.0084784,0,39.333,-1.3333,0
-2.6999e-05,0.049139,0.0083672,0,39.639,-1.3333,0
-2.5175e-05,0.048957,0.0082462,0,39.944,-1.3333,0
-2.3554e-05,0.048759,0.0081469,0,40.25,-1.3333,0
-2.2119e-05,0.048534,0.0080906,0,40.556,-1.3333,0
-2.0851e-05,0.048278,0.0080743,0,40.861,-1.3333,0
-1.9738e-05,0.048003,0.0080679,0,41.167,-1.3333,0
-1.876e-05,0.047728,0.0080264,0,41.472,-1.3333,0
-1.7913e-05,0.047469,0.0079142,0,41.778,-1.3333,0
-1.7173e-05,0.047228,0.007728,0,42.083,-1.3333,0
-1.6529e-05,0.046992,0.0075067,0,42.389,-1.3333,0
-1.5988e-05,0.046731,0.0073208,0,42.694,-1.3333,0
-1.5499e-05,0.046416,0.0072432,0,43,-1.3333,0
-1.5112e-05,0.046027,0.0073134,0,43.306,-1.3333,0
-1.4776e-05,0.045574,0.0075096,0,43.611,-1.3333,0
-1.4431e-05,0.045094,0.0077418,0,43.917,-1.3333,0
-1.4193e-05,0.044642,0.0078694,0,44.222,-1.3333,0
-1.3691e-05,0.044287,0.0077291,0,44.528,-1.3333,0
-1.3119e-05,0.044119,0.0070817,0,44.833,-1.3333,0
-1.2951e-05,0.04427,0.0056082,0,45.139,-1.3333,0
-1.2696e-05,0.044817,0.003192,0,45.444,-1.3333,0
-1.2482e-05,0.045643,0.00018829,0,45.75,-1.3333,0
-1.2818e-05,0.046479,-0.002707,0,46.056,-1.3333,0
-1.3282e-05,0.047111,-0.0049624,0,46.361,-1.3333,0
-1.3531e-05,0.047491,-0.0064985,0,46.667,-1.3333,0
-1.3664e-05,0.04766,-0.0074909,0,46.972,-1.3333,0
-1.3663e-05,0.047686,-0.0081327,0,47.278,-1.3333,0
-1.3685e-05,0.047624,-0.0085526,0,47.583,-1.3333,0
-1.3847e-05,0.047518,-0.0088143,0,47.889,-1.3333,0
-1.4054e-05,0.0474,-0.008949,0,48.194,-1.3333,0
-1.4298e-05,0.047282,-0.0089829,0,48.5,-1.3333,0
-1.4593e-05,0.047157,-0.008958,0,48.806,-1.3333,0
-1.4935e-05,0.047002,-0.008933,0,49.111,-1.3333,0
-1.5354e-05,0.046788,-0.0089696,0,49.417,-1.3333,0
-1.5816e-05,0.046497,-0.0091118,0,49.722,-1.3333,0
-1.6367e-05,0.046127,-0.0093656,0,50.028,-1.3333,0
-1.7013e-05,0.045702,-0.0096924,0,50.333,-1.3333,0
-1.7668e-05,0.045265,-0.010011,0,50.639,-1.3333,0
-1.8487e-05,0.044866,-0.010223,0,50.944,-1.3333,0
-1.9338e-05,0.044553,-0.010234,0,51.25,-1.3333,0
-1.9709e-05,0.04438,-0.0099232,0,51.556,-1.3333,0
-2.0086e-05,0.044442,-0.0090732,0,51.861,-1.3333,0
-2.102e-05,0.044862,-0.0074368,0,52.167,-1.3333,0
-2.1875e-05,0.045682,-0.0049478,0,52.472,-1.3333,0
-2.2142e-05,0.046782,-0.0019027,0,52.778,-1.3333,0
-2.1817e-05,0.047907,0.0011037,0,53.083,-1.3333,0
-2.103e-05,0.048818,0.0035205,0,53.389,-1.3333,0
-1.9765e-05,0.049428,0.0051509,0,53.694,-1.3333,0
-1.8258e-05,0.049776,0.006115,0,54,-1.3333,0
-1.6682e-05,0.04994,0.0066238,0,54.306,-1.3333,0
-1.5177e-05,0.049985,0.0068605,0,54.611,-1.3333,0
-1.378e-05,0.049956,0.0069479,0,54.917,-1.3333,0
-1.2476e-05,0.049871,0.0069606,0,55.222,-1.3333,0
-1.124e-05,0.049745,0.006945,0,55.528,-1.3333,0
-1.0146e-05,0.049583,0.0069289,0,55.833,-1.3333,0
-9.1522e-06,0.049398,0.0069178,0,56.139,-1.3333,0
-8.2842e-06,0.049197,0.0069042,0,56.444,-1.3333,0
-7.5113e-06,0.048995,0.0068705,0,56.75,-1.3333,0
-6.8318e-06,0.048796,0.0068052,0,57.056,-1.3333,0
-6.2483e-06,0.048608,0.0067039,0,57.361,-1.3333,0
-5.7291e-06,0.048424,0.0065803,0,57.667,-1.3333,0
-5.306e-06,0.048239,0.0064597,0,57.972,-1.3333,0
-4.9163e-06,0.048038,0.0063741,0,58.278,-1.3333,0
-4.6208e-06,0.047813,0.0063565,0,58.583,-1.3333,0
-4.3154e-06,0.047554,0.006418,0,58.889,-1.3333,0
-4.12e-06,0.047262,0.006558,0,59.194,-1.3333,0
-3.8631e-06,0.046951,0.0067364,0,59.5,-1.3333,0
-3.7123e-06,0.046637,0.0068977,0,59.806,-1.3333,0
-3.5591e-06,0.046352,0.0069516,0,60.111,-1.3333,0
-3.5262e-06,0.046122,0.0068155,0,60.417,-1.3333,0
-3.245e-06,0.045991,0.0063313,0,60.722,-1.3333,0
-3.0231e-06,0.046016,0.0053422,0,61.028,-1.3333,0
-3.0659e-06,0.046243,0.0037576,0,61.333,-1.3333,0
-3.1004e-06,0.046637,0.0016599,0,61.639,-1.3333,0
-3.2461e-06,0.04712,-0.00064397,0,61.944,-1.3333,0
-3.4951e-06,0.047547,-0.0027662,0,62.25,-1.3333,0
-3.6869e-06,0.047859,-0.0044226,0,62.556,-1.3333,0
-3.6559e-06,0.048034,-0.005604,0,62.861,-1.3333,0
-3.6184e-06,0.048116,-0.0063759,0,63.167,-1.3333,0
-3.3934e-06,0.048128,-0.0068396,0,63.472,-1.3333,0
-3.2707e-06,0.048099,-0.0070846,0,63.778,-1.3333,0
-3.2787e-06,0.048038,-0.0072025,0,64.083,-1.3333,0
-3.0001e-06,0.047968,-0.007255,0,64.389,-1.3333,0
-3.9438e-06,0.04786,-0.0072774,0,64.694,-1.3333,0
0,0.047759,-0.0072919,0,65,-1.3333,0
-0.00014811,0.040114,0.020912,0,10.306,-0.66667,0
-0.00013691,0.039365,0.020013,0,10.611,-0.66667,0
-0.000129,0.038599,0.019072,0,10.917,-0.66667,0
-0.00012369,0.037828,0.018084,0,11.222,-0.66667,0
-0.0001196,0.036986,0.017183,0,11.528,-0.66667,0
-0.00011677,0.036015,0.016506,0,11.833,-0.66667,0
-0.00011399,0.034928,0.016003,0,12.139,-0.66667,0
-0.00011222,0.033829,0.015421,0,12.444,-0.66667,0
-0.00010963,0.032813,0.014569,0,12.75,-0.66667,0
-0.00010453,0.031762,0.013639,0,13.056,-0.66667,0
-0.00010478,0.03048,0.013035,0,13.361,-0.66667,0
-0.00010513,0.029146,0.012732,0,13.667,-0.66667,0
-9.9228e-05,0.028472,0.011781,0,13.972,-0.66667,0
-9.5146e-05,0.029532,0.0083003,0,14.278,-0.66667,0
-9.1244e-05,0.032613,0.0017699,0,14.583,-0.66667,0
-8.8981e-05,0.03666,-0.0058114,0,14.889,-0.66667,0
-8.6032e-05,0.040209,-0.011714,0,15.194,-0.66667,0
-7.9817e-05,0.04246,-0.014767,0,15.5,-0.66667,0
-7.6677e-05,0.043542,-0.015895,0,15.806,-0.66667,0
-7.4734e-05,0.043948,-0.016163,0,16.111,-0.66667,0
-7.2788e-05,0.044033,-0.01605,0,16.417,-0.66667,0
-7.2631e-05,0.043933,-0.015819,0,16.722,-0.66667,0
-7.4332e-05,0.043693,-0.015593,0,17.028,-0.66667,0
-7.6661e-05,0.043306,-0.015474,0,17.333,-0.66667,0
-7.9199e-05,0.042795,-0.015523,0,17.639,-0.66667,0
-8.234e-05,0.042242,-0.015614,0,17.944,-0.66667,0
-8.5963e-05,0.041729,-0.01558,0,18.25,-0.66667,0
-8.9544e-05,0.041247,-0.015392,0,18.556,-0.66667,0
-9.348e-05,0.040679,-0.015238,0,18.861,-0.66667,0
-9.755e-05,0.039894,-0.01538,2.0698e-37,19.167,-0.66667,0
-0.00010201,0.03886,-0.015854,2.0698e-37,19.472,-0.66667,0
-0.0001074,0.037721,-0.016393,0,19.778,-0.66667,0
-0.00011233,0.036727,-0.016602,0,20.083,-0.66667,0
-0.00011459,0.036249,-0.015944,0,20.389,-0.66667,0
-0.00011536,0.036874,-0.013407,0,20.694,-0.66667,0
-0.00011609,0.039033,-0.0081272,0,21,-0.66667,0
-0.00011537,0.04229,-0.001,0,21.306,-0.66667,0
-0.00011155,0.04541,0.0054733,0,21.611,-0.66667,0
-0.00010454,0.047489,0.009568,0,21.917,-0.66667,0
-9.6385e-05,0.048525,0.011474,0,22.222,-0.66667,0
-8.8862e-05,0.048921,0.01217,0,22.528,-0.66667,0
-8.1739e-05,0.049006,0.012351,0,22.833,-0.66667,0
-7.5308e-05,0.048923,0.012293,0,23.139,-0.66667,0
-6.9742e-05,0.048719,0.012138,0,23.444,-0.66667,0
-6.4735e-05,0.048423,0.011996,0,23.75,-0.66667,0
-6.0929e-05,0.048071,0.011876,0,24.056,-0.66667,0
-5.776e-05,0.047714,0.011711,0,24.361,-0.66667,0
-5.5001e-05,0.047377,0.011478,0,24.667,-0.66667,0
-5.2735e-05,0.047027,0.011237,0,24.972,-0.66667,0
-5.0884e-05,0.046613,0.011086,0,25.278,-0.66667,0
-4.9408e-05,0.046113,0.011068,0,25.583,-0.66667,0
-4.8281e-05,0.045564,0.011119,0,25.889,-0.66667,0
-4.742e-05,0.045039,0.011103,0,26.194,-0.66667,0
-4.6822e-05,0.044593,0.010916,0,26.5,-0.66667,0
-4.6402e-05,0.044211,0.010578,0,26.806,-0.66667,0
-4.6079e-05,0.043809,0.010242,0,27.111,-0.66667,0
-4.6018e-05,0.04328,0.010096,-6.6166e-38,27.417,-0.66667,0
-4.6021e-05,0.042578,0.01023,-6.6166e-38,27.722,-0.66667,0
-4.6142e-05,0.041755,0.010542,0,28.028,-0.66667,0
-4.647e-05,0.040949,0.010771,0,28.333,-0.66667,0
-4.6172e-05,0.04035,0.010586,0,28.639,-0.66667,0
-4.5231e-05,0.040209,0.009515,0,28.944,-0.66667,0
-4.4777e-05,0.040842,0.0069327,7.2472e-38,29.25,-0.66667,0
-4.4813e-05,0.042307,0.0027418,7.2472e-38,29.556,-0.66667,0
-4.4647e-05,0.044121,-0.002012,0,29.861,-0.66667,0
-4.3973e-05,0.045649,-0.0059167,-5.6843e-38,30.167,-0.66667,0
-4.276e-05,0.046632,-0.0083869,-5.6843e-38,30.472,-0.66667,0
-4.131e-05,0.047166,-0.0096772,-4.9579e-38,30.778,-0.66667,0
-3.9901e-05,0.04741,-0.010255,-4.9579e-38,31.083,-0.66667,0
-3.8702e-05,0.04747,-0.010501,0,31.389,-0.66667,0
-3.7774e-05,0.047399,-0.010636,3.3027e-38,31.694,-0.66667,0
-3.705e-05,0.04721,-0.010761,3.3027e-38,32,-0.66667,0
-3.6475e-05,0.046924,-0.010919,0,32.306,-0.66667,0
-3.6102e-05,0.046589,-0.01108,0,32.611,-0.66667,0
-3.5964e-05,0.046258,-0.011169,0,32.917,-0.66667,0
-3.6016e-05,0.045971,-0.011131,0,33.222,-0.66667,0
-3.6225e-05,0.045721,-0.010979,3.8625e-38,33.528,-0.66667,0
-3.6581e-05,0.045462,-0.0108,3.8625e-38,33.833,-0.66667,0
-3.6996e-05,0.045127,-0.010722,0,34.139,-0.66667,0
-3.7599e-05,0.044662,-0.010836,0,34.444,-0.66667,0
-3.8348e-05,0.044068,-0.011149,0,34.75,-0.66667,0
-3.9114e-05,0.043404,-0.011551,0,35.056,-0.66667,0
-4.0267e-05,0.042764,-0.011856,0,35.361,-0.66667,0
-4.1473e-05,0.042258,-0.011869,0,35.667,-0.66667,0
-4.1788e-05,0.042006,-0.011347,0,35.972,-0.66667,0
-4.1981e-05,0.042212,-0.0098807,0,36.278,-0.66667,0
-4.2777e-05,0.043075,-0.0070887,0,36.583,-0.66667,0
-4.3147e-05,0.044531,-0.0031427,4.5254e-38,36.889,-0.66667,0
-4.2583e-05,0.046162,0.0010382,4.5254e-38,37.194,-0.66667,0
-4.1332e-05,0.047492,0.0044243,0,37.5,-0.66667,0
-3.9471e-05,0.048329,0.0066281,0,37.806,-0.66667,0
-3.718e-05,0.048751,0.0078611,0,38.111,-0.66667,0
-3.4825e-05,0.048907,0.0084779,0,38.417,-0.66667,0
-3.2527e-05,0.048917,0.0087421,0,38.722,-0.66667,0
-3.0398e-05,0.048855,0.0088142,0,39.028,-0.66667,0
-2.8543e-05,0.048754,0.0087822,0,39.333,-0.66667,0
-2.69e-05,0.048627,0.0087023,0,39.639,-0.66667,0
-2.5445e-05,0.048471,0.0086297,0,39.944,-0.66667,0
-2.4153e-05,0.048275,0.0086018,0,40.25,-0.66667,0
-2.3023e-05,0.048042,0.0086212,0,40.556,-0.66667,0
-2.2047e-05,0.047782,0.0086565,0,40.861,-0.66667,0
-2.1209e-05,0.047517,0.008659,0,41.167,-0.66667,0
-2.05e-05,0.047265,0.0085886,0,41.472,-0.66667,0
-1.9909e-05,0.047029,0.0084393,0,41.778,-0.66667,0
-1.9417e-05,0.046794,0.0082489,0,42.083,-0.66667,0
-1.9026e-05,0.046527,0.0080889,0,42.389,-0.66667,0
-1.8721e-05,0.046196,0.0080347,0,42.694,-0.66667,0
-1.8499e-05,0.045782,0.0081288,0,43,-0.66667,0
-1.8385e-05,0.045296,0.0083534,0,43.306,-0.66667,0
-1.8327e-05,0.044778,0.0086217,0,43.611,-0.66667,0
-1.8302e-05,0.044291,0.0087951,0,43.917,-0.66667,0
-1.8222e-05,0.043904,0.0087157,0,44.222,-0.66667,0
-1.7716e-05,0.043708,0.0081628,0,44.528,-0.66667,0
-1.7212e-05,0.043834,0.0068247,0,44.833,-0.66667,0
-1.739e-05,0.044372,0.0044911,0,45.139,-0.66667,0
-1.7516e-05,0.045252,0.0013896,0,45.444,-0.66667,0
-1.7382e-05,0.04622,-0.0017771,0,45.75,-0.66667,0
-1.7299e-05,0.047024,-0.0043267,0,46.056,-0.66667,0
-1.7048e-05,0.047568,-0.0060413,0,46.361,-0.66667,0
-1.6676e-05,0.04788,-0.0070799,0,46.667,-0.66667,0
-1.6247e-05,0.048016,-0.0076928,0,46.972,-0.66667,0
-1.5817e-05,0.048027,-0.0080764,0,47.278,-0.66667,0
-1.5428e-05,0.047953,-0.0083437,0,47.583,-0.66667,0
-1.5098e-05,0.047828,-0.0085372,0,47.889,-0.66667,0
-1.4845e-05,0.047681,-0.0086596,0,48.194,-0.66667,0
-1.4663e-05,0.047532,-0.0087015,0,48.5,-0.66667,0
-1.4564e-05,0.047387,-0.008667,0,48.806,-0.66667,0
-1.4536e-05,0.047238,-0.0085841,0,49.111,-0.66667,0
-1.4574e-05,0.047064,-0.0085032,0,49.417,-0.66667,0
-1.4691e-05,0.046839,-0.0084827,0,49.722,-0.66667,0
-1.4869e-05,0.046544,-0.0085676,0,50.028,-0.66667,0
-1.5124e-05,0.046175,-0.0087689,0,50.333,-0.66667,0
-1.5485e-05,0.045751,-0.0090521,0,50.639,-0.66667,0
-1.5874e-05,0.045313,-0.0093419,0,50.944,-0.66667,0
-1.639e-05,0.044907,-0.0095347,0,51.25,-0.66667,0
-1.6895e-05,0.044585,-0.0095277,0,51.556,-0.66667,0
-1.7044e-05,0.044402,-0.0091842,0,51.861,-0.66667,0
-1.7166e-05,0.044451,-0.0082865,0,52.167,-0.66667,0
-1.7731e-05,0.044833,-0.0066154,0,52.472,-0.66667,0
-1.8382e-05,0.045572,-0.0041418,0,52.778,-0.66667,0
-1.8452e-05,0.046544,-0.0011857,0,53.083,-0.66667,0
-1.8102e-05,0.047517,0.0016608,0,53.389,-0.66667,0
-1.7474e-05,0.048288,0.0038968,0,53.694,-0.66667,0
-1.6551e-05,0.048799,0.0053884,0,54,-0.66667,0
-1.5456e-05,0.049091,0.0062766,0,54.306,-0.66667,0
-1.4364e-05,0.049226,0.0067643,0,54.611,-0.66667,0
-1.3259e-05,0.049255,0.0070197,0,54.917,-0.66667,0
-1.2203e-05,0.049209,0.0071544,0,55.222,-0.66667,0
-1.1224e-05,0.04911,0.0072336,0,55.528,-0.66667,0
-1.0356e-05,0.04897,0.0072876,0,55.833,-0.66667,0
-9.5708e-06,0.048809,0.00732,0,56.139,-0.66667,0
-8.8878e-06,0.048634,0.0073228,0,56.444,-0.66667,0
-8.2948e-06,0.048464,0.0072835,0,56.75,-0.66667,0
-7.7809e-06,0.048297,0.0072013,1.9253e-38,57.056,-0.66667,0
-7.3632e-06,0.048139,0.0070855,1.9253e-38,57.361,-0.66667,0
-6.9931e-06,0.047975,0.0069639,-1.8602e-38,57.667,-0.66667,0
-6.7272e-06,0.047796,0.0068712,-1.8602e-38,57.972,-0.66667,0
-6.4686e-06,0.047586,0.0068417,-1.8459e-38,58.278,-0.66667,0
-6.3224e-06,0.047334,0.0069005,-1.8459e-38,58.583,-0.66667,0
-6.152e-06,0.04704,0.007044,1.8897e-38,58.889,-0.66667,0
-6.0597e-06,0.046711,0.007247,1.8897e-38,59.194,-0.66667,0
-5.9925e-06,0.046372,0.0074453,0,59.5,-0.66667,0
-5.8604e-06,0.046052,0.0075619,0,59.806,-0.66667,0
-5.6882e-06,0.045785,0.0074948,0,60.111,-0.66667,0
-5.9748e-06,0.045613,0.0071465,0,60.417,-0.66667,0
-5.8637e-06,0.045613,0.0063286,0,60.722,-0.66667,0
-5.6709e-06,0.045827,0.0049082,0,61.028,-0.66667,0
-5.8734e-06,0.046271,0.0029032,0,61.333,-0.66667,0
-5.9524e-06,0.046857,0.00053696,0,61.639,-0.66667,0
-6.0717e-06,0.047457,-0.0017564,0,61.944,-0.66667,0
-6.1362e-06,0.04793,-0.0036349,1.9605e-38,62.25,-0.66667,0
-6.0358e-06,0.048245,-0.0049767,1.9605e-38,62.556,-0.66667,0
-5.7178e-06,0.048408,-0.0058827,0,62.861,-0.66667,0
-5.3753e-06,0.048464,-0.0064587,0,63.167,-0.66667,0
-4.9122e-06,0.048446,-0.0067995,0,63.472,-0.66667,0
-4.5135e-06,0.04839,-0.006974,0,63.778,-0.66667,0
-4.3476e-06,0.048311,-0.0070515,0,64.083,-0.66667,0
-3.6682e-06,0.048227,-0.0070712,0,64.389,-0.66667,0
-3.8839e-06,0.048115,-0.0070476,0,64.694,-0.66667,0
0,0.048015,-0.0070362,0,65,-0.66667,0
-0.00010465,0.0372,0.021898,0,10.306,0,0
-0.00010576,0.036957,0.021094,0,10.611,0,0
-0.00010779,0.036529,0.020377,0,10.917,0,0
-0.00011262,0.035857,0.019849,0,11.222,0,0
-0.000118,0.034986,0.019432,0,11.528,0,0
-0.00012252,0.033977,0.01896,0,11.833,0,0
-0.00012837,0.03293,0.018288,0,12.139,0,0
-0.00013088,0.031833,0.017533,0,12.444,0,0
-0.00013514,0.03052,0.017,0,12.75,0,0
-0.00013925,0.02903,0.016797,0,13.056,0,0
-0.00013655,0.027841,0.01645,0,13.361,0,0
-0.00013745,0.028041,0.014231,0,13.667,0,0
-0.00014013,0.030612,0.0082883,0,13.972,0,0
-0.00014026,0.035031,-0.00046206,0,14.278,0,0
-0.00013397,0.03961,-0.0087175,0,14.583,0,0
-0.00012081,0.042901,-0.013867,0,14.889,0,0
-0.00011017,0.044594,-0.015997,0,15.194,0,0
-0.00010053,0.045248,-0.016526,0,15.5,0,0
-9.1637e-05,0.045388,-0.016381,0,15.806,0,0
-8.5957e-05,0.045258,-0.016061,0,16.111,0,0
-8.1609e-05,0.045,-0.015728,0,16.417,0,0
-7.8835e-05,0.0447,-0.015371,0,16.722,0,0
-7.7342e-05,0.044398,-0.014969,0,17.028,0,0
-7.6396e-05,0.044083,-0.014561,0,17.333,0,0
-7.624e-05,0.043684,-0.014288,0,17.639,0,0
-7.665e-05,0.043153,-0.014236,0,17.944,0,0
-7.759e-05,0.042526,-0.014317,0,18.25,0,0
-7.9066e-05,0.0419,-0.014326,0,18.556,0,0
-8.0554e-05,0.041341,-0.014128,0,18.861,0,0
-8.2285e-05,0.040781,-0.013806,1.349e-39,19.167,0,0
-8.4374e-05,0.040074,-0.01362,1.349e-39,19.472,-2.9606e-16,0
-8.6303e-05,0.039118,-0.013762,0,19.778,0,0
-8.893e-05,0.037967,-0.014151,0,20.083,0,0
-9.1976e-05,0.036836,-0.014432,0,20.389,0,0
-9.1538e-05,0.036084,-0.014062,0,20.694,0,0
-8.8194e-05,0.036241,-0.012163,0,21,0,0
-8.7068e-05,0.03782,-0.0077942,0,21.306,0,0
-8.783e-05,0.040624,-0.0014039,0,21.611,-1.4803e-16,0
-8.603e-05,0.04357,0.004808,0,21.917,0,0
-8.1946e-05,0.045687,0.0090265,0,22.222,0,0
-7.7661e-05,0.046821,0.011194,0,22.528,0,0
-7.2693e-05,0.047303,0.012119,0,22.833,0,0
-6.8055e-05,0.047434,0.012472,0,23.139,0,0
-6.3862e-05,0.047393,0.012578,0,23.444,0,0
-5.9856e-05,0.047264,0.012579,0,23.75,0,0
-5.7497e-05,0.047086,0.012498,0,24.056,0,0
-5.604e-05,0.04688,0.01232,0,24.361,0,0
-5.4374e-05,0.046614,0.012147,0,24.667,0,0
-5.3045e-05,0.046253,0.012091,0,24.972,0,0
-5.2153e-05,0.045798,0.012154,0,25.278,0,0
-5.164e-05,0.045306,0.012239,0,25.583,0,0
-5.1435e-05,0.044851,0.012209,0,25.889,0,0
-5.1535e-05,0.044464,0.012,0,26.194,0,0
-5.1821e-05,0.044104,0.011682,0,26.5,0,0
-5.2267e-05,0.043669,0.011434,0,26.806,0,0
-5.3061e-05,0.043065,0.011429,0,27.111,0,0
-5.3904e-05,0.04228,0.011705,3.455e-40,27.417,0,0
-5.5039e-05,0.0414,0.012102,3.455e-40,27.722,1.4803e-16,0
-5.6402e-05,0.04058,0.012339,0,28.028,1.4803e-16,0
-5.6492e-05,0.040016,0.012076,0,28.333,1.4803e-16,0
-5.5543e-05,0.039978,0.010827,0,28.639,0,0
-5.5211e-05,0.040797,0.0079737,0,28.944,0,0
-5.5449e-05,0.042515,0.0034795,2.8383e-39,29.25,0,0
-5.5006e-05,0.044591,-0.0015235,2.8383e-39,29.556,-1.4803e-16,0
-5.3524e-05,0.046308,-0.0055873,0,29.861,-1.4803e-16,0
-5.1312e-05,0.047361,-0.0081552,-1.9665e-39,30.167,-1.4803e-16,0
-4.8706e-05,0.047865,-0.0095265,-1.9665e-39,30.472,0,0
-4.616e-05,0.048042,-0.010169,-7.19e-40,30.778,0,0
-4.3587e-05,0.048062,-0.01041,-7.19e-40,31.083,1.4803e-16,0
-4.129e-05,0.048004,-0.010446,0,31.389,1.4803e-16,0
-3.9635e-05,0.04789,-0.010377,-9.6978e-39,31.694,1.4803e-16,0
-3.8198e-05,0.047713,-0.010271,-9.6978e-39,32,0,0
-3.6889e-05,0.047457,-0.010217,0,32.306,0,0
-3.583e-05,0.047124,-0.010258,0,32.611,0,0
-3.4997e-05,0.046743,-0.010355,0,32.917,-1.4803e-16,0
-3.4389e-05,0.046364,-0.010423,0,33.222,-1.4803e-16,0
-3.3959e-05,0.046029,-0.010388,7.025e-41,33.528,-1.4803e-16,0
-3.3667e-05,0.045743,-0.010233,7.025e-41,33.833,0,0
-3.3529e-05,0.045472,-0.010023,0,34.139,0,0
-3.3464e-05,0.045151,-0.0098765,0,34.444,0,0
-3.3536e-05,0.044721,-0.009898,0,34.75,0,0
-3.3761e-05,0.044166,-0.010118,0,35.056,0,0
-3.398e-05,0.043531,-0.010454,0,35.361,0,0
-3.4518e-05,0.042901,-0.010732,0,35.667,0,0
-3.5187e-05,0.042386,-0.010751,0,35.972,0,0
-3.507e-05,0.042114,-0.010256,0,36.278,-1.4803e-16,0
-3.4903e-05,0.042275,-0.0088422,0,36.583,-1.4803e-16,0
-3.5383e-05,0.043052,-0.0061374,2.734e-39,36.889,-1.4803e-16,0
-3.5607e-05,0.04437,-0.0023247,2.734e-39,37.194,0,0
-3.5315e-05,0.045822,0.0016803,0,37.5,0,0
-3.4546e-05,0.046978,0.0048924,0,37.806,0,0
-3.3249e-05,0.047699,0.0069692,0,38.111,0,0
-3.1672e-05,0.048074,0.0081212,0,38.417,0,0
-3.0094e-05,0.048234,0.0086798,0,38.722,0,0
-2.8638e-05,0.048271,0.0089077,0,39.028,0,0
-2.7304e-05,0.048233,0.0089743,0,39.333,0,0
-2.6132e-05,0.048131,0.0089859,0,39.639,0,0
-2.5119e-05,0.047969,0.009014,0,39.944,0,0
-2.4253e-05,0.047753,0.0090826,0,40.25,0,0
-2.353e-05,0.047506,0.0091674,0,40.556,0,0
-2.294e-05,0.047254,0.0092191,0,40.861,0,0
-2.248e-05,0.047018,0.0091956,0,41.167,0,0
-2.2132e-05,0.046801,0.0090902,0,41.472,0,0
-2.188e-05,0.046584,0.008942,0,41.778,0,0
-2.1742e-05,0.04633,0.0088239,0,42.083,0,0
-2.1675e-05,0.046005,0.0088117,0,42.389,0,0
-2.1714e-05,0.045589,0.0089465,0,42.694,0,0
-2.1872e-05,0.045095,0.0092071,0,43,0,0
-2.2056e-05,0.044569,0.0095039,0,43.306,0,0
-2.2398e-05,0.044078,0.0097005,0,43.611,0,0
-2.272e-05,0.043692,0.0096477,0,43.917,0,0
-2.2545e-05,0.043499,0.0091436,0,44.222,0,0
-2.245e-05,0.04363,0.007884,0,44.528,0,0
-2.271e-05,0.044197,0.0056292,0,44.833,0,0
-2.2748e-05,0.045153,0.002515,0,45.139,0,0
-2.2566e-05,0.046248,-0.00083833,0,45.444,0,0
-2.2161e-05,0.047183,-0.0036797,0,45.75,0,0
-2.1418e-05,0.047825,-0.0056474,0,46.056,0,0
-2.0442e-05,0.048203,-0.0068298,0,46.361,0,0
-1.9423e-05,0.048394,-0.0074754,0,46.667,0,0
-1.843e-05,0.048461,-0.0078113,0,46.972,7.4015e-17,0
-1.7497e-05,0.048441,-0.0079949,0,47.278,7.4015e-17,0
-1.6667e-05,0.048355,-0.0081188,0,47.583,7.4015e-17,0
-1.5932e-05,0.048221,-0.0082211,0,47.889,7.4015e-17,0
-1.5298e-05,0.048056,-0.0083018,0,48.194,7.4015e-17,0
-1.4763e-05,0.047878,-0.0083405,0,48.5,7.4015e-17,0
-1.4322e-05,0.047703,-0.008317,0,48.806,0,0
-1.3971e-05,0.047535,-0.0082287,0,49.111,0,0
-1.3708e-05,0.047365,-0.0080993,0,49.417,0,0
-1.3513e-05,0.047175,-0.0079762,0,49.722,0,0
-1.3408e-05,0.046941,-0.007916,0,50.028,0,0
-1.3366e-05,0.046644,-0.0079631,0,50.333,0,0
-1.3401e-05,0.046279,-0.0081296,0,50.639,0,0
-1.3537e-05,0.045861,-0.0083833,0,50.944,0,0
-1.3713e-05,0.045427,-0.0086478,0,51.25,0,0
-1.3975e-05,0.045024,-0.0088179,0,51.556,0,0
-1.4206e-05,0.044698,-0.0087804,0,51.861,0,0
-1.4061e-05,0.044514,-0.0083809,0,52.167,0,0
-1.404e-05,0.04456,-0.0073942,0,52.472,0,0
-1.4304e-05,0.044924,-0.0056326,0,52.778,0,0
-1.4359e-05,0.045606,-0.0031394,0,53.083,0,0
-1.4275e-05,0.046476,-0.00028554,0,53.389,0,0
-1.4141e-05,0.04731,0.002354,0,53.694,0,0
-1.3896e-05,0.047949,0.0043631,0,54,-7.4015e-17,0
-1.3382e-05,0.048363,0.0056929,0,54.306,-7.4015e-17,0
-1.276e-05,0.048589,0.0065033,0,54.611,-7.4015e-17,0
-1.2074e-05,0.048679,0.006985,0,54.917,-7.4015e-17,0
-1.1406e-05,0.048671,0.0072773,0,55.222,-7.4015e-17,0
-1.0759e-05,0.048599,0.0074651,0,55.528,-7.4015e-17,0
-1.0188e-05,0.048484,0.0075864,0,55.833,3.7007e-17,0
-9.6747e-06,0.048349,0.0076508,0,56.139,3.7007e-17,0
-9.2435e-06,0.048206,0.0076572,0,56.444,3.7007e-17,0
-8.8881e-06,0.048067,0.0076065,0,56.75,3.7007e-17,0
-8.5939e-06,0.047929,0.0075142,-4.89e-41,57.056,3.7007e-17,0
-8.3931e-06,0.047786,0.0074073,-4.89e-41,57.361,-1.4803e-16,0
-8.2158e-06,0.047619,0.0073269,4.4949e-41,57.667,1.4803e-16,0
-8.1525e-06,0.047417,0.0073095,4.4949e-41,57.972,-1.4803e-16,0
-8.0866e-06,0.047165,0.0073823,5e-41,58.278,1.4803e-16,0
-8.127e-06,0.046862,0.0075474,5e-41,58.583,-1.4803e-16,0
-8.185e-06,0.046521,0.0077768,-6.1401e-41,58.889,1.4803e-16,0
-8.2835e-06,0.046163,0.0080138,-6.1401e-41,59.194,-3.7007e-17,0
-8.4496e-06,0.045825,0.0081752,0,59.5,-3.7007e-17,0
-8.633e-06,0.045538,0.0081801,0,59.806,-3.7007e-17,0
-8.4403e-06,0.045349,0.0079032,0,60.111,-3.7007e-17,0
-8.6667e-06,0.045314,0.0071929,0,60.417,-3.7007e-17,0
-9.0894e-06,0.045526,0.0058653,0,60.722,7.4015e-17,0
-9.1742e-06,0.045997,0.0039036,0,61.028,7.4015e-17,0
-9.1475e-06,0.046686,0.0015123,0,61.333,7.4015e-17,0
-9.0728e-06,0.047428,-0.00092865,0,61.639,7.4015e-17,0
-8.9991e-06,0.04807,-0.0029866,0,61.944,7.4015e-17,0
-8.6799e-06,0.048519,-0.0044862,3.2055e-40,62.25,7.4015e-17,0
-8.1928e-06,0.048791,-0.0054634,3.2055e-40,62.556,-1.1102e-16,0
-7.5938e-06,0.048914,-0.0060803,0,62.861,-1.1102e-16,0
-6.9433e-06,0.048933,-0.0064578,0,63.167,-1.1102e-16,0
-6.2428e-06,0.048883,-0.0066786,0,63.472,-1.1102e-16,0
-5.5711e-06,0.048799,-0.006793,0,63.778,-1.1102e-16,0
-5.2421e-06,0.048695,-0.0068422,0,64.083,-1.1102e-16,0
-4.3254e-06,0.048587,-0.0068429,0,64.389,0,0
-4.0285e-06,0.048458,-0.006793,0,64.694,0,0
0,0.048352,-0.0067644,0,65,0,0
-5.7358e-05,0.034791,0.021706,0,10.306,0.66667,0
-7.1578e-05,0.034956,0.021486,0,10.611,0.66667,0
-8.7107e-05,0.034708,0.02146,0,10.917,0.66667,0
-0.00010253,0.034173,0.021452,0,11.222,0.66667,0
-0.00012123,0.033385,0.021293,0,11.528,0.66667,0
-0.00013676,0.032468,0.020966,0,11.833,0.66667,0
-0.00015284,0.03128,0.020705,0,12.139,0.66667,0
-0.00017063,0.029895,0.020643,0,12.444,0.66667,0
-0.00017854,0.02854,0.020624,0,12.75,0.66667,0
-0.00018069,0.028067,0.019589,0,13.056,0.66667,0
-0.00018649,0.029785,0.01518,0,13.361,0.66667,0
-0.00019099,0.033981,0.0066369,0,13.667,0.66667,0
-0.00019004,0.039359,-0.0034639,0,13.972,0.66667,0
-0.00017848,0.043935,-0.011349,0,14.278,0.66667,0
-0.00015879,0.046583,-0.01537,0,14.583,0.66667,0
-0.00014108,0.047637,-0.016706,0,14.889,0.66667,0
-0.00012443,0.047843,-0.016833,0,15.194,0.66667,0
-0.00011095,0.047661,-0.016483,0,15.5,0.66667,0
-0.00010027,0.047337,-0.015921,0,15.806,0.66667,0
-9.2072e-05,0.046965,-0.015313,0,16.111,0.66667,0
-8.5562e-05,0.046543,-0.014834,0,16.417,0.66667,0
-8.0505e-05,0.046076,-0.014506,0,16.722,0.66667,0
-7.6736e-05,0.045591,-0.014241,0,17.028,0.66667,0
-7.3891e-05,0.045139,-0.013915,0,17.333,0.66667,0
-7.1785e-05,0.044731,-0.013495,0,17.639,0.66667,0
-7.0327e-05,0.044309,-0.013088,0,17.944,0.66667,0
-6.9374e-05,0.04379,-0.012849,0,18.25,0.66667,0
-6.8763e-05,0.043149,-0.012804,0,18.556,0.66667,0
-6.8491e-05,0.042452,-0.012797,0,18.861,0.66667,0
-6.8409e-05,0.041798,-0.012617,-2.0564e-37,19.167,0.66667,0
-6.8384e-05,0.041201,-0.012217,-2.0564e-37,19.472,0.66667,0
-6.859e-05,0.040552,-0.011797,0,19.778,0.66667,0
-6.85e-05,0.039711,-0.011639,0,20.083,0.66667,0
-6.8362e-05,0.038635,-0.011822,0,20.389,0.66667,0
-6.8144e-05,0.037475,-0.012088,0,20.694,0.66667,0
-6.6717e-05,0.036546,-0.011937,0,21,0.66667,0
-6.4563e-05,0.036338,-0.010586,0,21.306,0.66667,0
-6.3757e-05,0.037395,-0.0070644,0,21.611,0.66667,0
-6.4149e-05,0.039681,-0.0014719,0,21.917,0.66667,0
-6.3808e-05,0.042297,0.0043725,0,22.222,0.66667,0
-6.2349e-05,0.044293,0.0086459,0,22.528,0.66667,0
-6.0305e-05,0.045436,0.011011,0,22.833,0.66667,0
-5.8164e-05,0.045973,0.012093,0,23.139,0.66667,0
-5.6301e-05,0.046188,0.012512,0,23.444,0.66667,0
-5.4398e-05,0.046238,0.01266,0,23.75,0.66667,0
-5.3206e-05,0.046187,0.01271,0,24.056,0.66667,0
-5.3047e-05,0.046037,0.012743,0,24.361,0.66667,0
-5.2706e-05,0.045771,0.012844,0,24.667,0.66667,0
-5.2593e-05,0.045416,0.013016,0,24.972,0.66667,0
-5.2893e-05,0.045042,0.013151,0,25.278,0.66667,0
-5.3541e-05,0.044704,0.013135,0,25.583,0.66667,0
-5.4505e-05,0.044404,0.012956,0,25.889,0.66667,0
-5.5579e-05,0.044072,0.012733,0,26.194,0.66667,0
-5.695e-05,0.043604,0.012652,0,26.5,0.66667,0
-5.8586e-05,0.042936,0.012845,0,26.806,0.66667,0
-6.0313e-05,0.042096,0.013274,0,27.111,0.66667,0
-6.279e-05,0.041206,0.013729,6.6511e-38,27.417,0.66667,0
-6.5685e-05,0.040431,0.013933,6.6511e-38,27.722,0.66667,0
-6.6728e-05,0.039958,0.013562,0,28.028,0.66667,0
-6.6441e-05,0.040066,0.012092,0,28.333,0.66667,0
-6.6994e-05,0.041086,0.0088795,0,28.639,0.66667,0
-6.7613e-05,0.043019,0.0039733,0,28.944,0.66667,0
-6.6669e-05,0.045279,-0.0013446,-6.9634e-38,29.25,0.66667,0
-6.4067e-05,0.047131,-0.0055333,-6.9634e-38,29.556,0.66667,0
-6.0607e-05,0.048275,-0.0080569,0,29.861,0.66667,0
-5.6813e-05,0.048829,-0.0093136,5.4876e-38,30.167,0.66667,0
-5.3064e-05,0.049015,-0.0098746,5.4876e-38,30.472,0.66667,0
-4.9636e-05,0.048997,-0.010106,4.886e-38,30.778,0.66667,0
-4.6329e-05,0.048873,-0.010172,4.886e-38,31.083,0.66667,0
-4.3269e-05,0.048699,-0.01013,0,31.389,0.66667,0
-4.0731e-05,0.048502,-0.010001,-4.2725e-38,31.694,0.66667,0
-3.8537e-05,0.048296,-0.009815,-4.2725e-38,32,0.66667,0
-3.663e-05,0.048066,-0.0096335,0,32.306,0.66667,0
-3.5013e-05,0.047788,-0.0095226,0,32.611,0.66667,0
-3.3649e-05,0.047447,-0.0095125,0,32.917,0.66667,0
-3.2505e-05,0.047062,-0.0095726,0,33.222,0.66667,0
-3.1564e-05,0.04667,-0.009624,-3.8555e-38,33.528,0.66667,0
-3.0795e-05,0.04631,-0.0095858,-3.8555e-38,33.833,0.66667,0
-3.0164e-05,0.045997,-0.0094274,0,34.139,0.66667,0
-2.9682e-05,0.045702,-0.0091967,0,34.444,0.66667,0
-2.93e-05,0.045371,-0.0090016,0,34.75,0.66667,0
-2.9031e-05,0.044946,-0.008953,0,35.056,0.66667,0
-2.8926e-05,0.044405,-0.009098,0,35.361,0.66667,0
-2.8871e-05,0.043781,-0.0093763,0,35.667,0.66667,0
-2.8995e-05,0.043155,-0.0096249,0,35.972,0.66667,0
-2.9156e-05,0.04263,-0.0096368,0,36.278,0.66667,0
-2.88e-05,0.042334,-0.0091384,0,36.583,0.66667,0
-2.8477e-05,0.042451,-0.0077129,-4.252e-38,36.889,0.66667,0
-2.8666e-05,0.043149,-0.0050061,-4.252e-38,37.194,0.66667,0
-2.8668e-05,0.044338,-0.0012674,0,37.5,0.66667,0
-2.8385e-05,0.045627,0.0025324,0,37.806,0.66667,0
-2.7999e-05,0.046646,0.0054701,0,38.111,0.66667,0
-2.7367e-05,0.047295,0.0073107,0,38.417,0.66667,0
-2.665e-05,0.047647,0.0083122,0,38.722,0.66667,0
-2.5948e-05,0.047792,0.0088177,0,39.028,0.66667,0
-2.5263e-05,0.047793,0.0090879,0,39.333,0.66667,0
-2.4659e-05,0.047685,0.009279,0,39.639,0.66667,0
-2.4166e-05,0.047498,0.0094549,0,39.944,0.66667,0
-2.3805e-05,0.04727,0.0096112,0,40.25,0.66667,0
-2.3569e-05,0.047035,0.0097106,0,40.556,0.66667,0
-2.3459e-05,0.04682,0.0097215,0,40.861,0.66667,0
-2.3454e-05,0.046628,0.0096473,0,41.167,0.66667,0
-2.3543e-05,0.046433,0.0095363,0,41.472,0.66667,0
-2.3747e-05,0.046196,0.0094664,0,41.778,0.66667,0
-2.4011e-05,0.045879,0.0095121,0,42.083,0.66667,0
-2.4403e-05,0.045463,0.009707,0,42.389,0.66667,0
-2.4904e-05,0.044966,0.01002,0,42.694,0.66667,0
-2.5427e-05,0.044441,0.010354,0,43,0.66667,0
-2.6173e-05,0.043954,0.010571,0,43.306,0.66667,0
-2.6879e-05,0.043579,0.010535,0,43.611,0.66667,0
-2.702e-05,0.043397,0.010062,0,43.917,0.66667,0
-2.7169e-05,0.043547,0.0088525,0,44.222,0.66667,0
-2.7825e-05,0.044158,0.0066392,0,44.528,0.66667,0
-2.8218e-05,0.045205,0.0035011,0,44.833,0.66667,0
-2.7918e-05,0.046437,1.5491e-05,0,45.139,0.66667,0
-2.7234e-05,0.047523,-0.0030394,0,45.444,0.66667,0
-2.6153e-05,0.048277,-0.0052179,0,45.75,0.66667,0
-2.4684e-05,0.048711,-0.0065516,0,46.056,0.66667,0
-2.3085e-05,0.048922,-0.0072829,0,46.361,0.66667,0
-2.1514e-05,0.048995,-0.0076423,0,46.667,0.66667,0
-2.0037e-05,0.048985,-0.0077945,0,46.972,0.66667,0
-1.8685e-05,0.04892,-0.0078465,0,47.278,0.66667,0
-1.7467e-05,0.04881,-0.0078647,0,47.583,0.66667,0
-1.6377e-05,0.048661,-0.0078842,0,47.889,0.66667,0
-1.5418e-05,0.048481,-0.0079118,0,48.194,0.66667,0
-1.4575e-05,0.048281,-0.0079314,0,48.5,0.66667,0
-1.3848e-05,0.048078,-0.0079169,0,48.806,0.66667,0
-1.3224e-05,0.047881,-0.007847,0,49.111,0.66667,0
-1.2701e-05,0.047697,-0.0077193,0,49.417,0.66667,0
-1.2264e-05,0.047516,-0.0075578,0,49.722,0.66667,0
-1.1912e-05,0.04732,-0.0074078,0,50.028,0.66667,0
-1.163e-05,0.047086,-0.0073231,0,50.333,0.66667,0
-1.1425e-05,0.046797,-0.0073454,0,50.639,0.66667,0
-1.1272e-05,0.046447,-0.0074843,0,50.944,0.66667,0
-1.1185e-05,0.046049,-0.0077072,0,51.25,0.66667,0
-1.1157e-05,0.045635,-0.0079378,0,51.556,0.66667,0
-1.1089e-05,0.045247,-0.0080698,0,51.861,0.66667,0
-1.0972e-05,0.044934,-0.0079831,0,52.167,0.66667,0
-1.0661e-05,0.044761,-0.0075102,0,52.472,0.66667,0
-1.0223e-05,0.044824,-0.0064231,0,52.778,0.66667,0
-1.0282e-05,0.045185,-0.00457,0,53.083,0.66667,0
-1.0545e-05,0.045819,-0.0020561,0,53.389,0.66667,0
-1.0644e-05,0.046582,0.00068118,0,53.694,0.66667,0
-1.0837e-05,0.047273,0.0030913,0,54,0.66667,0
-1.0883e-05,0.047777,0.0048804,0,54.306,0.66667,0
-1.0773e-05,0.048083,0.0060745,0,54.611,0.66667,0
-1.0533e-05,0.048229,0.0068402,0,54.917,0.66667,0
-1.0261e-05,0.04826,0.0073282,0,55.222,0.66667,0
-9.9684e-06,0.048216,0.0076424,0,55.528,0.66667,0
-9.7168e-06,0.048129,0.0078338,0,55.833,0.66667,0
-9.5096e-06,0.048025,0.0079265,0,56.139,0.66667,0
-9.3597e-06,0.047913,0.007937,0,56.444,0.66667,0
-9.2751e-06,0.047799,0.007888,0,56.75,0.66667,0
-9.2366e-06,0.04767,0.0078152,-1.9301e-38,57.056,0.66667,0
-9.2736e-06,0.047516,0.0077604,-1.9301e-38,57.361,0.66667,0
-9.3405e-06,0.047317,0.0077674,1.8647e-38,57.667,0.66667,0
-9.5037e-06,0.047064,0.007863,1.8647e-38,57.972,0.66667,0
-9.6687e-06,0.046753,0.0080527,1.8509e-38,58.278,0.66667,0
-9.963e-06,0.0464,0.0083069,1.8509e-38,58.583,0.66667,0
-1.0233e-05,0.046031,0.0085707,-1.8959e-38,58.889,0.66667,0
-1.061e-05,0.045683,0.0087642,-1.8959e-38,59.194,0.66667,0
-1.0966e-05,0.045393,0.0088063,0,59.5,0.66667,0
-1.1231e-05,0.045196,0.008603,0,59.806,0.66667,0
-1.12e-05,0.04517,0.0079809,0,60.111,0.66667,0
-1.1361e-05,0.045386,0.0067614,0,60.417,0.66667,0
-1.2008e-05,0.045906,0.0048427,0,60.722,0.66667,0
-1.2378e-05,0.04667,0.0023761,0,61.028,0.66667,0
-1.2374e-05,0.047542,-0.00022073,0,61.333,0.66667,0
-1.2137e-05,0.048321,-0.0024827,0,61.639,0.66667,0
-1.1669e-05,0.0489,-0.004136,0,61.944,0.66667,0
-1.0951e-05,0.049262,-0.0052094,-1.9284e-38,62.25,0.66667,0
-1.0111e-05,0.049456,-0.0058374,-1.9284e-38,62.556,0.66667,0
-9.2198e-06,0.049522,-0.0061915,0,62.861,0.66667,0
-8.3026e-06,0.049503,-0.0063922,0,63.167,0.66667,0
-7.6022e-06,0.049427,-0.006508,0,63.472,0.66667,0
-6.5967e-06,0.049323,-0.0065657,0,63.778,0.66667,0
-5.9671e-06,0.049192,-0.0065839,0,64.083,0.66667,0
-5.0027e-06,0.049059,-0.0065711,0,64.389,0.66667,0
-4.4528e-06,0.048906,-0.0065102,0,64.694,0.66667,0
0,0.048785,-0.0064722,0,65,0.66667,0
-1.305e-05,0.03322,0.020276,0,10.306,1.3333,0
-4.0529e-05,0.033993,0.021261,0,10.611,1.3333,0
-6.8968e-05,0.033991,0.022104,0,10.917,1.3333,0
-9.5942e-05,0.033603,0.02272,0,11.222,1.3333,0
-0.0001259,0.032805,0.023188,0,11.528,1.3333,0
-0.00015951,0.031767,0.02354,0,11.833,1.3333,0
-0.0001866,0.030559,0.023816,0,12.139,1.3333,0
-0.00020379,0.029841,0.023565,0,12.444,1.3333,0
-0.00022056,0.030678,0.021038,0,12.75,1.3333,0
-0.00023955,0.034089,0.014105,0,13.056,1.3333,0
-0.00025013,0.039644,0.0035554,0,13.361,1.3333,0
-0.00024073,0.045322,-0.0067407,0,13.667,1.3333,0
-0.00021698,0.049239,-0.013379,0,13.972,1.3333,0
-0.00019499,0.051032,-0.016177,0,14.278,1.3333,0
-0.00017067,0.051447,-0.016844,0,14.583,1.3333,0
-0.00014812,0.051218,-0.016608,0,14.889,1.3333,0
-0.00013053,0.050736,-0.01605,0,15.194,1.3333,0
-0.00011573,0.050147,-0.015429,0,15.5,1.3333,0
-0.00010366,0.049527,-0.014865,0,15.806,1.3333,0
-9.3727e-05,0.048933,-0.014329,0,16.111,1.3333,0
-8.5757e-05,0.048369,-0.013789,0,16.417,1.3333,0
-7.9317e-05,0.04781,-0.013296,0,16.722,1.3333,0
-7.4109e-05,0.047226,-0.012924,0,17.028,1.3333,0
-6.9889e-05,0.046612,-0.012683,0,17.333,1.3333,0
-6.6467e-05,0.046012,-0.012478,0,17.639,1.3333,0
-6.3676e-05,0.045475,-0.012184,0,17.944,1.3333,0
-6.1383e-05,0.044988,-0.011785,0,18.25,1.3333,0
-5.95e-05,0.04447,-0.011408,0,18.556,1.3333,0
-5.7869e-05,0.043843,-0.011181,0,18.861,1.3333,0
-5.6451e-05,0.043122,-0.011076,0,19.167,1.3333,0
-5.5226e-05,0.042407,-0.010905,0,19.472,1.3333,0
-5.3921e-05,0.041776,-0.01051,0,19.778,1.3333,0
-5.2698e-05,0.041177,-0.0099704,0,20.083,1.3333,0
-5.1481e-05,0.040465,-0.0095674,0,20.389,1.3333,0
-4.995e-05,0.039534,-0.0095097,0,20.694,1.3333,0
-4.8986e-05,0.038444,-0.0096794,0,21,1.3333,0
-4.8492e-05,0.037455,-0.0096522,0,21.306,1.3333,0
-4.676e-05,0.037002,-0.008703,0,21.611,1.3333,0
-4.4813e-05,0.037615,-0.0058846,0,21.917,1.3333,0
-4.4213e-05,0.039391,-0.0010332,0,22.222,1.3333,0
-4.4379e-05,0.041632,0.0043473,0,22.528,1.3333,0
-4.4721e-05,0.043464,0.008454,0,22.833,1.3333,0
-4.4875e-05,0.04459,0.010828,0,23.139,1.3333,0
-4.5441e-05,0.045156,0.012003,0,23.444,1.3333,0
-4.6089e-05,0.045375,0.012583,0,23.75,1.3333,0
-4.636e-05,0.045385,0.012935,0,24.056,1.3333,0
-4.7599e-05,0.045245,0.013233,0,24.361,1.3333,0
-4.9114e-05,0.045018,0.013503,0,24.667,1.3333,0
-5.0351e-05,0.044774,0.013682,0,24.972,1.3333,0
-5.2204e-05,0.044558,0.013709,0,25.278,1.3333,0
-5.4493e-05,0.044346,0.013631,0,25.583,1.3333,0
-5.6992e-05,0.044043,0.013589,0,25.889,1.3333,0
-5.9724e-05,0.043555,0.013743,0,26.194,1.3333,0
-6.2543e-05,0.042856,0.01416,0,26.5,1.3333,0
-6.5615e-05,0.042021,0.014727,0,26.806,1.3333,0
-6.9252e-05,0.041195,0.0152,0,27.111,1.3333,0
-7.283e-05,0.040533,0.015332,0,27.417,1.3333,0
-7.5082e-05,0.04021,0.014837,0,27.722,1.3333,0
-7.6833e-05,0.040532,0.013144,0,28.028,1.3333,0
-7.9086e-05,0.041827,0.0096025,0,28.333,1.3333,0
-8.0198e-05,0.044017,0.0043731,0,28.639,1.3333,0
-7.8834e-05,0.046432,-0.0011719,0,28.944,1.3333,0
-7.5265e-05,0.048319,-0.0054886,0,29.25,1.3333,0
-7.0429e-05,0.049424,-0.0080613,0,29.556,1.3333,0
-6.5096e-05,0.049928,-0.0092924,0,29.861,1.3333,0
-5.9902e-05,0.050087,-0.0097698,0,30.167,1.3333,0
-5.5152e-05,0.050064,-0.0098937,0,30.472,1.3333,0
-5.0926e-05,0.04993,-0.0098585,0,30.778,1.3333,0
-4.7092e-05,0.049718,-0.0097572,0,31.083,1.3333,0
-4.361e-05,0.049454,-0.0096369,0,31.389,1.3333,0
-4.0578e-05,0.049173,-0.009497,0,31.694,1.3333,0
-3.794e-05,0.048899,-0.0093186,0,32,1.3333,0
-3.5638e-05,0.04864,-0.0091084,0,32.306,1.3333,0
-3.3629e-05,0.048381,-0.0089077,0,32.611,1.3333,0
-3.1876e-05,0.048094,-0.0087711,0,32.917,1.3333,0
-3.0353e-05,0.04776,-0.0087266,0,33.222,1.3333,0
-2.9029e-05,0.047386,-0.0087484,0,33.528,1.3333,0
-2.789e-05,0.047,-0.0087644,0,33.833,1.3333,0
-2.6917e-05,0.046636,-0.0086962,0,34.139,1.3333,0
-2.6075e-05,0.04631,-0.0085104,0,34.444,1.3333,0
-2.5386e-05,0.046,-0.0082476,0,34.75,1.3333,0
-2.4803e-05,0.045662,-0.0080106,0,35.056,1.3333,0
-2.4335e-05,0.045244,-0.0079115,0,35.361,1.3333,0
-2.4038e-05,0.044721,-0.0080056,0,35.667,1.3333,0
-2.3772e-05,0.04412,-0.0082422,0,35.972,1.3333,0
-2.371e-05,0.043512,-0.0084626,0,36.278,1.3333,0
-2.3642e-05,0.042996,-0.0084516,0,36.583,1.3333,0
-2.3117e-05,0.042697,-0.0079196,0,36.889,1.3333,0
-2.2674e-05,0.042806,-0.0064419,0,37.194,1.3333,0
-2.2239e-05,0.043482,-0.0037259,0,37.5,1.3333,0
-2.1831e-05,0.044604,-0.00014237,0,37.806,1.3333,0
-2.204e-05,0.04577,0.0033305,0,38.111,1.3333,0
-2.2404e-05,0.046653,0.0059366,0,38.417,1.3333,0
-2.253e-05,0.047177,0.0075951,0,38.722,1.3333,0
-2.2577e-05,0.047403,0.0085901,0,39.028,1.3333,0
-2.2517e-05,0.047422,0.0092093,0,39.333,1.3333,0
-2.2478e-05,0.047312,0.0096284,0,39.639,1.3333,0
-2.2643e-05,0.047133,0.0099192,0,39.944,1.3333,0
-2.2914e-05,0.046937,0.010093,0,40.25,1.3333,0
-2.3283e-05,0.046755,0.010148,0,40.556,1.3333,0
-2.374e-05,0.04659,0.010109,0,40.861,1.3333,0
-2.4282e-05,0.046414,0.010041,0,41.167,1.3333,0
-2.4923e-05,0.046184,0.010031,0,41.472,1.3333,0
-2.5629e-05,0.04586,0.010151,0,41.778,1.3333,0
-2.6495e-05,0.045432,0.010424,0,42.083,1.3333,0
-2.7469e-05,0.044926,0.010803,0,42.389,1.3333,0
-2.8501e-05,0.044399,0.011178,0,42.694,1.3333,0
-2.9804e-05,0.043924,0.011413,0,43,1.3333,0
-3.0976e-05,0.043567,0.011383,0,43.306,1.3333,0
-3.1441e-05,0.043407,0.010919,0,43.611,1.3333,0
-3.1934e-05,0.043587,0.0097173,0,43.917,1.3333,0
-3.2992e-05,0.044261,0.0074796,0,44.222,1.3333,0
-3.3638e-05,0.045417,0.0042664,0,44.528,1.3333,0
-3.3332e-05,0.046801,0.00065803,0,44.833,1.3333,0
-3.2387e-05,0.048051,-0.0025444,0,45.139,1.3333,0
-3.0925e-05,0.048939,-0.0048516,0,45.444,1.3333,0
-2.9016e-05,0.049454,-0.0062711,0,45.75,1.3333,0
-2.6925e-05,0.049698,-0.0070556,0,46.056,1.3333,0
-2.4815e-05,0.049773,-0.0074485,0,46.361,1.3333,0
-2.2763e-05,0.049753,-0.0076128,0,46.667,1.3333,0
-2.088e-05,0.049677,-0.0076472,0,46.972,1.3333,0
-1.9193e-05,0.049566,-0.0076135,0,47.278,1.3333,0
-1.7667e-05,0.049424,-0.0075548,0,47.583,1.3333,0
-1.6307e-05,0.049252,-0.007503,0,47.889,1.3333,0
-1.5105e-05,0.04905,-0.007473,0,48.194,1.3333,0
-1.4039e-05,0.048826,-0.0074604,0,48.5,1.3333,0
-1.3101e-05,0.04859,-0.0074445,0,48.806,1.3333,0
-1.2278e-05,0.048357,-0.007398,0,49.111,1.3333,0
-1.1563e-05,0.048137,-0.0073008,0,49.417,1.3333,0
-1.0945e-05,0.047934,-0.0071529,0,49.722,1.3333,0
-1.0416e-05,0.047738,-0.0069789,0,50.028,1.3333,0
-9.9635e-06,0.047532,-0.0068233,0,50.333,1.3333,0
-9.5857e-06,0.047296,-0.0067359,0,50.639,1.3333,0
-9.2507e-06,0.047015,-0.0067517,0,50.944,1.3333,0
-8.9818e-06,0.046684,-0.0068751,0,51.25,1.3333,0
-8.7167e-06,0.046317,-0.0070674,0,51.556,1.3333,0
-8.4543e-06,0.045941,-0.0072515,0,51.861,1.3333,0
-8.2185e-06,0.045595,-0.0073208,0,52.167,1.3333,0
-7.8198e-06,0.045323,-0.0071528,0,52.472,1.3333,0
-7.4934e-06,0.04519,-0.0065587,0,52.778,1.3333,0
-7.4659e-06,0.045286,-0.0053124,0,53.083,1.3333,0
-7.4959e-06,0.045655,-0.003332,0,53.389,1.3333,0
-7.4806e-06,0.046238,-0.00081922,0,53.694,1.3333,0
-7.7689e-06,0.046866,0.0017549,0,54,1.3333,0
-8.2304e-06,0.047378,0.0039256,0,54.306,1.3333,0
-8.5174e-06,0.047712,0.0055167,0,54.611,1.3333,0
-8.6903e-06,0.047886,0.0066002,0,54.917,1.3333,0
-8.7901e-06,0.047944,0.0073064,0,55.222,1.3333,0
-8.8211e-06,0.04793,0.0077496,0,55.528,1.3333,0
-8.9213e-06,0.047875,0.0080041,0,55.833,1.3333,0
-9.0699e-06,0.047801,0.008123,0,56.139,1.3333,0
-9.2556e-06,0.047714,0.0081507,0,56.444,1.3333,0
-9.4867e-06,0.047608,0.0081355,0,56.75,1.3333,0
-9.7404e-06,0.047468,0.0081294,0,57.056,1.3333,0
-1.0073e-05,0.047279,0.008178,0,57.361,1.3333,0
-1.0428e-05,0.047027,0.0083144,0,57.667,1.3333,0
-1.0867e-05,0.046714,0.0085409,0,57.972,1.3333,0
-1.1366e-05,0.046355,0.0088305,0,58.278,1.3333,0
-1.1931e-05,0.045982,0.0091223,0,58.583,1.3333,0
-1.2519e-05,0.045634,0.0093403,0,58.889,1.3333,0
-1.3223e-05,0.045345,0.009406,0,59.194,1.3333,0
-1.3595e-05,0.045157,0.0092354,0,59.5,1.3333,0
-1.3824e-05,0.04513,0.0086694,0,59.806,1.3333,0
-1.4345e-05,0.045374,0.0074895,0,60.111,1.3333,0
-1.5009e-05,0.045943,0.0055826,0,60.417,1.3333,0
-1.5487e-05,0.046812,0.003065,0,60.722,1.3333,0
-1.5472e-05,0.047805,0.0003361,0,61.028,1.3333,0
-1.5157e-05,0.048713,-0.0020905,0,61.333,1.3333,0
-1.449e-05,0.049391,-0.0038929,0,61.639,1.3333,0
-1.3557e-05,0.049822,-0.0050405,0,61.944,1.3333,0
-1.2473e-05,0.050049,-0.0056978,0,62.25,1.3333,0
-1.1373e-05,0.050138,-0.0060294,0,62.556,1.3333,0
-1.0457e-05,0.050138,-0.0061831,0,62.861,1.3333,0
-9.2543e-06,0.050083,-0.0062526,0,63.167,1.3333,0
-8.4442e-06,0.049982,-0.0062829,0,63.472,1.3333,0
-7.3054e-06,0.049861,-0.0062836,0,63.778,1.3333,0
-6.4392e-06,0.049711,-0.0062636,0,64.083,1.3333,0
-5.4779e-06,0.049561,-0.0062344,0,64.389,1.3333,0
-4.8215e-06,0.04939,-0.0061684,0,64.694,1.3333,0
0,0.049257,-0.006127,0,65,1.3333,0
1.8538e-05,0.032471,0.015603,0,10.306,2,0
-1.9651e-05,0.034036,0.019787,0,10.611,2,0
-6.0371e-05,0.034461,0.022319,0,10.917,2,0
-0.00010177,0.03419,0.024027,0,11.222,2,0
-0.00014195,0.033547,0.025252,0,11.528,2,0
-0.00017715,0.033122,0.025848,0,11.833,2,0
-0.00020961,0.03362,0.024957,0,12.139,2,0
-0.00025214,0.036105,0.020404,0,12.444,2,0
-0.00028792,0.040992,0.011278,0,12.75,2,0
-0.00029457,0.047094,-3.1049e-05,0,13.056,2,0
-0.00027191,0.052189,-0.0092812,0,13.361,2,0
-0.00024046,0.054944,-0.014225,0,13.667,2,0
-0.00021281,0.055727,-0.015942,0,13.972,2,0
-0.00018612,0.055449,-0.016145,0,14.278,2,0
-0.00016192,0.054722,-0.015773,0,14.583,2,0
-0.00014112,0.053851,-0.015165,0,14.889,2,0
-0.00012458,0.052984,-0.014484,0,15.194,2,0
-0.0001107,0.052187,-0.013841,0,15.5,2,0
-9.9091e-05,0.051448,-0.013268,0,15.806,2,0
-8.9397e-05,0.05073,-0.012784,0,16.111,2,0
-8.1325e-05,0.050023,-0.012382,0,16.417,2,0
-7.4586e-05,0.049349,-0.012011,0,16.722,2,0
-6.8922e-05,0.048721,-0.011627,0,17.028,2,0
-6.4118e-05,0.048109,-0.011267,0,17.333,2,0
-6.0014e-05,0.047468,-0.011013,0,17.639,2,0
-5.6494e-05,0.046796,-0.010853,0,17.944,2,0
-5.346e-05,0.046142,-0.010655,0,18.25,2,0
-5.0801e-05,0.045548,-0.010304,0,18.556,2,0
-4.8445e-05,0.044986,-0.009856,0,18.861,2,0
-4.6287e-05,0.044382,-0.0094845,0,19.167,2,0
-4.4265e-05,0.043706,-0.0092782,0,19.472,2,0
-4.2414e-05,0.043022,-0.0091133,0,19.778,2,0
-4.0544e-05,0.042424,-0.0087802,0,20.083,2,0
-3.8751e-05,0.041914,-0.0082328,0,20.389,2,0
-3.7172e-05,0.041368,-0.0076853,0,20.694,2,0
-3.5397e-05,0.04064,-0.0074097,0,21,2,0
-3.4067e-05,0.039712,-0.0074239,0,21.306,2,0
-3.3139e-05,0.038774,-0.0073996,0,21.611,2,0
-3.1044e-05,0.038209,-0.0066901,0,21.917,2,0
-2.8326e-05,0.038523,-0.0043955,0,22.222,2,0
-2.7183e-05,0.039912,-0.00023906,0,22.528,2,0
-2.8221e-05,0.04181,0.0045612,0,22.833,2,0
-3.0365e-05,0.04341,0.0084004,0,23.139,2,0
-3.2764e-05,0.044392,0.0108,0,23.444,2,0
-3.5298e-05,0.04486,0.012166,0,23.75,2,0
-3.7916e-05,0.045006,0.012991,0,24.056,2,0
-4.0674e-05,0.044979,0.013543,0,24.361,2,0
-4.3551e-05,0.044891,0.013876,0,24.667,2,0
-4.6873e-05,0.044776,0.014018,0,24.972,2,0
-5.0685e-05,0.044596,0.014085,0,25.278,2,0
-5.4636e-05,0.04427,0.01426,0,25.583,2,0
-5.9066e-05,0.043738,0.01468,0,25.889,2,0
-6.3781e-05,0.043024,0.015322,0,26.194,2,0
-6.8908e-05,0.042238,0.016,0,26.5,2,0
-7.4232e-05,0.041527,0.016462,0,26.806,2,0
-7.8464e-05,0.041013,0.016514,0,27.111,2,0
-8.1435e-05,0.040864,0.015889,0,27.417,2,0
-8.5217e-05,0.041411,0.013945,0,27.722,2,0
-9.0088e-05,0.042975,0.010029,0,28.028,2,0
-9.2302e-05,0.045401,0.0044807,0,28.333,2,0
-9.0195e-05,0.047957,-0.0011656,0,28.639,2,0
-8.5434e-05,0.049893,-0.0054083,0,28.944,2,0
-7.9309e-05,0.050976,-0.007873,0,29.25,2,0
-7.2864e-05,0.051404,-0.009044,0,29.556,2,0
-6.6582e-05,0.051462,-0.0095029,0,29.861,2,0
-6.0453e-05,0.051338,-0.0096095,0,30.167,2,0
-5.4986e-05,0.051124,-0.0095327,0,30.472,2,0
-5.0261e-05,0.050858,-0.0093508,0,30.778,2,0
-4.6071e-05,0.050556,-0.0091337,0,31.083,2,0
-4.2367e-05,0.050225,-0.0089411,0,31.389,2,0
-3.9112e-05,0.049878,-0.0087884,0,31.694,2,0
-3.625e-05,0.049539,-0.0086533,0,32,2,0
-3.3724e-05,0.049229,-0.0085037,0,32.306,2,0
-3.1491e-05,0.04895,-0.0083296,0,32.611,2,0
-2.951e-05,0.048685,-0.0081566,0,32.917,2,0
-2.7751e-05,0.048402,-0.0080275,0,33.222,2,0
-2.6192e-05,0.048079,-0.007966,0,33.528,2,0
-2.4809e-05,0.047718,-0.0079511,0,33.833,2,0
-2.3593e-05,0.047342,-0.007921,0,34.139,2,0
-2.2533e-05,0.046982,-0.007809,0,34.444,2,0
-2.1605e-05,0.046652,-0.0075887,0,34.75,2,0
-2.082e-05,0.046339,-0.0073015,0,35.056,2,0
-2.0136e-05,0.046004,-0.0070449,0,35.361,2,0
-1.9569e-05,0.045602,-0.0069237,0,35.667,2,0
-1.9131e-05,0.045114,-0.0069874,0,35.972,2,0
-1.8762e-05,0.04456,-0.0071844,0,36.278,2,0
-1.8563e-05,0.044005,-0.0073582,0,36.583,2,0
-1.821e-05,0.043539,-0.0072991,0,36.889,2,0
-1.7383e-05,0.043286,-0.0067174,0,37.194,2,0
-1.6636e-05,0.043433,-0.0051878,0,37.5,2,0
-1.6299e-05,0.044095,-0.0024634,0,37.806,2,0
-1.6605e-05,0.045083,0.00099664,0,38.111,2,0
-1.7457e-05,0.046009,0.004243,0,38.417,2,0
-1.8302e-05,0.046639,0.0066758,0,38.722,2,0
-1.8962e-05,0.046962,0.0082825,0,39.028,2,0
-1.9464e-05,0.047063,0.0092877,0,39.333,2,0
-2.0034e-05,0.047031,0.0099095,0,39.639,2,0
-2.0749e-05,0.046934,0.010273,0,39.944,2,0
-2.1624e-05,0.046818,0.010435,0,40.25,2,0
-2.262e-05,0.046695,0.010466,0,40.556,2,0
-2.3702e-05,0.04654,0.010465,0,40.861,2,0
-2.4891e-05,0.046309,0.010534,0,41.167,2,0
-2.6134e-05,0.045972,0.010746,0,41.472,2,0
-2.7565e-05,0.045526,0.011106,0,41.778,2,0
-2.9109e-05,0.045011,0.011552,0,42.083,2,0
-3.0754e-05,0.044495,0.011961,0,42.389,2,0
-3.2687e-05,0.044045,0.012203,0,42.694,2,0
-3.4338e-05,0.043722,0.012169,0,43,2,0
-3.5272e-05,0.0436,0.011704,0,43.306,2,0
-3.6371e-05,0.043831,0.01049,0,43.611,2,0
-3.8089e-05,0.044587,0.0081919,0,43.917,2,0
-3.9219e-05,0.045859,0.0048595,0,44.222,2,0
-3.9016e-05,0.04738,0.0010993,0,44.528,2,0
-3.7819e-05,0.048767,-0.0022463,0,44.833,2,0
-3.5866e-05,0.049769,-0.004648,0,45.139,2,0
-3.3421e-05,0.050362,-0.0060993,0,45.444,2,0
-3.0729e-05,0.050651,-0.0068744,0,45.75,2,0
-2.8052e-05,0.050746,-0.0072479,0,46.056,2,0
-2.5564e-05,0.050725,-0.007402,0,46.361,2,0
-2.3206e-05,0.050637,-0.0074328,0,46.667,2,0
-2.103e-05,0.050508,-0.0073868,0,46.972,2,0
-1.9083e-05,0.050352,-0.0072942,0,47.278,2,0
-1.7337e-05,0.050174,-0.00718,0,47.583,2,0
-1.5788e-05,0.049972,-0.0070693,0,47.889,2,0
-1.4414e-05,0.049745,-0.0069823,0,48.194,2,0
-1.3193e-05,0.049496,-0.0069269,0,48.5,2,0
-1.2111e-05,0.049232,-0.0068938,0,48.806,2,0
-1.115e-05,0.048966,-0.0068596,0,49.111,2,0
-1.0304e-05,0.04871,-0.0067964,0,49.417,2,0
-9.5572e-06,0.048472,-0.0066858,0,49.722,2,0
-8.9016e-06,0.048253,-0.0065311,0,50.028,2,0
-8.3339e-06,0.048041,-0.0063598,0,50.333,2,0
-7.8351e-06,0.04782,-0.0062172,0,50.639,2,0
-7.3972e-06,0.047571,-0.0061495,0,50.944,2,0
-7.0265e-06,0.047282,-0.0061846,0,51.25,2,0
-6.6494e-06,0.046956,-0.0063154,0,51.556,2,0
-6.3465e-06,0.046607,-0.006494,0,51.861,2,0
-6.0278e-06,0.046263,-0.006634,0,52.167,2,0
-5.697e-06,0.045961,-0.0066282,0,52.472,2,0
-5.4351e-06,0.04574,-0.0063436,0,52.778,2,0
-4.9538e-06,0.045672,-0.0055832,0,53.083,2,0
-4.7919e-06,0.045821,-0.0041312,0,53.389,2,0
-4.938e-06,0.046187,-0.0019626,0,53.694,2,0
-5.2039e-06,0.046671,0.00060146,0,54,2,0
-5.7426e-06,0.047123,0.0030351,0,54.306,2,0
-6.2572e-06,0.04745,0.0049667,0,54.611,2,0
-6.7276e-06,0.047643,0.0063349,0,54.917,2,0
-7.1323e-06,0.047735,0.007233,0,55.222,2,0
-7.5044e-06,0.047759,0.0077915,0,55.528,2,0
-7.9567e-06,0.047741,0.0081145,0,55.833,2,0
-8.4608e-06,0.047693,0.0082792,0,56.139,2,0
-8.9906e-06,0.047613,0.008358,0,56.444,2,0
-9.5437e-06,0.04749,0.0084234,0,56.75,2,0
-1.0131e-05,0.047309,0.0085335,0,57.056,2,0
-1.0773e-05,0.047057,0.0087239,0,57.361,2,0
-1.1449e-05,0.04674,0.0090004,0,57.667,2,0
-1.2251e-05,0.046376,0.0093292,0,57.972,2,0
-1.302e-05,0.046005,0.0096495,0,58.278,2,0
-1.3963e-05,0.045664,0.0098816,0,58.583,2,0
-1.4966e-05,0.045391,0.0099591,0,58.889,2,0
-1.5589e-05,0.045218,0.0098045,0,59.194,2,0
-1.6049e-05,0.045216,0.0092764,0,59.5,2,0
-1.6971e-05,0.045491,0.0081304,0,59.806,2,0
-1.8101e-05,0.046135,0.0062075,0,60.111,2,0
-1.8824e-05,0.047097,0.0036226,0,60.417,2,0
-1.895e-05,0.048206,0.00078088,0,60.722,2,0
-1.847e-05,0.049219,-0.0017729,0,61.028,2,0
-1.7576e-05,0.049977,-0.003683,0,61.333,2,0
-1.6382e-05,0.050447,-0.004902,0,61.639,2,0
-1.5037e-05,0.05069,-0.0055705,0,61.944,2,0
-1.3617e-05,0.050778,-0.0058985,0,62.25,2,0
-1.2207e-05,0.050776,-0.0060338,0,62.556,2,0
-1.1342e-05,0.050719,-0.0060705,0,62.861,2,0
-9.9493e-06,0.050629,-0.0060543,0,63.167,2,0
-8.7688e-06,0.050499,-0.0060187,0,63.472,2,0
-7.7223e-06,0.050357,-0.005976,0,63.778,2,0
-6.8187e-06,0.050192,-0.0059276,0,64.083,2,0
-5.7925e-06,0.050029,-0.0058866,0,64.389,2,0
-5.1149e-06,0.049847,-0.0058187,0,64.694,2,0
0,0.049707,-0.0057759,0,65,2,0
4.1632e-05,0.034039,0.010645,0,10.306,2.6667,0
6.7988e-06,0.035324,0.016943,0,10.611,2.6667,0
-4.1327e-05,0.036208,0.021779,0,10.917,2.6667,0
-9.1867e-05,0.036892,0.024713,0,11.222,2.6667,0
-0.00014415,0.038041,0.025569,0,11.528,2.6667,0
-0.00020488,0.040415,0.023395,0,11.833,2.6667,0
-0.00026289,0.04456,0.017218,0,12.139,2.6667,0
-0.00030447,0.0502,0.0074349,0,12.444,2.6667,0
-0.00031111,0.055712,-0.0029607,0,12.75,2.6667,0
-0.00028251,0.0593,-0.010234,0,13.056,2.6667,0
-0.00024755,0.060523,-0.01355,0,13.361,2.6667,0
-0.00021672,0.060191,-0.014508,0,13.667,2.6667,0
-0.00018953,0.059197,-0.014458,0,13.972,2.6667,0
-0.00016474,0.058013,-0.013983,0,14.278,2.6667,0
-0.00014419,0.056816,-0.013363,0,14.583,2.6667,0
-0.00012764,0.055687,-0.012822,0,14.889,2.6667,0
-0.00011353,0.054654,-0.012422,0,15.194,2.6667,0
-0.00010158,0.05372,-0.012081,0,15.5,2.6667,0
-9.1402e-05,0.052875,-0.011686,0,15.806,2.6667,0
-8.2717e-05,0.052107,-0.01122,0,16.111,2.6667,0
-7.5267e-05,0.05139,-0.010779,0,16.417,2.6667,0
-6.884e-05,0.050701,-0.010456,0,16.722,2.6667,0
-6.3252e-05,0.050042,-0.010218,0,17.028,2.6667,0
-5.8357e-05,0.049424,-0.0099515,0,17.333,2.6667,0
-5.4046e-05,0.048825,-0.0096154,0,17.639,2.6667,0
-5.0225e-05,0.048191,-0.0092923,0,17.944,2.6667,0
-4.6832e-05,0.047499,-0.0090633,0,18.25,2.6667,0
-4.3811e-05,0.046799,-0.0088844,0,18.556,2.6667,0
-4.105e-05,0.046178,-0.0086368,0,18.861,2.6667,0
-3.8476e-05,0.045655,-0.0082858,0,19.167,2.6667,0
-3.6072e-05,0.045153,-0.0079388,0,19.472,2.6667,0
-3.3764e-05,0.044577,-0.0077105,0,19.778,2.6667,0
-3.1625e-05,0.043929,-0.0075519,0,20.083,2.6667,0
-2.9611e-05,0.043313,-0.0072658,0,20.389,2.6667,0
-2.7622e-05,0.042802,-0.0067271,0,20.694,2.6667,0
-2.589e-05,0.042329,-0.0060685,0,21,2.6667,0
-2.4136e-05,0.041744,-0.005586,0,21.306,2.6667,0
-2.2501e-05,0.040978,-0.0054146,0,21.611,2.6667,0
-2.0974e-05,0.040164,-0.0053276,0,21.917,2.6667,0
-1.8552e-05,0.039629,-0.0047526,0,22.222,2.6667,0
-1.5957e-05,0.039831,-0.0028346,0,22.528,2.6667,0
-1.5372e-05,0.040964,0.00081647,0,22.833,2.6667,0
-1.7688e-05,0.042538,0.0051948,0,23.139,2.6667,0
-2.1204e-05,0.043851,0.0088389,0,23.444,2.6667,0
-2.5208e-05,0.04464,0.011241,0,23.75,2.6667,0
-2.9762e-05,0.045019,0.012671,0,24.056,2.6667,0
-3.3971e-05,0.045181,0.013483,0,24.361,2.6667,0
-3.8287e-05,0.045216,0.013943,0,24.667,2.6667,0
-4.3229e-05,0.045097,0.014321,0,24.972,2.6667,0
-4.8615e-05,0.044764,0.014817,0,25.278,2.6667,0
-5.4485e-05,0.044205,0.015504,0,25.583,2.6667,0
-6.0773e-05,0.043508,0.016308,0,25.889,2.6667,0
-6.7439e-05,0.042818,0.017015,0,26.194,2.6667,0
-7.5066e-05,0.042255,0.017421,0,26.5,2.6667,0
-8.1918e-05,0.041925,0.0174,0,26.806,2.6667,0
-8.693e-05,0.04201,0.016653,0,27.111,2.6667,0
-9.2891e-05,0.042852,0.01446,0,27.417,2.6667,0
-9.97e-05,0.044718,0.010218,0,27.722,2.6667,0
-0.00010274,0.047329,0.004439,0,28.028,2.6667,0
-0.00010017,0.049903,-0.0012582,0,28.333,2.6667,0
-9.4123e-05,0.05176,-0.0054268,0,28.639,2.6667,0
-8.6528e-05,0.05275,-0.0077593,0,28.944,2.6667,0
-7.8691e-05,0.053103,-0.0087842,0,29.25,2.6667,0
-7.1386e-05,0.053092,-0.0091204,0,29.556,2.6667,0
-6.4684e-05,0.05289,-0.0091466,0,29.861,2.6667,0
-5.8379e-05,0.052587,-0.0090344,0,30.167,2.6667,0
-5.2777e-05,0.052235,-0.0088481,0,30.472,2.6667,0
-4.7993e-05,0.05187,-0.008618,0,30.778,2.6667,0
-4.376e-05,0.051506,-0.0083746,0,31.083,2.6667,0
-4.0021e-05,0.05114,-0.0081586,0,31.389,2.6667,0
-3.6717e-05,0.050767,-0.0080017,0,31.694,2.6667,0
-3.3795e-05,0.050394,-0.0079025,0,32,2.6667,0
-3.1201e-05,0.050034,-0.007824,0,32.306,2.6667,0
-2.8885e-05,0.049701,-0.0077208,0,32.611,2.6667,0
-2.6817e-05,0.049395,-0.0075739,0,32.917,2.6667,0
-2.4971e-05,0.049095,-0.0074049,0,33.222,2.6667,0
-2.3322e-05,0.048775,-0.0072569,0,33.528,2.6667,0
-2.1849e-05,0.04842,-0.0071573,0,33.833,2.6667,0
-2.0521e-05,0.048039,-0.0070908,0,34.139,2.6667,0
-1.933e-05,0.047659,-0.007005,0,34.444,2.6667,0
-1.8266e-05,0.047307,-0.0068449,0,34.75,2.6667,0
-1.7325e-05,0.046991,-0.0065957,0,35.056,2.6667,0
-1.6505e-05,0.046694,-0.0063045,0,35.361,2.6667,0
-1.5749e-05,0.046377,-0.0060647,0,35.667,2.6667,0
-1.5125e-05,0.046002,-0.0059676,0,35.972,2.6667,0
-1.4547e-05,0.045555,-0.006044,0,36.278,2.6667,0
-1.3997e-05,0.045059,-0.0062247,0,36.583,2.6667,0
-1.3518e-05,0.044575,-0.0063489,0,36.889,2.6667,0
-1.2646e-05,0.044182,-0.0062086,0,37.194,2.6667,0
-1.1885e-05,0.043988,-0.0054894,0,37.5,2.6667,0
-1.1557e-05,0.044162,-0.0037422,0,37.806,2.6667,0
-1.139e-05,0.044753,-0.00084594,0,38.111,2.6667,0
-1.2154e-05,0.045527,0.0025427,0,38.417,2.6667,0
-1.3565e-05,0.046185,0.0055163,0,38.722,2.6667,0
-1.4856e-05,0.046611,0.0076649,0,39.028,2.6667,0
-1.6342e-05,0.046833,0.0090585,0,39.333,2.6667,0
-1.7665e-05,0.046922,0.0099104,0,39.639,2.6667,0
-1.8775e-05,0.046939,0.010384,0,39.944,2.6667,0
-2.0208e-05,0.046903,0.010612,0,40.25,2.6667,0
-2.1813e-05,0.046789,0.010754,0,40.556,2.6667,0
-2.3512e-05,0.046563,0.010951,0,40.861,2.6667,0
-2.5327e-05,0.046209,0.011281,0,41.167,2.6667,0
-2.7376e-05,0.045746,0.01174,0,41.472,2.6667,0
-2.9597e-05,0.045231,0.012246,0,41.778,2.6667,0
-3.1971e-05,0.044739,0.012673,0,42.083,2.6667,0
-3.4602e-05,0.044335,0.012907,0,42.389,2.6667,0
-3.6814e-05,0.044063,0.012861,0,42.694,2.6667,0
-3.8294e-05,0.044002,0.01239,0,43,2.6667,0
-4.0125e-05,0.04432,0.011146,0,43.306,2.6667,0
-4.263e-05,0.045197,0.0087599,0,43.611,2.6667,0
-4.4349e-05,0.046614,0.0052918,0,43.917,2.6667,0
-4.4351e-05,0.048271,0.0013872,0,44.222,2.6667,0
-4.2932e-05,0.049762,-0.0020787,0,44.528,2.6667,0
-4.0544e-05,0.050826,-0.0045538,0,44.833,2.6667,0
-3.757e-05,0.051442,-0.0060235,0,45.139,2.6667,0
-3.4346e-05,0.051724,-0.0067753,0,45.444,2.6667,0
-3.1097e-05,0.051799,-0.0071077,0,45.75,2.6667,0
-2.797e-05,0.05175,-0.0072176,0,46.056,2.6667,0
-2.5164e-05,0.051625,-0.0072107,0,46.361,2.6667,0
-2.2667e-05,0.051455,-0.0071393,0,46.667,2.6667,0
-2.0373e-05,0.051257,-0.007026,0,46.972,2.6667,0
-1.8312e-05,0.051044,-0.0068836,0,47.278,2.6667,0
-1.6476e-05,0.05082,-0.006725,0,47.583,2.6667,0
-1.4842e-05,0.050586,-0.0065687,0,47.889,2.6667,0
-1.339e-05,0.050341,-0.0064356,0,48.194,2.6667,0
-1.2096e-05,0.050081,-0.0063413,0,48.5,2.6667,0
-1.0943e-05,0.049811,-0.0062874,0,48.806,2.6667,0
-9.9108e-06,0.049538,-0.0062579,0,49.111,2.6667,0
-8.9876e-06,0.04927,-0.0062241,0,49.417,2.6667,0
-8.1593e-06,0.049019,-0.0061563,0,49.722,2.6667,0
-7.4249e-06,0.048788,-0.0060385,0,50.028,2.6667,0
-6.7687e-06,0.048574,-0.0058784,0,50.333,2.6667,0
-6.1959e-06,0.048363,-0.0057093,0,50.639,2.6667,0
-5.6885e-06,0.048137,-0.0055795,0,50.944,2.6667,0
-5.2287e-06,0.04788,-0.0055339,0,51.25,2.6667,0
-4.8305e-06,0.047585,-0.0055932,0,51.556,2.6667,0
-4.4274e-06,0.047257,-0.0057394,0,51.861,2.6667,0
-4.0704e-06,0.046916,-0.0059106,0,52.167,2.6667,0
-3.7547e-06,0.046594,-0.0060119,0,52.472,2.6667,0
-3.2548e-06,0.046323,-0.005927,0,52.778,2.6667,0
-2.8173e-06,0.046144,-0.0054908,0,53.083,2.6667,0
-2.7709e-06,0.046118,-0.0044568,0,53.389,2.6667,0
-2.838e-06,0.04629,-0.0026714,0,53.694,2.6667,0
-2.9404e-06,0.046624,-0.00028795,0,54,2.6667,0
-3.3717e-06,0.047002,0.0022258,0,54.306,2.6667,0
-4.1044e-06,0.047316,0.0043818,0,54.611,2.6667,0
-4.8284e-06,0.047527,0.0059789,0,54.917,2.6667,0
-5.6317e-06,0.047644,0.0070529,0,55.222,2.6667,0
-6.485e-06,0.047691,0.0077337,0,55.528,2.6667,0
-7.1991e-06,0.047691,0.0081486,0,55.833,2.6667,0
-7.9215e-06,0.047648,0.0084023,0,56.139,2.6667,0
-8.729e-06,0.04755,0.0085922,0,56.444,2.6667,0
-9.6039e-06,0.04738,0.0088003,0,56.75,2.6667,0
-1.0496e-05,0.047131,0.0090745,0,57.056,2.6667,0
-1.1469e-05,0.046811,0.0094194,0,57.361,2.6667,0
-1.2513e-05,0.046449,0.0097993,0,57.667,2.6667,0
-1.3583e-05,0.046087,0.010146,0,57.972,2.6667,0
-1.4803e-05,0.045768,0.010385,0,58.278,2.6667,0
-1.6164e-05,0.045522,0.01046,0,58.583,2.6667,0
-1.6999e-05,0.045382,0.010314,0,58.889,2.6667,0
-1.7844e-05,0.045414,0.0097906,0,59.194,2.6667,0
-1.9195e-05,0.045754,0.0086379,0,59.5,2.6667,0
-2.0677e-05,0.046487,0.0066615,0,59.806,2.6667,0
-2.1686e-05,0.047571,0.0039869,0,60.111,2.6667,0
-2.1863e-05,0.048796,0.0010655,0,60.417,2.6667,0
-2.1398e-05,0.049908,-0.001565,0,60.722,2.6667,0
-2.0348e-05,0.05073,-0.0035257,0,61.028,2.6667,0
-1.8899e-05,0.051232,-0.0047677,0,61.333,2.6667,0
-1.7255e-05,0.051475,-0.0054485,0,61.639,2.6667,0
-1.5669e-05,0.051554,-0.0057618,0,61.944,2.6667,0
-1.4494e-05,0.051537,-0.0058849,0,62.25,2.6667,0
-1.2808e-05,0.051471,-0.005905,0,62.556,2.6667,0
-1.1496e-05,0.051361,-0.0058598,0,62.861,2.6667,0
-1.0251e-05,0.051233,-0.0057749,0,63.167,2.6667,0
-8.9747e-06,0.051074,-0.0056881,0,63.472,2.6667,0
-7.9916e-06,0.050909,-0.0056147,0,63.778,2.6667,0
-7.194e-06,0.050726,-0.005546,0,64.083,2.6667,0
-6.1593e-06,0.050544,-0.0054981,0,64.389,2.6667,0
-5.6071e-06,0.050341,-0.0054357,0,64.694,2.6667,0
0,0.050186,-0.0053953,0,65,2.6667,0
5.5405e-05,0.041995,0.010571,0,10.306,3.3333,0
2.3901e-05,0.042632,0.01502,0,10.611,3.3333,0
-2.7501e-05,0.044327,0.018911,0,10.917,3.3333,0
-9.0136e-05,0.046982,0.019995,0,11.222,3.3333,0
-0.00015398,0.05079,0.017531,0,11.528,3.3333,0
-0.00021423,0.055532,0.011617,0,11.833,3.3333,0
-0.00025562,0.060444,0.0035447,0,12.139,3.3333,0
-0.00025487,0.064198,-0.0038459,0,12.444,3.3333,0
-0.00023413,0.065766,-0.0084324,0,12.75,3.3333,0
-0.00021586,0.065407,-0.010538,0,13.056,3.3333,0
-0.00019473,0.064078,-0.011261,0,13.361,3.3333,0
-0.00017132,0.062454,-0.011335,0,13.667,3.3333,0
-0.00015124,0.060839,-0.011171,0,13.972,3.3333,0
-0.00013511,0.05935,-0.010947,0,14.278,3.3333,0
-0.00012118,0.058038,-0.010704,0,14.583,3.3333,0
-0.00010903,0.056889,-0.010446,0,14.889,3.3333,0
-9.842e-05,0.055846,-0.010192,0,15.194,3.3333,0
-8.9086e-05,0.054857,-0.0099591,0,15.5,3.3333,0
-8.0912e-05,0.053915,-0.0097495,0,15.806,3.3333,0
-7.3741e-05,0.053056,-0.0095431,0,16.111,3.3333,0
-6.742e-05,0.052297,-0.0093139,0,16.417,3.3333,0
-6.1808e-05,0.051612,-0.0090697,0,16.722,3.3333,0
-5.6784e-05,0.05096,-0.0088399,0,17.028,3.3333,0
-5.2256e-05,0.050333,-0.0086114,0,17.333,3.3333,0
-4.8142e-05,0.049753,-0.008323,0,17.639,3.3333,0
-4.4383e-05,0.04922,-0.0079593,0,17.944,3.3333,0
-4.0947e-05,0.048686,-0.0076171,0,18.25,3.3333,0
-3.7794e-05,0.048113,-0.0074208,0,18.556,3.3333,0
-3.4866e-05,0.047529,-0.0073585,0,18.861,3.3333,0
-3.2068e-05,0.046996,-0.0072489,0,19.167,3.3333,0
-2.9376e-05,0.046526,-0.0069258,0,19.472,3.3333,0
-2.6814e-05,0.046049,-0.006442,0,19.778,3.3333,0
-2.4377e-05,0.045485,-0.0060203,0,20.083,3.3333,0
-2.2104e-05,0.044845,-0.0057714,0,20.389,3.3333,0
-1.9898e-05,0.044239,-0.0055389,0,20.694,3.3333,0
-1.7713e-05,0.043758,-0.0050987,0,21,3.3333,0
-1.5664e-05,0.043362,-0.0044742,0,21.306,3.3333,0
-1.3694e-05,0.042904,-0.0039515,0,21.611,3.3333,0
-1.1872e-05,0.042289,-0.0037374,0,21.917,3.3333,0
-1.0085e-05,0.041596,-0.0036615,0,22.222,3.3333,0
-7.9988e-06,0.041091,-0.0031556,0,22.528,3.3333,0
-6.1567e-06,0.041185,-0.0013552,0,22.833,3.3333,0
-6.5253e-06,0.042074,0.0021016,0,23.139,3.3333,0
-9.5061e-06,0.043369,0.0062174,0,23.444,3.3333,0
-1.4106e-05,0.044509,0.0096154,0,23.75,3.3333,0
-1.9322e-05,0.045257,0.011813,0,24.056,3.3333,0
-2.5166e-05,0.045625,0.013116,0,24.361,3.3333,0
-3.1634e-05,0.045659,0.014059,0,24.667,3.3333,0
-3.8245e-05,0.045392,0.015006,0,24.972,3.3333,0
-4.5842e-05,0.044905,0.016032,0,25.278,3.3333,0
-5.3826e-05,0.04433,0.017002,0,25.583,3.3333,0
-6.191e-05,0.043805,0.017709,0,25.889,3.3333,0
-7.1032e-05,0.043437,0.018049,0,26.194,3.3333,0
-7.931e-05,0.043334,0.017949,0,26.5,3.3333,0
-8.7411e-05,0.043722,0.017012,0,26.806,3.3333,0
-9.7092e-05,0.044948,0.014486,0,27.111,3.3333,0
-0.00010545,0.047152,0.0099598,0,27.417,3.3333,0
-0.00010876,0.049915,0.0041798,0,27.722,3.3333,0
-0.00010595,0.052429,-0.001271,0,28.028,3.3333,0
-9.935e-05,0.054095,-0.005183,0,28.333,3.3333,0
-9.1036e-05,0.054858,-0.0073772,0,28.639,3.3333,0
-8.216e-05,0.054998,-0.0083401,0,28.944,3.3333,0
-7.3865e-05,0.054811,-0.0086206,0,29.25,3.3333,0
-6.6511e-05,0.054472,-0.0085767,0,29.556,3.3333,0
-5.9891e-05,0.054065,-0.0083978,0,29.861,3.3333,0
-5.4037e-05,0.053629,-0.0081828,0,30.167,3.3333,0
-4.8868e-05,0.053191,-0.0079709,0,30.472,3.3333,0
-4.4305e-05,0.052769,-0.0077589,0,30.778,3.3333,0
-4.0265e-05,0.052371,-0.0075403,0,31.083,3.3333,0
-3.6682e-05,0.051991,-0.0073298,0,31.389,3.3333,0
-3.3501e-05,0.051614,-0.0071598,0,31.694,3.3333,0
-3.0665e-05,0.051228,-0.0070523,0,32,3.3333,0
-2.8118e-05,0.050836,-0.0069938,0,32.306,3.3333,0
-2.5821e-05,0.050447,-0.006937,0,32.611,3.3333,0
-2.3758e-05,0.050076,-0.0068339,0,32.917,3.3333,0
-2.1901e-05,0.049721,-0.0066737,0,33.222,3.3333,0
-2.0218e-05,0.04937,-0.0064927,0,33.528,3.3333,0
-1.8683e-05,0.049007,-0.006346,0,33.833,3.3333,0
-1.728e-05,0.048628,-0.0062609,0,34.139,3.3333,0
-1.6035e-05,0.048251,-0.0062107,0,34.444,3.3333,0
-1.4952e-05,0.047901,-0.0061302,0,34.75,3.3333,0
-1.3963e-05,0.047601,-0.0059629,0,35.056,3.3333,0
-1.3066e-05,0.047347,-0.0057039,0,35.361,3.3333,0
-1.2236e-05,0.04711,-0.0054141,0,35.667,3.3333,0
-1.1497e-05,0.046844,-0.0051938,0,35.972,3.3333,0
-1.0839e-05,0.046512,-0.0051268,0,36.278,3.3333,0
-1.0135e-05,0.046104,-0.0052221,0,36.583,3.3333,0
-9.5357e-06,0.045649,-0.0053845,0,36.889,3.3333,0
-8.8141e-06,0.045214,-0.0054368,0,37.194,3.3333,0
-7.9082e-06,0.044868,-0.0051446,0,37.5,3.3333,0
-7.3694e-06,0.044727,-0.0041295,0,37.806,3.3333,0
-7.0243e-06,0.04494,-0.001984,0,38.111,3.3333,0
-7.4525e-06,0.045472,0.0011171,0,38.417,3.3333,0
-8.8456e-06,0.046082,0.0043115,0,38.722,3.3333,0
-1.0548e-05,0.046572,0.006867,0,39.028,3.3333,0
-1.2723e-05,0.046893,0.0086101,0,39.333,3.3333,0
-1.4965e-05,0.047072,0.0096775,0,39.639,3.3333,0
-1.6808e-05,0.047138,0.010312,0,39.944,3.3333,0
-1.8602e-05,0.047076,0.010763,0,40.25,3.3333,0
-2.0695e-05,0.046863,0.011207,0,40.556,3.3333,0
-2.3003e-05,0.046502,0.01173,0,40.861,3.3333,0
-2.5498e-05,0.046039,0.012319,0,41.167,3.3333,0
-2.8191e-05,0.04555,0.012882,0,41.472,3.3333,0
-3.1128e-05,0.045118,0.013303,0,41.778,3.3333,0
-3.4473e-05,0.044787,0.013505,0,42.083,3.3333,0
-3.7582e-05,0.044595,0.013436,0,42.389,3.3333,0
-4.0074e-05,0.044632,0.012934,0,42.694,3.3333,0
-4.2939e-05,0.045089,0.01161,0,43,3.3333,0
-4.6185e-05,0.046148,0.0090899,0,43.306,3.3333,0
-4.8312e-05,0.047746,0.0054834,0,43.611,3.3333,0
-4.8454e-05,0.049541,0.0014892,0,43.917,3.3333,0
-4.6863e-05,0.05111,-0.0020092,0,44.222,3.3333,0
-4.404e-05,0.052195,-0.0044762,0,44.528,3.3333,0
-4.0464e-05,0.05279,-0.0059091,0,44.833,3.3333,0
-3.6818e-05,0.053029,-0.0066062,0,45.139,3.3333,0
-3.3361e-05,0.053049,-0.006878,0,45.444,3.3333,0
-2.9952e-05,0.052944,-0.0069299,0,45.75,3.3333,0
-2.6696e-05,0.052763,-0.0068707,0,46.056,3.3333,0
-2.3777e-05,0.052535,-0.0067599,0,46.361,3.3333,0
-2.1233e-05,0.05228,-0.0066294,0,46.667,3.3333,0
-1.895e-05,0.052013,-0.0064896,0,46.972,3.3333,0
-1.6906e-05,0.051745,-0.00634,0,47.278,3.3333,0
-1.5081e-05,0.051481,-0.0061815,0,47.583,3.3333,0
-1.3454e-05,0.051224,-0.0060229,0,47.889,3.3333,0
-1.2002e-05,0.050971,-0.0058808,0,48.194,3.3333,0
-1.0703e-05,0.050717,-0.0057724,0,48.5,3.3333,0
-9.5377e-06,0.050457,-0.0057071,0,48.806,3.3333,0
-8.4868e-06,0.050189,-0.0056786,0,49.111,3.3333,0
-7.5382e-06,0.049919,-0.0056647,0,49.417,3.3333,0
-6.6787e-06,0.049654,-0.0056341,0,49.722,3.3333,0
-5.9096e-06,0.049402,-0.0055596,0,50.028,3.3333,0
-5.2201e-06,0.049167,-0.005431,0,50.333,3.3333,0
-4.6126e-06,0.048945,-0.0052637,0,50.639,3.3333,0
-4.076e-06,0.048724,-0.0050967,0,50.944,3.3333,0
-3.587e-06,0.048486,-0.0049804,0,51.25,3.3333,0
-3.1569e-06,0.048218,-0.0049561,0,51.556,3.3333,0
-2.7318e-06,0.047914,-0.0050359,0,51.861,3.3333,0
-2.3274e-06,0.047583,-0.0051874,0,52.167,3.3333,0
-1.9547e-06,0.047247,-0.0053326,0,52.472,3.3333,0
-1.5013e-06,0.046938,-0.005361,0,52.778,3.3333,0
-1.1582e-06,0.046687,-0.0051362,0,53.083,3.3333,0
-7.6369e-07,0.046547,-0.0044499,0,53.389,3.3333,0
-4.98e-07,0.046576,-0.0030646,0,53.694,3.3333,0
-5.4132e-07,0.046779,-0.00095155,0,54,3.3333,0
-8.7095e-07,0.047076,0.0015236,0,54.306,3.3333,0
-1.6425e-06,0.047361,0.0038225,0,54.611,3.3333,0
-2.6245e-06,0.047573,0.0056199,0,54.917,3.3333,0
-3.7625e-06,0.047704,0.006875,0,55.222,3.3333,0
-4.9427e-06,0.047766,0.0076884,0,55.528,3.3333,0
-6.0811e-06,0.047765,0.0082077,0,55.833,3.3333,0
-7.2243e-06,0.04769,0.0085874,0,56.139,3.3333,0
-8.4131e-06,0.047528,0.0089435,0,56.444,3.3333,0
-9.6482e-06,0.047274,0.0093371,0,56.75,3.3333,0
-1.0947e-05,0.046949,0.0097736,0,57.056,3.3333,0
-1.2335e-05,0.04659,0.010211,0,57.361,3.3333,0
-1.3754e-05,0.046248,0.010581,0,57.667,3.3333,0
-1.5238e-05,0.045964,0.010816,0,57.972,3.3333,0
-1.6748e-05,0.04576,0.01088,0,58.278,3.3333,0
-1.8106e-05,0.045662,0.010726,0,58.583,3.3333,0
-1.9287e-05,0.045755,0.010196,0,58.889,3.3333,0
-2.1177e-05,0.046173,0.0089915,0,59.194,3.3333,0
-2.3091e-05,0.04702,0.0069334,0,59.5,3.3333,0
-2.4144e-05,0.048219,0.0041661,0,59.806,3.3333,0
-2.4422e-05,0.049546,0.0011711,0,60.111,3.3333,0
-2.3847e-05,0.050728,-0.0014771,0,60.417,3.3333,0
-2.2673e-05,0.051589,-0.0034395,0,60.722,3.3333,0
-2.1117e-05,0.052103,-0.0046607,0,61.028,3.3333,0
-1.9255e-05,0.052344,-0.0053077,0,61.333,3.3333,0
-1.7417e-05,0.052407,-0.0056057,0,61.639,3.3333,0
-1.5544e-05,0.052375,-0.0057091,0,61.944,3.3333,0
-1.4441e-05,0.05228,-0.0057134,0,62.25,3.3333,0
-1.2812e-05,0.052155,-0.0056522,0,62.556,3.3333,0
-1.1168e-05,0.051994,-0.0055497,0,62.861,3.3333,0
-1.0166e-05,0.051827,-0.0054275,0,63.167,3.3333,0
-9.0154e-06,0.051644,-0.0053132,0,63.472,3.3333,0
-8.0855e-06,0.051458,-0.0052174,0,63.778,3.3333,0
-7.4306e-06,0.05126,-0.0051294,0,64.083,3.3333,0
-6.4448e-06,0.051063,-0.0050661,0,64.389,3.3333,0
-6.1018e-06,0.050839,-0.0050018,0,64.694,3.3333,0
0,0.050666,-0.0049643,0,65,3.3333,0
4.5408e-05,0.052662,0.010211,0,10.306,4,0
2.3931e-05,0.053947,0.011823,0,10.611,4,0
-1.2011e-05,0.05644,0.012292,0,10.917,4,0
-5.8895e-05,0.059754,0.010632,0,11.222,4,0
-0.00010741,0.063346,0.0069118,0,11.528,4,0
-0.00013361,0.066364,0.0023515,0,11.833,4,0
-0.00014289,0.068001,-0.0015372,0,12.139,4,0
-0.00014756,0.067992,-0.0041243,0,12.444,4,0
-0.00014638,0.066886,-0.0056598,0,12.75,4,0
-0.00013948,0.065324,-0.0065462,0,13.056,4,0
-0.00013073,0.063677,-0.0070871,0,13.361,4,0
-0.00012171,0.062119,-0.0074482,0,13.667,4,0
-0.0001129,0.060699,-0.0076939,0,13.972,4,0
-0.00010454,0.059415,-0.0078683,0,14.278,4,0
-9.6724e-05,0.05825,-0.0079923,0,14.583,4,0
-8.9371e-05,0.057189,-0.00804,0,14.889,4,0
-8.2538e-05,0.056223,-0.007986,0,15.194,4,0
-7.6158e-05,0.055339,-0.0078667,0,15.5,4,0
-7.0227e-05,0.054524,-0.0077566,0,15.806,4,0
-6.4739e-05,0.05376,-0.0076886,0,16.111,4,0
-5.968e-05,0.053031,-0.0076303,0,16.417,4,0
-5.5008e-05,0.052334,-0.0075402,0,16.722,4,0
-5.0684e-05,0.05167,-0.0074261,0,17.028,4,0
-4.6671e-05,0.051049,-0.0073181,0,17.333,4,0
-4.293e-05,0.050481,-0.0071883,0,17.639,4,0
-3.9433e-05,0.049977,-0.006964,0,17.944,4,0
-3.6173e-05,0.049526,-0.0066484,0,18.25,4,0
-3.3103e-05,0.049092,-0.0063615,0,18.556,4,0
-3.0132e-05,0.048635,-0.0062008,0,18.861,4,0
-2.7223e-05,0.048147,-0.0060975,0,19.167,4,0
-2.4389e-05,0.047662,-0.0058721,0,19.472,4,0
-2.1673e-05,0.047217,-0.005438,0,19.778,4,0
-1.9114e-05,0.046799,-0.0049253,0,20.083,4,0
-1.6684e-05,0.046355,-0.0045491,0,20.389,4,0
-1.4326e-05,0.045875,-0.0043568,0,20.694,4,0
-1.1944e-05,0.045429,-0.0041559,0,21,4,0
-9.6029e-06,0.045083,-0.0037234,0,21.306,4,0
-7.3423e-06,0.044798,-0.0030755,0,21.611,4,0
-5.296e-06,0.044428,-0.0024749,0,21.917,4,0
-3.4735e-06,0.043879,-0.0021355,0,22.222,4,0
-1.5916e-06,0.043227,-0.001932,0,22.528,4,0
9.6705e-08,0.042735,-0.0013325,0,22.833,4,0
1.5395e-06,0.042804,0.00042323,0,23.139,4,0
1.2237e-06,0.04361,0.0035258,0,23.444,4,0
-2.3355e-06,0.044781,0.0071256,0,23.75,4,0
-8.1126e-06,0.045766,0.010237,0,24.056,4,0
-1.5104e-05,0.046275,0.012606,0,24.361,4,0
-2.3002e-05,0.0463,0.014457,0,24.667,4,0
-3.172e-05,0.046,0.015965,0,24.972,4,0
-4.108e-05,0.045588,0.017136,0,25.278,4,0
-5.2369e-05,0.045241,0.017906,0,25.583,4,0
-6.4578e-05,0.045105,0.018244,0,25.889,4,0
-7.4491e-05,0.045322,0.018042,0,26.194,4,0
-8.4435e-05,0.046143,0.016804,0,26.5,4,0
-9.5723e-05,0.047831,0.013863,0,26.806,4,0
-0.00010469,0.050322,0.0091542,0,27.111,4,0
-0.00010791,0.053084,0.0036279,0,27.417,4,0
-0.00010477,0.055376,-0.0012811,0,27.722,4,0
-9.7967e-05,0.056759,-0.0046778,0,28.028,4,0
-8.987e-05,0.05727,-0.006558,0,28.333,4,0
-8.1388e-05,0.057197,-0.0073948,0,28.639,4,0
-7.313e-05,0.056821,-0.0076571,0,28.944,4,0
-6.5565e-05,0.056317,-0.0076386,0,29.25,4,0
-5.8905e-05,0.055773,-0.0074927,0,29.556,4,0
-5.3088e-05,0.055233,-0.0073056,0,29.861,4,0
-4.795e-05,0.054715,-0.0071272,0,30.167,4,0
-4.338e-05,0.054224,-0.0069729,0,30.472,4,0
-3.931e-05,0.053762,-0.0068299,0,30.778,4,0
-3.5685e-05,0.053328,-0.0066761,0,31.083,4,0
-3.2445e-05,0.05292,-0.0065053,0,31.389,4,0
-2.9543e-05,0.052526,-0.0063376,0,31.694,4,0
-2.6925e-05,0.052133,-0.0062044,0,32,4,0
-2.4548e-05,0.051731,-0.0061196,0,32.306,4,0
-2.2385e-05,0.051323,-0.0060625,0,32.611,4,0
-2.0413e-05,0.050921,-0.0059887,0,32.917,4,0
-1.8612e-05,0.050537,-0.005865,0,33.222,4,0
-1.6976e-05,0.050174,-0.0056989,0,33.528,4,0
-1.5505e-05,0.04982,-0.0055393,0,33.833,4,0
-1.4203e-05,0.049461,-0.0054408,0,34.139,4,0
-1.3049e-05,0.049093,-0.0054183,0,34.444,4,0
-1.1991e-05,0.048731,-0.0054271,0,34.75,4,0
-1.0982e-05,0.048397,-0.0053866,0,35.056,4,0
-1.0046e-05,0.048107,-0.0052338,0,35.361,4,0
-9.192e-06,0.047858,-0.0049686,0,35.667,4,0
-8.3894e-06,0.04762,-0.0046634,0,35.972,4,0
-7.6939e-06,0.047352,-0.0044273,0,36.278,4,0
-6.9726e-06,0.047024,-0.0043436,0,36.583,4,0
-6.2905e-06,0.046632,-0.0044069,0,36.889,4,0
-5.6853e-06,0.04621,-0.0045018,0,37.194,4,0
-4.8134e-06,0.045817,-0.0044303,0,37.5,4,0
-4.0671e-06,0.045525,-0.0038979,0,37.806,4,0
-3.4165e-06,0.045468,-0.0024708,0,38.111,4,0
-3.0207e-06,0.045744,4.9182e-05,0,38.417,4,0
-3.7415e-06,0.046244,0.0031174,0,38.722,4,0
-5.2985e-06,0.04677,0.005895,0,39.028,4,0
-7.2305e-06,0.047181,0.0079692,0,39.333,4,0
-1.0046e-05,0.047396,0.0093795,0,39.639,4,0
-1.3327e-05,0.047393,0.010378,0,39.944,4,0
-1.6266e-05,0.047192,0.011213,0,40.25,4,0
-1.9234e-05,0.046838,0.012007,0,40.556,4,0
-2.2468e-05,0.046403,0.012748,0,40.861,4,0
-2.5843e-05,0.045979,0.013357,0,41.167,4,0
-2.9194e-05,0.045639,0.01375,0,41.472,4,0
-3.2864e-05,0.045413,0.013909,0,41.778,4,0
-3.6395e-05,0.045333,0.013813,0,42.083,4,0
-3.9845e-05,0.045512,0.013251,0,42.389,4,0
-4.4073e-05,0.046166,0.011782,0,42.694,4,0
-4.8124e-05,0.047444,0.0090768,0,43,4,0
-5.0546e-05,0.049222,0.0053489,0,43.306,4,0
-5.0701e-05,0.051111,0.0013581,0,43.611,4,0
-4.8851e-05,0.052691,-0.0020465,0,43.917,4,0
-4.5694e-05,0.053733,-0.0044009,0,44.222,4,0
-4.1863e-05,0.054259,-0.0057431,0,44.528,4,0
-3.7774e-05,0.054421,-0.0063732,0,44.833,4,0
-3.385e-05,0.054365,-0.0065889,0,45.139,4,0
-3.0393e-05,0.054187,-0.0065893,0,45.444,4,0
-2.7208e-05,0.053941,-0.0064816,0,45.75,4,0
-2.4223e-05,0.053655,-0.0063243,0,46.056,4,0
-2.1535e-05,0.053348,-0.0061574,0,46.361,4,0
-1.9141e-05,0.053031,-0.0060008,0,46.667,4,0
-1.6996e-05,0.052714,-0.0058579,0,46.972,4,0
-1.5078e-05,0.052401,-0.0057229,0,47.278,4,0
-1.3363e-05,0.052098,-0.0055895,0,47.583,4,0
-1.1829e-05,0.051808,-0.0054562,0,47.889,4,0
-1.0453e-05,0.05153,-0.005329,0,48.194,4,0
-9.2141e-06,0.051262,-0.0052189,0,48.5,4,0
-8.0929e-06,0.050998,-0.0051367,0,48.806,4,0
-7.0738e-06,0.050731,-0.0050853,0,49.111,4,0
-6.1461e-06,0.05046,-0.0050558,0,49.417,4,0
-5.3018e-06,0.050184,-0.0050277,0,49.722,4,0
-4.5364e-06,0.04991,-0.0049762,0,50.028,4,0
-3.8462e-06,0.049647,-0.0048817,0,50.333,4,0
-3.2291e-06,0.049399,-0.0047423,0,50.639,4,0
-2.6793e-06,0.049166,-0.0045785,0,50.944,4,0
-2.1891e-06,0.048938,-0.0044306,0,51.25,4,0
-1.7326e-06,0.048703,-0.004345,0,51.556,4,0
-1.316e-06,0.048446,-0.0043541,0,51.861,4,0
-8.9494e-07,0.048161,-0.0044566,0,52.167,4,0
-4.7213e-07,0.047853,-0.0046049,0,52.472,4,0
-5.7318e-08,0.047541,-0.0047066,0,52.778,4,0
4.6012e-07,0.047254,-0.004637,0,53.083,4,0
1.0574e-06,0.047027,-0.0042139,0,53.389,4,0
1.3709e-06,0.046917,-0.0031772,0,53.694,4,0
1.4353e-06,0.046975,-0.0013773,0,54,4,0
1.2141e-06,0.047181,0.00095404,0,54.306,4,0
6.7088e-07,0.047456,0.003297,0,54.611,4,0
-2.0574e-07,0.04771,0.0052301,0,54.917,4,0
-1.5509e-06,0.047888,0.0066326,0,55.222,4,0
-3.0717e-06,0.047961,0.0076028,0,55.528,4,0
-4.6205e-06,0.047917,0.0083151,0,55.833,4,0
-6.2534e-06,0.047754,0.0089197,0,56.139,4,0
-7.9195e-06,0.04749,0.0094987,0,56.444,4,0
-9.6369e-06,0.047159,0.010062,0,56.75,4,0
-1.1464e-05,0.046813,0.010566,0,57.056,4,0
-1.3319e-05,0.046506,0.010949,0,57.361,4,0
-1.5163e-05,0.046273,0.011166,0,57.667,4,0
-1.7098e-05,0.046123,0.01121,0,57.972,4,0
-1.8461e-05,0.046085,0.011044,0,58.278,4,0
-2.02e-05,0.046247,0.010474,0,58.583,4,0
-2.2613e-05,0.046777,0.0091967,0,58.889,4,0
-2.4735e-05,0.047748,0.007028,0,59.194,4,0
-2.6037e-05,0.049065,0.0041755,0,59.5,4,0
-2.6226e-05,0.050469,0.0011506,0,59.806,4,0
-2.5576e-05,0.051685,-0.0014863,0,60.111,4,0
-2.4306e-05,0.052544,-0.0033912,0,60.417,4,0
-2.2656e-05,0.053037,-0.0045661,0,60.722,4,0
-2.082e-05,0.053247,-0.0051719,0,61.028,4,0
-1.8739e-05,0.053282,-0.0054311,0,61.333,4,0
-1.717e-05,0.053218,-0.0055151,0,61.639,4,0
-1.5142e-05,0.053102,-0.0054905,0,61.944,4,0
-1.3484e-05,0.052936,-0.0054028,0,62.25,4,0
-1.2189e-05,0.052754,-0.0052804,0,62.556,4,0
-1.074e-05,0.052548,-0.0051461,0,62.861,4,0
-9.7919e-06,0.052343,-0.0050085,0,63.167,4,0
-8.7891e-06,0.05213,-0.0048832,0,63.472,4,0
-7.9721e-06,0.051922,-0.004778,0,63.778,4,0
-7.4214e-06,0.051708,-0.0046801,0,64.083,4,0
-6.5452e-06,0.051501,-0.0046019,0,64.389,4,0
-6.35e-06,0.05127,-0.0045309,0,64.694,4,0
0,0.05109,-0.0044944,0,65,4,0
1.5927e-05,0.058082,0.0064829,0,10.306,4.6667,0
7.0508e-06,0.059757,0.0067619,0,10.611,4.6667,0
-8.579e-06,0.061796,0.0062318,0,10.917,4.6667,0
-2.6828e-05,0.063779,0.0049028,0,11.222,4.6667,0
-4.7886e-05,0.065278,0.0031696,0,11.528,4.6667,0
-6.6424e-05,0.065908,0.0014716,0,11.833,4.6667,0
-8.0851e-05,0.065721,-7.77e-05,0,12.139,4.6667,0
-8.9496e-05,0.064999,-0.0014568,0,12.444,4.6667,0
-9.4379e-05,0.064025,-0.0026205,0,12.75,4.6667,0
-9.5759e-05,0.062969,-0.0035555,0,13.056,4.6667,0
-9.4744e-05,0.061914,-0.0042858,0,13.361,4.6667,0
-9.2223e-05,0.060888,-0.0048478,0,13.667,4.6667,0
-8.8758e-05,0.059905,-0.0052795,0,13.972,4.6667,0
-8.4678e-05,0.058971,-0.0056092,0,14.278,4.6667,0
-8.022e-05,0.05808,-0.0058539,0,14.583,4.6667,0
-7.5534e-05,0.057229,-0.0060285,0,14.889,4.6667,0
-7.0826e-05,0.056429,-0.0061568,0,15.194,4.6667,0
-6.6204e-05,0.055691,-0.0062544,0,15.5,4.6667,0
-6.1713e-05,0.05501,-0.0063069,0,15.806,4.6667,0
-5.7388e-05,0.054367,-0.0062877,0,16.111,4.6667,0
-5.3241e-05,0.053749,-0.0062021,0,16.417,4.6667,0
-4.9281e-05,0.05315,-0.0061002,0,16.722,4.6667,0
-4.5514e-05,0.05257,-0.0060366,0,17.028,4.6667,0
-4.1932e-05,0.052002,-0.0060172,0,17.333,4.6667,0
-3.8518e-05,0.051439,-0.0059855,0,17.639,4.6667,0
-3.5275e-05,0.050894,-0.0058762,0,17.944,4.6667,0
-3.2183e-05,0.050392,-0.0056864,0,18.25,4.6667,0
-2.9177e-05,0.049941,-0.0054768,0,18.556,4.6667,0
-2.6245e-05,0.049518,-0.0052961,0,18.861,4.6667,0
-2.3409e-05,0.049095,-0.0051246,0,19.167,4.6667,0
-2.0659e-05,0.048672,-0.0048959,0,19.472,4.6667,0
-1.8012e-05,0.048273,-0.0045583,0,19.778,4.6667,0
-1.5487e-05,0.047915,-0.0041396,0,20.083,4.6667,0
-1.3077e-05,0.047584,-0.0037572,0,20.389,4.6667,0
-1.0703e-05,0.047251,-0.0035183,0,20.694,4.6667,0
-8.2703e-06,0.046919,-0.0033714,0,21,4.6667,0
-5.8494e-06,0.046619,-0.0030985,0,21.306,4.6667,0
-3.4776e-06,0.046371,-0.0025228,0,21.611,4.6667,0
-1.3232e-06,0.046137,-0.0017326,0,21.917,4.6667,0
4.6561e-07,0.045844,-0.0010402,0,22.222,4.6667,0
2.2896e-06,0.045468,-0.00066246,0,22.528,4.6667,0
3.9225e-06,0.045084,-0.00042768,0,22.833,4.6667,0
5.4499e-06,0.04489,0.00019359,0,23.139,4.6667,0
6.9334e-06,0.045153,0.0018942,0,23.444,4.6667,0
5.5418e-06,0.045857,0.0049081,0,23.75,4.6667,0
3.34e-07,0.046602,0.0085536,0,24.056,4.6667,0
-6.7675e-06,0.04704,0.011949,0,24.361,4.6667,0
-1.5541e-05,0.047124,0.014654,0,24.667,4.6667,0
-2.6077e-05,0.047018,0.01656,0,24.972,4.6667,0
-3.6936e-05,0.046968,0.017678,0,25.278,4.6667,0
-4.8315e-05,0.047192,0.018049,0,25.583,4.6667,0
-6.1375e-05,0.047895,0.01755,0,25.889,4.6667,0
-7.364e-05,0.049285,0.015783,0,26.194,4.6667,0
-8.5012e-05,0.051432,0.012461,0,26.5,4.6667,0
-9.3915e-05,0.054066,0.0078894,0,26.806,4.6667,0
-9.65e-05,0.0566,0.0030314,0,27.111,4.6667,0
-9.4044e-05,0.058458,-0.001053,0,27.417,4.6667,0
-8.8721e-05,0.059408,-0.0038349,0,27.722,4.6667,0
-8.1967e-05,0.059588,-0.005404,0,28.028,4.6667,0
-7.4691e-05,0.059289,-0.0061391,0,28.333,4.6667,0
-6.7547e-05,0.058755,-0.0063981,0,28.639,4.6667,0
-6.0965e-05,0.058131,-0.0064186,0,28.944,4.6667,0
-5.5037e-05,0.057488,-0.0063336,0,29.25,4.6667,0
-4.9751e-05,0.056857,-0.006212,0,29.556,4.6667,0
-4.5055e-05,0.056253,-0.0060892,0,29.861,4.6667,0
-4.0874e-05,0.055674,-0.0059821,0,30.167,4.6667,0
-3.7121e-05,0.055118,-0.0058916,0,30.472,4.6667,0
-3.3744e-05,0.054582,-0.0058044,0,30.778,4.6667,0
-3.07e-05,0.054068,-0.005703,0,31.083,4.6667,0
-2.795e-05,0.053581,-0.0055791,0,31.389,4.6667,0
-2.5453e-05,0.053125,-0.0054434,0,31.694,4.6667,0
-2.3171e-05,0.052696,-0.0053196,0,32,4.6667,0
-2.1082e-05,0.052284,-0.0052279,0,32.306,4.6667,0
-1.9161e-05,0.051883,-0.0051687,0,32.611,4.6667,0
-1.7385e-05,0.051491,-0.0051182,0,32.917,4.6667,0
-1.5752e-05,0.051115,-0.0050439,0,33.222,4.6667,0
-1.4268e-05,0.05076,-0.0049295,0,33.528,4.6667,0
-1.2932e-05,0.050426,-0.0047924,0,33.833,4.6667,0
-1.1728e-05,0.050103,-0.004676,0,34.139,4.6667,0
-1.0585e-05,0.049776,-0.0046166,0,34.444,4.6667,0
-9.473e-06,0.049441,-0.0046097,0,34.75,4.6667,0
-8.4206e-06,0.049104,-0.004603,0,35.056,4.6667,0
-7.4343e-06,0.048781,-0.0045288,0,35.361,4.6667,0
-6.5431e-06,0.048486,-0.0043499,0,35.667,4.6667,0
-5.7115e-06,0.048222,-0.0040898,0,35.972,4.6667,0
-4.9625e-06,0.047976,-0.0038268,0,36.278,4.6667,0
-4.3054e-06,0.047725,-0.0036522,0,36.583,4.6667,0
-3.6071e-06,0.047449,-0.0036107,0,36.889,4.6667,0
-3.0585e-06,0.047145,-0.0036562,0,37.194,4.6667,0
-2.341e-06,0.046838,-0.0036488,0,37.5,4.6667,0
-1.3331e-06,0.04657,-0.0033686,0,37.806,4.6667,0
-3.97e-07,0.046429,-0.002459,0,38.111,4.6667,0
3.999e-07,0.046539,-0.00057768,0,38.417,4.6667,0
1.1902e-07,0.046887,0.0020704,0,38.722,4.6667,0
-1.4994e-06,0.047299,0.0048252,0,39.028,4.6667,0
-3.5766e-06,0.047599,0.0072436,0,39.333,4.6667,0
-6.1497e-06,0.047684,0.0092144,0,39.639,4.6667,0
-9.683e-06,0.047549,0.010759,0,39.944,4.6667,0
-1.3646e-05,0.047258,0.011973,0,40.25,4.6667,0
-1.7609e-05,0.046904,0.012928,0,40.556,4.6667,0
-2.1592e-05,0.046583,0.013605,0,40.861,4.6667,0
-2.6027e-05,0.046356,0.013988,0,41.167,4.6667,0
-3.0978e-05,0.046249,0.014112,0,41.472,4.6667,0
-3.4821e-05,0.04631,0.013968,0,41.778,4.6667,0
-3.8416e-05,0.04669,0.013291,0,42.083,4.6667,0
-4.3219e-05,0.047604,0.011614,0,42.389,4.6667,0
-4.773e-05,0.049125,0.0087145,0,42.694,4.6667,0
-5.0339e-05,0.05104,0.0049441,0,43,4.6667,0
-5.0455e-05,0.05293,0.0010918,0,43.306,4.6667,0
-4.8467e-05,0.054406,-0.0020835,0,43.611,4.6667,0
-4.5251e-05,0.055302,-0.0042292,0,43.917,4.6667,0
-4.1429e-05,0.055682,-0.0054313,0,44.222,4.6667,0
-3.7399e-05,0.055711,-0.0059779,0,44.528,4.6667,0
-3.3514e-05,0.055539,-0.0061399,0,44.833,4.6667,0
-2.9857e-05,0.055262,-0.0060976,0,45.139,4.6667,0
-2.6577e-05,0.054932,-0.0059537,0,45.444,4.6667,0
-2.3717e-05,0.054577,-0.0057674,0,45.75,4.6667,0
-2.1122e-05,0.054216,-0.0055761,0,46.056,4.6667,0
-1.876e-05,0.053859,-0.0054001,0,46.361,4.6667,0
-1.6631e-05,0.053509,-0.0052473,0,46.667,4.6667,0
-1.471e-05,0.053168,-0.0051153,0,46.972,4.6667,0
-1.2982e-05,0.052838,-0.0049969,0,47.278,4.6667,0
-1.1413e-05,0.052519,-0.0048864,0,47.583,4.6667,0
-9.9878e-06,0.052209,-0.0047828,0,47.889,4.6667,0
-8.6907e-06,0.051909,-0.0046895,0,48.194,4.6667,0
-7.5154e-06,0.051619,-0.0046108,0,48.5,4.6667,0
-6.4495e-06,0.051339,-0.0045498,0,48.806,4.6667,0
-5.4818e-06,0.051069,-0.004505,0,49.111,4.6667,0
-4.5978e-06,0.050804,-0.0044701,0,49.417,4.6667,0
-3.7897e-06,0.050543,-0.0044348,0,49.722,4.6667,0
-3.0486e-06,0.050285,-0.0043868,0,50.028,4.6667,0
-2.3871e-06,0.050033,-0.0043146,0,50.333,4.6667,0
-1.8091e-06,0.049791,-0.0042141,0,50.639,4.6667,0
-1.2987e-06,0.049565,-0.0040926,0,50.944,4.6667,0
-8.5048e-07,0.049356,-0.003972,0,51.25,4.6667,0
-4.3443e-07,0.049159,-0.0038826,0,51.556,4.6667,0
-6.1719e-08,0.048964,-0.0038526,0,51.861,4.6667,0
3.1231e-07,0.048759,-0.0038922,0,52.167,4.6667,0
7.0279e-07,0.048535,-0.0039797,0,52.472,4.6667,0
1.0726e-06,0.048294,-0.004053,0,52.778,4.6667,0
1.5474e-06,0.04805,-0.0040131,0,53.083,4.6667,0
2.1198e-06,0.047829,-0.0037162,0,53.389,4.6667,0
2.7033e-06,0.047682,-0.00295,0,53.694,4.6667,0
3.1419e-06,0.047673,-0.0015266,0,54,4.6667,0
3.1003e-06,0.04781,0.00047506,0,54.306,4.6667,0
2.4623e-06,0.048025,0.0026701,0,54.611,4.6667,0
1.378e-06,0.048217,0.0046756,0,54.917,4.6667,0
8.287e-09,0.048311,0.0063267,0,55.222,4.6667,0
-1.6817e-06,0.048266,0.0076265,0,55.528,4.6667,0
-3.5396e-06,0.048087,0.0086598,0,55.833,4.6667,0
-5.436e-06,0.047804,0.0095186,0,56.139,4.6667,0
-7.4031e-06,0.047472,0.010242,0,56.444,4.6667,0
-9.5058e-06,0.047151,0.010813,0,56.75,4.6667,0
-1.1692e-05,0.046893,0.011198,0,57.056,4.6667,0
-1.4168e-05,0.046719,0.011391,0,57.361,4.6667,0
-1.6655e-05,0.046634,0.011415,0,57.667,4.6667,0
-1.8923e-05,0.046666,0.01123,0,57.972,4.6667,0
-2.0722e-05,0.046941,0.010609,0,58.278,4.6667,0
-2.3256e-05,0.047609,0.0092111,0,58.583,4.6667,0
-2.5792e-05,0.048738,0.0069202,0,58.889,4.6667,0
-2.7037e-05,0.050174,0.0040005,0,59.194,4.6667,0
-2.7345e-05,0.051642,0.00099593,0,59.5,4.6667,0
-2.6544e-05,0.052867,-0.001552,0,59.806,4.6667,0
-2.4958e-05,0.053701,-0.0033547,0,60.111,4.6667,0
-2.3014e-05,0.054155,-0.0044259,0,60.417,4.6667,0
-2.1081e-05,0.054327,-0.0049729,0,60.722,4.6667,0
-1.961e-05,0.054323,-0.0051938,0,61.028,4.6667,0
-1.7497e-05,0.054229,-0.0052474,0,61.333,4.6667,0
-1.5775e-05,0.054073,-0.0052091,0,61.639,4.6667,0
-1.4117e-05,0.053891,-0.0050964,0,61.944,4.6667,0
-1.2387e-05,0.05368,-0.0049538,0,62.25,4.6667,0
-1.1312e-05,0.053467,-0.0048037,0,62.556,4.6667,0
-1.0125e-05,0.053242,-0.0046553,0,62.861,4.6667,0
-9.2214e-06,0.053019,-0.0045137,0,63.167,4.6667,0
-8.3813e-06,0.052791,-0.0043945,0,63.472,4.6667,0
-7.6896e-06,0.052569,-0.0042982,0,63.778,4.6667,0
-7.2623e-06,0.052345,-0.0042085,0,64.083,4.6667,0
-6.513e-06,0.052132,-0.0041335,0,64.389,4.6667,0
-6.4333e-06,0.051902,-0.0040652,0,64.694,4.6667,0
0,0.051722,-0.0040308,0,65,4.6667,0
-1.2948e-05,0.058797,0.0035521,0,10.306,5.3333,0
-1.9449e-05,0.059859,0.0037043,0,10.611,5.3333,0
-2.9463e-05,0.06091,0.0035083,0,10.917,5.3333,0
-4.0298e-05,0.061753,0.002996,0,11.222,5.3333,0
-5.121e-05,0.062291,0.002227,0,11.528,5.3333,0
-5.9751e-05,0.062511,0.0013452,0,11.833,5.3333,0
-6.6912e-05,0.062474,0.00043893,0,12.139,5.3333,0
-7.2048e-05,0.062222,-0.00043515,0,12.444,5.3333,0
-7.5234e-05,0.061801,-0.0012378,0,12.75,5.3333,0
-7.6603e-05,0.061263,-0.0019421,0,13.056,5.3333,0
-7.6548e-05,0.060649,-0.0025467,0,13.361,5.3333,0
-7.5407e-05,0.059993,-0.0030653,0,13.667,5.3333,0
-7.3448e-05,0.059316,-0.0035108,0,13.972,5.3333,0
-7.0908e-05,0.058632,-0.0038851,0,14.278,5.3333,0
-6.7999e-05,0.057949,-0.0041908,0,14.583,5.3333,0
-6.4834e-05,0.057274,-0.0044371,0,14.889,5.3333,0
-6.1507e-05,0.056613,-0.0046296,0,15.194,5.3333,0
-5.8091e-05,0.055967,-0.0047692,0,15.5,5.3333,0
-5.4628e-05,0.055337,-0.0048666,0,15.806,5.3333,0
-5.1179e-05,0.05473,-0.0049363,0,16.111,5.3333,0
-4.7781e-05,0.054161,-0.0049754,0,16.417,5.3333,0
-4.4454e-05,0.053636,-0.0049693,0,16.722,5.3333,0
-4.1201e-05,0.053142,-0.0049202,0,17.028,5.3333,0
-3.8007e-05,0.052661,-0.0048492,0,17.333,5.3333,0
-3.4879e-05,0.05218,-0.0047709,0,17.639,5.3333,0
-3.1831e-05,0.051704,-0.0046799,0,17.944,5.3333,0
-2.887e-05,0.05125,-0.0045693,0,18.25,5.3333,0
-2.602e-05,0.05082,-0.0044533,0,18.556,5.3333,0
-2.3305e-05,0.050404,-0.0043535,0,18.861,5.3333,0
-2.0662e-05,0.049999,-0.0042519,0,19.167,5.3333,0
-1.805e-05,0.049616,-0.0040801,0,19.472,5.3333,0
-1.5502e-05,0.049267,-0.003788,0,19.778,5.3333,0
-1.3044e-05,0.048957,-0.0034205,0,20.083,5.3333,0
-1.0658e-05,0.048684,-0.0030995,0,20.389,5.3333,0
-8.2947e-06,0.048431,-0.002906,0,20.694,5.3333,0
-5.9008e-06,0.048177,-0.0027757,0,21,5.3333,0
-3.4659e-06,0.047917,-0.0025279,0,21.306,5.3333,0
-1.1522e-06,0.047674,-0.0020252,0,21.611,5.3333,0
9.7438e-07,0.047476,-0.001327,0,21.917,5.3333,0
2.8229e-06,0.047327,-0.00067438,0,22.222,5.3333,0
4.3941e-06,0.047201,-0.00027514,0,22.528,5.3333,0
6.0474e-06,0.047081,-7.2998e-05,0,22.833,5.3333,0
7.2441e-06,0.046992,0.00028011,0,23.139,5.3333,0
8.711e-06,0.047039,0.0014096,0,23.444,5.3333,0
9.0621e-06,0.047301,0.0039528,0,23.75,5.3333,0
6.007e-06,0.047664,0.0076576,0,24.056,5.3333,0
1.7019e-07,0.047982,0.011466,0,24.361,5.3333,0
-7.6751e-06,0.048292,0.0145,0,24.667,5.3333,0
-1.7605e-05,0.04877,0.016308,0,24.972,5.3333,0
-3.0335e-05,0.049618,0.016757,0,25.278,5.3333,0
-4.2962e-05,0.050992,0.015872,0,25.583,5.3333,0
-5.3793e-05,0.05294,0.013675,0,25.889,5.3333,0
-6.3713e-05,0.05533,0.010322,0,26.194,5.3333,0
-7.0508e-05,0.057784,0.0063727,0,26.5,5.3333,0
-7.3238e-05,0.059808,0.0026028,0,26.806,5.3333,0
-7.2688e-05,0.061071,-0.00042092,0,27.111,5.3333,0
-6.9772e-05,0.061525,-0.0024977,0,27.417,5.3333,0
-6.6049e-05,0.061361,-0.003746,0,27.722,5.3333,0
-6.166e-05,0.060832,-0.0044177,0,28.028,5.3333,0
-5.6787e-05,0.060133,-0.0047387,0,28.333,5.3333,0
-5.2067e-05,0.059384,-0.0048671,0,28.639,5.3333,0
-4.7686e-05,0.058647,-0.0048923,0,28.944,5.3333,0
-4.3665e-05,0.057948,-0.0048606,0,29.25,5.3333,0
-3.9995e-05,0.057292,-0.0047983,0,29.556,5.3333,0
-3.6633e-05,0.056674,-0.004724,0,29.861,5.3333,0
-3.3547e-05,0.056087,-0.0046514,0,30.167,5.3333,0
-3.0705e-05,0.055523,-0.0045892,0,30.472,5.3333,0
-2.8083e-05,0.05498,-0.0045385,0,30.778,5.3333,0
-2.5664e-05,0.05446,-0.004494,0,31.083,5.3333,0
-2.3433e-05,0.053968,-0.0044495,0,31.389,5.3333,0
-2.1373e-05,0.053506,-0.0044053,0,31.694,5.3333,0
-1.9468e-05,0.053072,-0.0043684,0,32,5.3333,0
-1.7699e-05,0.052663,-0.0043451,0,32.306,5.3333,0
-1.6047e-05,0.052274,-0.004332,0,32.611,5.3333,0
-1.4502e-05,0.0519,-0.0043134,0,32.917,5.3333,0
-1.3061e-05,0.051541,-0.0042705,0,33.222,5.3333,0
-1.172e-05,0.051199,-0.0041964,0,33.528,5.3333,0
-1.0463e-05,0.050875,-0.0041046,0,33.833,5.3333,0
-9.2696e-06,0.050569,-0.0040231,0,34.139,5.3333,0
-8.1171e-06,0.050275,-0.0039754,0,34.444,5.3333,0
-7.0178e-06,0.049987,-0.0039601,0,34.75,5.3333,0
-5.9911e-06,0.0497,-0.0039451,0,35.056,5.3333,0
-5.016e-06,0.049416,-0.0038846,0,35.361,5.3333,0
-4.1358e-06,0.049142,-0.0037493,0,35.667,5.3333,0
-3.3353e-06,0.048885,-0.0035508,0,35.972,5.3333,0
-2.604e-06,0.048648,-0.0033425,0,36.278,5.3333,0
-2.0173e-06,0.048428,-0.0031931,0,36.583,5.3333,0
-1.3803e-06,0.048218,-0.0031437,0,36.889,5.3333,0
-9.0669e-07,0.04801,-0.0031688,0,37.194,5.3333,0
-4.388e-07,0.047808,-0.0031735,0,37.5,5.3333,0
3.194e-07,0.047628,-0.0030084,0,37.806,5.3333,0
7.3789e-07,0.047519,-0.0024044,0,38.111,5.3333,0
1.1349e-06,0.047577,-0.0009526,0,38.417,5.3333,0
1.0678e-06,0.04779,0.001454,0,38.722,5.3333,0
-6.5762e-07,0.047988,0.0043402,0,39.028,5.3333,0
-3.2527e-06,0.048043,0.0071269,0,39.333,5.3333,0
-5.6222e-06,0.047954,0.0094816,0,39.639,5.3333,0
-8.422e-06,0.047761,0.011302,0,39.944,5.3333,0
-1.201e-05,0.047528,0.01262,0,40.25,5.3333,0
-1.6082e-05,0.04733,0.01348,0,40.556,5.3333,0
-2.1079e-05,0.047227,0.01394,0,40.861,5.3333,0
-2.6304e-05,0.047267,0.01408,0,41.167,5.3333,0
-3.097e-05,0.047538,0.013855,0,41.472,5.3333,0
-3.5595e-05,0.048209,0.012947,0,41.778,5.3333,0
-4.0603e-05,0.049442,0.010982,0,42.083,5.3333,0
-4.4951e-05,0.051198,0.0079344,0,42.389,5.3333,0
-4.7328e-05,0.053178,0.0042853,0,42.694,5.3333,0
-4.7372e-05,0.054969,0.00077767,0,43,5.3333,0
-4.5274e-05,0.056259,-0.0019916,0,43.306,5.3333,0
-4.2056e-05,0.056955,-0.0038157,0,43.611,5.3333,0
-3.8571e-05,0.057162,-0.0048301,0,43.917,5.3333,0
-3.4967e-05,0.057049,-0.0052939,0,44.222,5.3333,0
-3.1402e-05,0.056761,-0.0054318,0,44.528,5.3333,0
-2.8065e-05,0.056393,-0.0053929,0,44.833,5.3333,0
-2.502e-05,0.055997,-0.0052643,0,45.139,5.3333,0
-2.2277e-05,0.0556,-0.0050967,0,45.444,5.3333,0
-1.981e-05,0.055214,-0.0049207,0,45.75,5.3333,0
-1.7584e-05,0.054845,-0.0047557,0,46.056,5.3333,0
-1.5563e-05,0.054491,-0.004613,0,46.361,5.3333,0
-1.3728e-05,0.054151,-0.0044949,0,46.667,5.3333,0
-1.2056e-05,0.053822,-0.0043956,0,46.972,5.3333,0
-1.0529e-05,0.053506,-0.004305,0,47.278,5.3333,0
-9.1275e-06,0.053199,-0.0042152,0,47.583,5.3333,0
-7.851e-06,0.0529,-0.004125,0,47.889,5.3333,0
-6.6891e-06,0.052605,-0.0040421,0,48.194,5.3333,0
-5.6389e-06,0.052312,-0.0039765,0,48.5,5.3333,0
-4.6857e-06,0.052021,-0.0039356,0,48.806,5.3333,0
-3.82e-06,0.051736,-0.003917,0,49.111,5.3333,0
-3.0277e-06,0.051459,-0.0039091,0,49.417,5.3333,0
-2.307e-06,0.051194,-0.0038958,0,49.722,5.3333,0
-1.6501e-06,0.050938,-0.0038629,0,50.028,5.3333,0
-1.0693e-06,0.050686,-0.0038037,0,50.333,5.3333,0
-5.5607e-07,0.050436,-0.0037215,0,50.639,5.3333,0
-1.0028e-07,0.05019,-0.0036287,0,50.944,5.3333,0
2.912e-07,0.049954,-0.0035447,0,51.25,5.3333,0
6.417e-07,0.049731,-0.0034903,0,51.556,5.3333,0
9.3779e-07,0.049526,-0.0034819,0,51.861,5.3333,0
1.2024e-06,0.049337,-0.0035218,0,52.167,5.3333,0
1.4642e-06,0.049159,-0.0035914,0,52.472,5.3333,0
1.6679e-06,0.048987,-0.0036465,0,52.778,5.3333,0
1.897e-06,0.048823,-0.0036208,0,53.083,5.3333,0
2.2575e-06,0.048682,-0.0034127,0,53.389,5.3333,0
2.7333e-06,0.048596,-0.0028383,0,53.694,5.3333,0
3.1093e-06,0.048603,-0.0016567,0,54,5.3333,0
3.1425e-06,0.048682,0.00018521,0,54.306,5.3333,0
2.5208e-06,0.048757,0.0024059,0,54.611,5.3333,0
1.2037e-06,0.048751,0.0046041,0,54.917,5.3333,0
-1.8025e-07,0.048635,0.0065245,0,55.222,5.3333,0
-1.603e-06,0.048423,0.0080908,0,55.528,5.3333,0
-3.3363e-06,0.048149,0.009321,0,55.833,5.3333,0
-5.3548e-06,0.047853,0.010258,0,56.139,5.3333,0
-7.4545e-06,0.047592,0.010924,0,56.444,5.3333,0
-9.6758e-06,0.047405,0.011326,0,56.75,5.3333,0
-1.227e-05,0.047306,0.011507,0,57.056,5.3333,0
-1.5161e-05,0.047293,0.011514,0,57.361,5.3333,0
-1.7553e-05,0.047434,0.011282,0,57.667,5.3333,0
-2.0341e-05,0.047856,0.010543,0,57.972,5.3333,0
-2.3163e-05,0.048721,0.0089795,0,58.278,5.3333,0
-2.5402e-05,0.050017,0.0065506,0,58.583,5.3333,0
-2.6845e-05,0.051556,0.0036039,0,58.889,5.3333,0
-2.6988e-05,0.05304,0.00069228,0,59.194,5.3333,0
-2.6128e-05,0.054219,-0.0016996,0,59.5,5.3333,0
-2.4524e-05,0.054985,-0.0033426,0,59.806,5.3333,0
-2.2505e-05,0.055374,-0.0042964,0,60.111,5.3333,0
-2.0502e-05,0.055495,-0.0047566,0,60.417,5.3333,0
-1.8329e-05,0.055454,-0.0049341,0,60.722,5.3333,0
-1.699e-05,0.055315,-0.0049532,0,61.028,5.3333,0
-1.5333e-05,0.055132,-0.0048886,0,61.333,5.3333,0
-1.3569e-05,0.054904,-0.0047766,0,61.639,5.3333,0
-1.2418e-05,0.054668,-0.00463,0,61.944,5.3333,0
-1.1127e-05,0.054423,-0.0044793,0,62.25,5.3333,0
-1.0198e-05,0.054183,-0.0043242,0,62.556,5.3333,0
-9.2724e-06,0.05394,-0.0041709,0,62.861,5.3333,0
-8.5322e-06,0.053701,-0.0040234,0,63.167,5.3333,0
-7.8735e-06,0.053457,-0.0039013,0,63.472,5.3333,0
-7.3347e-06,0.053215,-0.0038065,0,63.778,5.3333,0
-7.0916e-06,0.052972,-0.0037237,0,64.083,5.3333,0
-6.4519e-06,0.052741,-0.0036581,0,64.389,5.3333,0
-6.5576e-06,0.052494,-0.0035958,0,64.694,5.3333,0
0,0.052304,-0.003563,0,65,5.3333,0
-3.8772e-05,0.05821,0.0019982,0,10.306,6,0
-4.0677e-05,0.058797,0.0021534,0,10.611,6,0
-4.4209e-05,0.059362,0.0021152,0,10.917,6,0
-4.8245e-05,0.059845,0.001905,0,11.222,6,0
-5.2954e-05,0.060198,0.0015467,0,11.528,6,0
-5.7371e-05,0.060397,0.0010898,0,11.833,6,0
-6.1226e-05,0.060447,0.00056826,0,12.139,6,0
-6.4137e-05,0.06036,2.1339e-05,0,12.444,6,0
-6.6063e-05,0.060153,-0.0005212,0,12.75,6,0
-6.6985e-05,0.059849,-0.0010369,0,13.056,6,0
-6.7036e-05,0.059471,-0.0015126,0,13.361,6,0
-6.6361e-05,0.05904,-0.0019393,0,13.667,6,0
-6.5066e-05,0.05857,-0.0023111,0,13.972,6,0
-6.3261e-05,0.058072,-0.0026271,0,14.278,6,0
-6.104e-05,0.057554,-0.0028923,0,14.583,6,0
-5.8515e-05,0.057027,-0.003116,0,14.889,6,0
-5.5802e-05,0.056493,-0.0033071,0,15.194,6,0
-5.2974e-05,0.055959,-0.0034703,0,15.5,6,0
-5.006e-05,0.055432,-0.0036084,0,15.806,6,0
-4.7101e-05,0.054913,-0.0037243,0,16.111,6,0
-4.4128e-05,0.054404,-0.0038159,0,16.417,6,0
-4.1156e-05,0.053911,-0.0038778,0,16.722,6,0
-3.8197e-05,0.053442,-0.0039102,0,17.028,6,0
-3.527e-05,0.053001,-0.0039166,0,17.333,6,0
-3.2395e-05,0.052586,-0.0038981,0,17.639,6,0
-2.9582e-05,0.052195,-0.0038483,0,17.944,6,0
-2.6853e-05,0.051827,-0.0037569,0,18.25,6,0
-2.422e-05,0.05148,-0.003631,0,18.556,6,0
-2.1636e-05,0.051143,-0.0035059,0,18.861,6,0
-1.904e-05,0.050802,-0.003406,0,19.167,6,0
-1.6462e-05,0.050461,-0.0032983,0,19.472,6,0
-1.395e-05,0.050141,-0.0031219,0,19.778,6,0
-1.1502e-05,0.049864,-0.0028687,0,20.083,6,0
-9.1163e-06,0.049626,-0.0026081,0,20.389,6,0
-6.7454e-06,0.049402,-0.0024109,0,20.694,6,0
-4.3259e-06,0.049167,-0.0022502,0,21,6,0
-1.9145e-06,0.048928,-0.002001,0,21.306,6,0
4.8817e-07,0.048719,-0.0015597,0,21.611,6,0
2.7412e-06,0.048571,-0.0009749,0,21.917,6,0
4.8183e-06,0.048487,-0.00044178,0,22.222,6,0
6.9588e-06,0.048437,-0.00012323,0,22.528,6,0
8.96e-06,0.048392,2.8218e-05,0,22.833,6,0
1.0838e-05,0.048354,0.0002915,0,23.139,6,0
1.2829e-05,0.048356,0.0012268,0,23.444,6,0
1.4059e-05,0.04849,0.0035414,0,23.75,6,0
1.2948e-05,0.048866,0.0070694,0,24.056,6,0
9.2205e-06,0.049545,0.010583,0,24.361,6,0
3.5926e-06,0.050601,0.012939,0,24.667,6,0
-3.9907e-06,0.05209,0.013662,0,24.972,6,0
-1.4098e-05,0.053976,0.012839,0,25.278,6,0
-2.4953e-05,0.056125,0.010816,0,25.583,6,0
-3.3271e-05,0.058309,0.0080804,0,25.889,6,0
-3.9043e-05,0.060212,0.0052211,0,26.194,6,0
-4.3229e-05,0.06156,0.002701,0,26.5,6,0
-4.5401e-05,0.062242,0.00071975,0,26.806,6,0
-4.5933e-05,0.062323,-0.00071519,0,27.111,6,0
-4.5396e-05,0.061974,-0.0016914,0,27.417,6,0
-4.3986e-05,0.061379,-0.0023233,0,27.722,6,0
-4.2068e-05,0.060672,-0.0027223,0,28.028,6,0
-3.9902e-05,0.059938,-0.00298,0,28.333,6,0
-3.7623e-05,0.059217,-0.0031572,0,28.639,6,0
-3.533e-05,0.058529,-0.0032859,0,28.944,6,0
-3.3065e-05,0.057882,-0.0033774,0,29.25,6,0
-3.086e-05,0.057279,-0.003434,0,29.556,6,0
-2.8725e-05,0.056719,-0.0034613,0,29.861,6,0
-2.6664e-05,0.0562,-0.0034708,0,30.167,6,0
-2.4675e-05,0.055713,-0.0034762,0,30.472,6,0
-2.2767e-05,0.055254,-0.0034848,0,30.778,6,0
-2.0942e-05,0.054818,-0.0034941,0,31.083,6,0
-1.9204e-05,0.054402,-0.0034963,0,31.389,6,0
-1.7552e-05,0.054002,-0.0034894,0,31.694,6,0
-1.5981e-05,0.053613,-0.0034818,0,32,6,0
-1.4483e-05,0.053232,-0.0034856,0,32.306,6,0
-1.3049e-05,0.052857,-0.0035031,0,32.611,6,0
-1.1677e-05,0.052491,-0.0035202,0,32.917,6,0
-1.037e-05,0.052139,-0.003515,0,33.222,6,0
-9.1281e-06,0.051804,-0.0034764,0,33.528,6,0
-7.9483e-06,0.051484,-0.0034169,0,33.833,6,0
-6.8268e-06,0.051173,-0.0033655,0,34.139,6,0
-5.7516e-06,0.050868,-0.0033458,0,34.444,6,0
-4.7244e-06,0.050566,-0.0033546,0,34.75,6,0
-3.7485e-06,0.050272,-0.0033584,0,35.056,6,0
-2.8053e-06,0.049989,-0.0033123,0,35.361,6,0
-1.9218e-06,0.049719,-0.0031908,0,35.667,6,0
-1.0947e-06,0.049463,-0.0030109,0,35.972,6,0
-3.0362e-07,0.049217,-0.0028298,0,36.278,6,0
3.4473e-07,0.048981,-0.0027143,0,36.583,6,0
9.9648e-07,0.04876,-0.0027007,0,36.889,6,0
1.5541e-06,0.048555,-0.0027619,0,37.194,6,0
1.952e-06,0.048373,-0.0028129,0,37.5,6,0
2.5848e-06,0.048221,-0.0027405,0,37.806,6,0
2.8806e-06,0.048114,-0.0023441,0,38.111,6,0
3.3454e-06,0.048113,-0.0011632,0,38.417,6,0
3.8032e-06,0.048225,0.001172,0,38.722,6,0
2.7844e-06,0.048337,0.0042737,0,39.028,6,0
1.0762e-06,0.048361,0.007326,0,39.333,6,0
-1.0515e-06,0.048301,0.0098336,0,39.639,6,0
-4.1427e-06,0.048198,0.011687,0,39.944,6,0
-8.3162e-06,0.048128,0.012917,0,40.25,6,0
-1.3109e-05,0.04818,0.013583,0,40.556,6,0
-1.8108e-05,0.048448,0.013744,0,40.861,6,0
-2.3395e-05,0.049047,0.013315,0,41.167,6,0
-2.8347e-05,0.050107,0.012055,0,41.472,6,0
-3.331e-05,0.051671,0.0098078,0,41.778,6,0
-3.7657e-05,0.053573,0.0067689,0,42.083,6,0
-3.9765e-05,0.055471,0.0034667,0,42.389,6,0
-3.9831e-05,0.057023,0.00048911,0,42.694,6,0
-3.8404e-05,0.05803,-0.001775,0,43,6,0
-3.6075e-05,0.05849,-0.0032402,0,43.306,6,0
-3.3303e-05,0.058531,-0.0040549,0,43.611,6,0
-3.0339e-05,0.058309,-0.0044337,0,43.917,6,0
-2.7417e-05,0.057946,-0.0045569,0,44.222,6,0
-2.467e-05,0.05752,-0.0045467,0,44.528,6,0
-2.2131e-05,0.057075,-0.0044721,0,44.833,6,0
-1.9805e-05,0.056636,-0.0043672,0,45.139,6,0
-1.7693e-05,0.056217,-0.0042473,0,45.444,6,0
-1.5769e-05,0.05582,-0.0041213,0,45.75,6,0
-1.4013e-05,0.055444,-0.0039977,0,46.056,6,0
-1.2395e-05,0.055084,-0.0038849,0,46.361,6,0
-1.0908e-05,0.054735,-0.0037884,0,46.667,6,0
-9.5296e-06,0.054396,-0.0037081,0,46.972,6,0
-8.2565e-06,0.054068,-0.0036371,0,47.278,6,0
-7.0823e-06,0.053752,-0.0035656,0,47.583,6,0
-6.0126e-06,0.053449,-0.0034873,0,47.889,6,0
-5.0279e-06,0.053155,-0.0034066,0,48.194,6,0
-4.1254e-06,0.052864,-0.0033367,0,48.5,6,0
-3.2861e-06,0.052573,-0.0032928,0,48.806,6,0
-2.5125e-06,0.052279,-0.0032802,0,49.111,6,0
-1.7971e-06,0.051986,-0.0032893,0,49.417,6,0
-1.1467e-06,0.051701,-0.0032967,0,49.722,6,0
-5.5009e-07,0.051428,-0.003278,0,50.028,6,0
-8.8408e-09,0.051166,-0.0032209,0,50.333,6,0
4.9493e-07,0.050911,-0.0031334,0,50.639,6,0
9.4795e-07,0.050658,-0.0030395,0,50.944,6,0
1.33e-06,0.050405,-0.0029696,0,51.25,6,0
1.657e-06,0.050155,-0.0029499,0,51.556,6,0
1.9149e-06,0.049916,-0.0029931,0,51.861,6,0
2.1159e-06,0.049696,-0.0030917,0,52.167,6,0
2.3038e-06,0.049501,-0.0032167,0,52.472,6,0
2.396e-06,0.049331,-0.0033204,0,52.778,6,0
2.4684e-06,0.049184,-0.0033464,0,53.083,6,0
2.6226e-06,0.049059,-0.0032203,0,53.389,6,0
2.7746e-06,0.048968,-0.0027777,0,53.694,6,0
2.8838e-06,0.048926,-0.0017128,0,54,6,0
2.7438e-06,0.048911,0.00013806,0,54.306,6,0
2.38e-06,0.04888,0.0025189,0,54.611,6,0
1.9384e-06,0.048803,0.004944,0,54.917,6,0
1.2737e-06,0.048667,0.0070431,0,55.222,6,0
1.16e-07,0.048478,0.0086887,0,55.528,6,0
-1.6159e-06,0.04827,0.0099043,0,55.833,6,0
-3.7818e-06,0.048092,0.010736,0,56.139,6,0
-6.3353e-06,0.047985,0.011222,0,56.444,6,0
-9.434e-06,0.047964,0.011437,0,56.75,6,0
-1.2355e-05,0.048057,0.011439,0,57.056,6,0
-1.5137e-05,0.048346,0.011117,0,57.361,6,0
-1.7829e-05,0.048986,0.010186,0,57.667,6,0
-2.0873e-05,0.050063,0.0084199,0,57.972,6,0
-2.3372e-05,0.051515,0.0058944,0,58.278,6,0
-2.4594e-05,0.053087,0.0030243,0,58.583,6,0
-2.4736e-05,0.054502,0.00032553,0,58.889,6,0
-2.3798e-05,0.055546,-0.0018087,0,59.194,6,0
-2.2242e-05,0.056169,-0.0032469,0,59.5,6,0
-2.0574e-05,0.056434,-0.0040716,0,59.806,6,0
-1.8811e-05,0.056457,-0.0044685,0,60.111,6,0
-1.7349e-05,0.056337,-0.0045982,0,60.417,6,0
-1.5433e-05,0.056138,-0.0045849,0,60.722,6,0
-1.387e-05,0.055886,-0.0044892,0,61.028,6,0
-1.2755e-05,0.055614,-0.0043493,0,61.333,6,0
-1.1501e-05,0.05532,-0.0042004,0,61.639,6,0
-1.0603e-05,0.055031,-0.0040463,0,61.944,6,0
-9.69e-06,0.054741,-0.0038972,0,62.25,6,0
-8.9622e-06,0.054462,-0.003747,0,62.556,6,0
-8.2932e-06,0.054187,-0.0036034,0,62.861,6,0
-7.7406e-06,0.053924,-0.0034596,0,63.167,6,0
-7.2727e-06,0.053658,-0.0033351,0,63.472,6,0
-6.9014e-06,0.053395,-0.0032425,0,63.778,6,0
-6.8486e-06,0.053129,-0.0031684,0,64.083,6,0
-6.3439e-06,0.052874,-0.0031158,0,64.389,6,0
-6.5813e-06,0.052604,-0.0030685,0,64.694,6,0
0,0.052401,-0.0030429,0,65,6,0
-6.0671e-05,0.057578,0.0010469,0,10.306,6.6667,0
-5.9912e-05,0.057944,0.0011863,0,10.611,6.6667,0
-5.9957e-05,0.058295,0.0012204,0,10.917,6.6667,0
-6.0728e-05,0.058615,0.0011657,0,11.222,6.6667,0
-6.1664e-05,0.058873,0.0010182,0,11.528,6.6667,0
-6.271e-05,0.059055,0.00079546,0,11.833,6.6667,0
-6.3509e-05,0.059146,0.00051719,0,12.139,6.6667,0
-6.4036e-05,0.059146,0.00020565,0,12.444,6.6667,0
-6.4123e-05,0.059059,-0.00012284,0,12.75,6.6667,0
-6.3778e-05,0.058893,-0.00045523,0,13.056,6.6667,0
-6.2971e-05,0.058661,-0.00078318,0,13.361,6.6667,0
-6.1768e-05,0.058372,-0.0010991,0,13.667,6.6667,0
-6.0205e-05,0.05804,-0.001396,0,13.972,6.6667,0
-5.8356e-05,0.057674,-0.0016675,0,14.278,6.6667,0
-5.6266e-05,0.057288,-0.0019094,0,14.583,6.6667,0
-5.3981e-05,0.056888,-0.0021198,0,14.889,6.6667,0
-5.1537e-05,0.05648,-0.0023,0,15.194,6.6667,0
-4.8993e-05,0.056069,-0.0024531,0,15.5,6.6667,0
-4.6375e-05,0.055656,-0.002583,0,15.806,6.6667,0
-4.3701e-05,0.055242,-0.0026935,0,16.111,6.6667,0
-4.0997e-05,0.054827,-0.0027882,0,16.417,6.6667,0
-3.8297e-05,0.054412,-0.0028687,0,16.722,6.6667,0
-3.562e-05,0.053999,-0.0029341,0,17.028,6.6667,0
-3.2983e-05,0.053591,-0.0029816,0,17.333,6.6667,0
-3.0386e-05,0.053192,-0.003011,0,17.639,6.6667,0
-2.7834e-05,0.052804,-0.0030231,0,17.944,6.6667,0
-2.5325e-05,0.052435,-0.0030099,0,18.25,6.6667,0
-2.2832e-05,0.052091,-0.0029594,0,18.556,6.6667,0
-2.0332e-05,0.051774,-0.0028725,0,18.861,6.6667,0
-1.7844e-05,0.051474,-0.0027634,0,19.167,6.6667,0
-1.5389e-05,0.051181,-0.0026381,0,19.472,6.6667,0
-1.2972e-05,0.0509,-0.0024856,0,19.778,6.6667,0
-1.0583e-05,0.050647,-0.0022975,0,20.083,6.6667,0
-8.222e-06,0.050428,-0.0020923,0,20.389,6.6667,0
-5.862e-06,0.050228,-0.0019047,0,20.694,6.6667,0
-3.4502e-06,0.050023,-0.0017417,0,21,6.6667,0
-1.0474e-06,0.049816,-0.0015494,0,21.306,6.6667,0
1.4246e-06,0.049641,-0.0012465,0,21.611,6.6667,0
3.845e-06,0.049534,-0.00082013,0,21.917,6.6667,0
6.2378e-06,0.049498,-0.00038032,0,22.222,6.6667,0
8.9283e-06,0.049491,-6.9519e-05,0,22.528,6.6667,0
1.1551e-05,0.049466,0.0001092,0,22.833,6.6667,0
1.4541e-05,0.049418,0.00036429,0,23.139,6.6667,0
1.7348e-05,0.049378,0.001117,0,23.444,6.6667,0
1.8889e-05,0.04951,0.0028412,0,23.75,6.6667,0
1.9255e-05,0.050099,0.0053545,0,24.056,6.6667,0
1.8354e-05,0.051285,0.0076839,0,24.361,6.6667,0
1.5504e-05,0.052975,0.0089531,0,24.667,6.6667,0
1.013e-05,0.054943,0.0089427,0,24.972,6.6667,0
3.8172e-06,0.056927,0.0079513,0,25.278,6.6667,0
-2.2157e-06,0.058686,0.0064287,0,25.583,6.6667,0
-8.226e-06,0.060033,0.004766,0,25.889,6.6667,0
-1.3957e-05,0.060885,0.003227,0,26.194,6.6667,0
-1.8689e-05,0.061274,0.0019442,0,26.5,6.6667,0
-2.2203e-05,0.061292,0.00093813,0,26.806,6.6667,0
-2.4609e-05,0.061052,0.00016238,0,27.111,6.6667,0
-2.6125e-05,0.060654,-0.00043833,0,27.417,6.6667,0
-2.6928e-05,0.060172,-0.00090714,0,27.722,6.6667,0
-2.7127e-05,0.059657,-0.0012753,0,28.028,6.6667,0
-2.6881e-05,0.059138,-0.0015647,0,28.333,6.6667,0
-2.6297e-05,0.058627,-0.001794,0,28.639,6.6667,0
-2.5467e-05,0.058128,-0.0019794,0,28.944,6.6667,0
-2.4447e-05,0.057643,-0.0021335,0,29.25,6.6667,0
-2.3291e-05,0.057176,-0.0022627,0,29.556,6.6667,0
-2.2043e-05,0.056728,-0.0023696,0,29.861,6.6667,0
-2.0741e-05,0.056301,-0.0024561,0,30.167,6.6667,0
-1.941e-05,0.055893,-0.0025266,0,30.472,6.6667,0
-1.8073e-05,0.055499,-0.0025858,0,30.778,6.6667,0
-1.6744e-05,0.055116,-0.0026344,0,31.083,6.6667,0
-1.5433e-05,0.054745,-0.0026684,0,31.389,6.6667,0
-1.4141e-05,0.054385,-0.0026849,0,31.694,6.6667,0
-1.2864e-05,0.054037,-0.0026892,0,32,6.6667,0
-1.1604e-05,0.053697,-0.0026953,0,32.306,6.6667,0
-1.0367e-05,0.053359,-0.0027151,0,32.611,6.6667,0
-9.1601e-06,0.053018,-0.0027465,0,32.917,6.6667,0
-7.9859e-06,0.05268,-0.0027708,0,33.222,6.6667,0
-6.8459e-06,0.052352,-0.0027665,0,33.528,6.6667,0
-5.7429e-06,0.052038,-0.002729,0,33.833,6.6667,0
-4.6821e-06,0.051734,-0.0026798,0,34.139,6.6667,0
-3.6648e-06,0.051431,-0.0026514,0,34.444,6.6667,0
-2.6809e-06,0.051122,-0.0026597,0,34.75,6.6667,0
-1.7145e-06,0.050814,-0.0026846,0,35.056,6.6667,0
-7.5644e-07,0.05052,-0.0026789,0,35.361,6.6667,0
1.7932e-07,0.050251,-0.0026016,0,35.667,6.6667,0
1.0727e-06,0.050006,-0.0024545,0,35.972,6.6667,0
1.9294e-06,0.049772,-0.0022927,0,36.278,6.6667,0
2.6949e-06,0.049531,-0.0021952,0,36.583,6.6667,0
3.4713e-06,0.049281,-0.0022124,0,36.889,6.6667,0
4.2382e-06,0.04903,-0.0023257,0,37.194,6.6667,0
4.9135e-06,0.048803,-0.0024434,0,37.5,6.6667,0
5.7831e-06,0.048617,-0.0024456,0,37.806,6.6667,0
6.4929e-06,0.048474,-0.0021652,0,38.111,6.6667,0
7.3345e-06,0.048401,-0.0011895,0,38.417,6.6667,0
8.1507e-06,0.048443,0.00096073,0,38.722,6.6667,0
8.2798e-06,0.048564,0.0040463,0,39.028,6.6667,0
7.6842e-06,0.048684,0.0072082,0,39.333,6.6667,0
5.6312e-06,0.048782,0.0098355,0,39.639,6.6667,0
2.5755e-06,0.04894,0.011681,0,39.944,6.6667,0
-1.4393e-06,0.049287,0.012662,0,40.25,6.6667,0
-6.9714e-06,0.049934,0.012783,0,40.556,6.6667,0
-1.2623e-05,0.050968,0.012052,0,40.861,6.6667,0
-1.7627e-05,0.052415,0.010461,0,41.167,6.6667,0
-2.2098e-05,0.054178,0.008123,0,41.472,6.6667,0
-2.5211e-05,0.056016,0.0053841,0,41.778,6.6667,0
-2.705e-05,0.057626,0.0026971,0,42.083,6.6667,0
-2.7842e-05,0.058789,0.00040986,0,42.389,6.6667,0
-2.7358e-05,0.059428,-0.0012975,0,42.694,6.6667,0
-2.6204e-05,0.059604,-0.0024221,0,43,6.6667,0
-2.4895e-05,0.059455,-0.0030834,0,43.306,6.6667,0
-2.328e-05,0.059116,-0.0034214,0,43.611,6.6667,0
-2.1427e-05,0.058686,-0.0035545,0,43.917,6.6667,0
-1.9596e-05,0.058223,-0.0035717,0,44.222,6.6667,0
-1.7853e-05,0.057758,-0.0035308,0,44.528,6.6667,0
-1.6209e-05,0.057304,-0.0034653,0,44.833,6.6667,0
-1.466e-05,0.056867,-0.0033919,0,45.139,6.6667,0
-1.321e-05,0.056449,-0.0033152,0,45.444,6.6667,0
-1.1844e-05,0.056053,-0.0032345,0,45.75,6.6667,0
-1.0562e-05,0.055677,-0.0031501,0,46.056,6.6667,0
-9.3463e-06,0.055317,-0.0030675,0,46.361,6.6667,0
-8.2051e-06,0.054967,-0.0029951,0,46.667,6.6667,0
-7.1253e-06,0.054625,-0.0029398,0,46.972,6.6667,0
-6.1199e-06,0.054291,-0.0028994,0,47.278,6.6667,0
-5.1744e-06,0.053968,-0.0028645,0,47.583,6.6667,0
-4.2921e-06,0.053659,-0.0028218,0,47.889,6.6667,0
-3.4499e-06,0.053364,-0.0027666,0,48.194,6.6667,0
-2.6606e-06,0.053077,-0.0027058,0,48.5,6.6667,0
-1.9118e-06,0.05279,-0.0026572,0,48.806,6.6667,0
-1.2067e-06,0.052499,-0.0026368,0,49.111,6.6667,0
-5.37e-07,0.052206,-0.0026487,0,49.417,6.6667,0
8.4647e-08,0.051919,-0.0026775,0,49.722,6.6667,0
6.6413e-07,0.051649,-0.0026954,0,50.028,6.6667,0
1.1935e-06,0.051402,-0.0026763,0,50.333,6.6667,0
1.6847e-06,0.051174,-0.0026133,0,50.639,6.6667,0
2.1197e-06,0.050954,-0.0025242,0,50.944,6.6667,0
2.4965e-06,0.05073,-0.0024471,0,51.25,6.6667,0
2.822e-06,0.050496,-0.0024234,0,51.556,6.6667,0
3.0942e-06,0.050255,-0.0024804,0,51.861,6.6667,0
3.3103e-06,0.050017,-0.0026156,0,52.167,6.6667,0
3.4922e-06,0.049796,-0.0027937,0,52.472,6.6667,0
3.5944e-06,0.049599,-0.0029543,0,52.778,6.6667,0
3.6341e-06,0.049426,-0.0030281,0,53.083,6.6667,0
3.7417e-06,0.049272,-0.0029415,0,53.389,6.6667,0
3.8949e-06,0.049135,-0.0025464,0,53.694,6.6667,0
3.9262e-06,0.049021,-0.0015313,0,54,6.6667,0
3.8714e-06,0.048928,0.00028734,0,54.306,6.6667,0
3.629e-06,0.048847,0.0026448,0,54.611,6.6667,0
3.5398e-06,0.048782,0.0050705,0,54.917,6.6667,0
3.4514e-06,0.048724,0.0072326,0,55.222,6.6667,0
2.625e-06,0.048654,0.008956,0,55.528,6.6667,0
1.2169e-06,0.048587,0.010165,0,55.833,6.6667,0
-1.0542e-06,0.048569,0.010882,0,56.139,6.6667,0
-4.1459e-06,0.048655,0.011199,0,56.444,6.6667,0
-7.2494e-06,0.048904,0.011169,0,56.75,6.6667,0
-1.0255e-05,0.049426,0.010677,0,57.056,6.6667,0
-1.353e-05,0.050329,0.0094894,0,57.361,6.6667,0
-1.6334e-05,0.051628,0.0075346,0,57.667,6.6667,0
-1.8664e-05,0.05316,0.0050267,0,57.972,6.6667,0
-1.9988e-05,0.054675,0.0023833,0,58.278,6.6667,0
-2.0217e-05,0.055916,3.4278e-05,0,58.583,6.6667,0
-1.9509e-05,0.056758,-0.0017588,0,58.889,6.6667,0
-1.8446e-05,0.057186,-0.0029438,0,59.194,6.6667,0
-1.7185e-05,0.057299,-0.0036372,0,59.5,6.6667,0
-1.589e-05,0.0572,-0.0039713,0,59.806,6.6667,0
-1.4572e-05,0.056983,-0.0040868,0,60.111,6.6667,0
-1.3456e-05,0.056705,-0.0040581,0,60.417,6.6667,0
-1.2251e-05,0.056399,-0.0039519,0,60.722,6.6667,0
-1.1127e-05,0.056078,-0.0038108,0,61.028,6.6667,0
-1.0305e-05,0.055761,-0.0036513,0,61.333,6.6667,0
-9.4615e-06,0.055442,-0.0035059,0,61.639,6.6667,0
-8.7927e-06,0.055137,-0.0033666,0,61.944,6.6667,0
-8.1675e-06,0.054836,-0.0032388,0,62.25,6.6667,0
-7.6591e-06,0.054552,-0.0031146,0,62.556,6.6667,0
-7.221e-06,0.054275,-0.0029971,0,62.861,6.6667,0
-6.8566e-06,0.054012,-0.0028695,0,63.167,6.6667,0
-6.5795e-06,0.053748,-0.0027471,0,63.472,6.6667,0
-6.3621e-06,0.053489,-0.0026546,0,63.778,6.6667,0
-6.4648e-06,0.053224,-0.0025825,0,64.083,6.6667,0
-6.0947e-06,0.052968,-0.0025397,0,64.389,6.6667,0
-6.3991e-06,0.052697,-0.0025161,0,64.694,6.6667,0
0,0.052494,-0.0025043,0,65,6.6667,0
-7.9448e-05,0.056997,0.00048064,0,10.306,7.3333,0
-7.6328e-05,0.057218,0.00059128,0,10.611,7.3333,0
-7.3252e-05,0.057422,0.00065104,0,10.917,7.3333,0
-7.1375e-05,0.057627,0.00064515,0,11.222,7.3333,0
-6.9614e-05,0.057799,0.00058836,0,11.528,7.3333,0
-6.8361e-05,0.057934,0.00049726,0,11.833,7.3333,0
-6.7217e-05,0.05802,0.00037089,0,12.139,7.3333,0
-6.615e-05,0.058054,0.0002144,0,12.444,7.3333,0
-6.4993e-05,0.058035,3.1448e-05,0,12.75,7.3333,0
-6.3735e-05,0.057965,-0.00016835,0,13.056,7.3333,0
-6.2271e-05,0.057847,-0.00037615,0,13.361,7.3333,0
-6.061e-05,0.057686,-0.00058434,0,13.667,7.3333,0
-5.8735e-05,0.057483,-0.00078916,0,13.972,7.3333,0
-5.6692e-05,0.057245,-0.0009875,0,14.278,7.3333,0
-5.4494e-05,0.056977,-0.0011772,0,14.583,7.3333,0
-5.2185e-05,0.056685,-0.0013559,0,14.889,7.3333,0
-4.9783e-05,0.056375,-0.0015221,0,15.194,7.3333,0
-4.7319e-05,0.056053,-0.001673,0,15.5,7.3333,0
-4.48e-05,0.055723,-0.001806,0,15.806,7.3333,0
-4.2245e-05,0.05539,-0.0019172,0,16.111,7.3333,0
-3.9668e-05,0.055056,-0.0020054,0,16.417,7.3333,0
-3.709e-05,0.054721,-0.0020721,0,16.722,7.3333,0
-3.4519e-05,0.054385,-0.0021208,0,17.028,7.3333,0
-3.1963e-05,0.054048,-0.0021563,0,17.333,7.3333,0
-2.9426e-05,0.053711,-0.0021818,0,17.639,7.3333,0
-2.691e-05,0.053375,-0.0021972,0,17.944,7.3333,0
-2.4419e-05,0.053041,-0.0022006,0,18.25,7.3333,0
-2.1966e-05,0.052715,-0.0021891,0,18.556,7.3333,0
-1.9552e-05,0.052404,-0.0021601,0,18.861,7.3333,0
-1.7166e-05,0.052111,-0.0021128,0,19.167,7.3333,0
-1.4809e-05,0.051836,-0.0020459,0,19.472,7.3333,0
-1.2488e-05,0.051581,-0.0019561,0,19.778,7.3333,0
-1.0197e-05,0.05135,-0.001839,0,20.083,7.3333,0
-7.9371e-06,0.051147,-0.0016941,0,20.389,7.3333,0
-5.685e-06,0.050967,-0.0015279,0,20.694,7.3333,0
-3.4245e-06,0.050798,-0.0013525,0,21,7.3333,0
-1.179e-06,0.050632,-0.0011668,0,21.306,7.3333,0
1.1088e-06,0.050484,-0.00094527,0,21.611,7.3333,0
3.3512e-06,0.050381,-0.00066431,0,21.917,7.3333,0
5.6301e-06,0.050342,-0.00034734,0,22.222,7.3333,0
8.044e-06,0.050345,-5.7032e-05,0,22.528,7.3333,0
1.0445e-05,0.050346,0.00018717,0,22.833,7.3333,0
1.3247e-05,0.050326,0.00048122,0,23.139,7.3333,0
1.5715e-05,0.050321,0.0010201,0,23.444,7.3333,0
1.7225e-05,0.050486,0.0019645,0,23.75,7.3333,0
1.8339e-05,0.051058,0.0031927,0,24.056,7.3333,0
1.8852e-05,0.052122,0.0043047,0,24.361,7.3333,0
1.7978e-05,0.053526,0.0049496,0,24.667,7.3333,0
1.5146e-05,0.055014,0.0050348,0,24.972,7.3333,0
1.0925e-05,0.056361,0.0046705,0,25.278,7.3333,0
5.9504e-06,0.057433,0.00403,0,25.583,7.3333,0
1.0468e-06,0.05819,0.0032697,0,25.889,7.3333,0
-3.123e-06,0.058647,0.002506,0,26.194,7.3333,0
-6.791e-06,0.058861,0.001808,0,26.5,7.3333,0
-1.0087e-05,0.058899,0.0011989,0,26.806,7.3333,0
-1.2871e-05,0.058817,0.00067498,0,27.111,7.3333,0
-1.5033e-05,0.058653,0.00022729,0,27.417,7.3333,0
-1.6586e-05,0.058433,-0.00015104,0,27.722,7.3333,0
-1.7632e-05,0.058176,-0.00046834,0,28.028,7.3333,0
-1.8255e-05,0.057897,-0.00073292,0,28.333,7.3333,0
-1.8514e-05,0.057602,-0.00095407,0,28.639,7.3333,0
-1.848e-05,0.057299,-0.0011402,0,28.944,7.3333,0
-1.8198e-05,0.056988,-0.0012994,0,29.25,7.3333,0
-1.772e-05,0.056672,-0.0014363,0,29.556,7.3333,0
-1.7075e-05,0.056349,-0.0015528,0,29.861,7.3333,0
-1.6309e-05,0.056023,-0.001649,0,30.167,7.3333,0
-1.5446e-05,0.055695,-0.0017271,0,30.472,7.3333,0
-1.4514e-05,0.055365,-0.0017918,0,30.778,7.3333,0
-1.3529e-05,0.055034,-0.0018487,0,31.083,7.3333,0
-1.251e-05,0.054703,-0.0019009,0,31.389,7.3333,0
-1.1468e-05,0.054378,-0.0019467,0,31.694,7.3333,0
-1.0416e-05,0.054061,-0.0019817,0,32,7.3333,0
-9.3561e-06,0.053754,-0.0020047,0,32.306,7.3333,0
-8.2956e-06,0.053452,-0.0020214,0,32.611,7.3333,0
-7.2354e-06,0.053151,-0.0020402,0,32.917,7.3333,0
-6.1804e-06,0.05285,-0.0020623,0,33.222,7.3333,0
-5.1362e-06,0.052554,-0.0020766,0,33.528,7.3333,0
-4.1088e-06,0.05227,-0.0020691,0,33.833,7.3333,0
-3.0979e-06,0.052003,-0.0020397,0,34.139,7.3333,0
-2.0987e-06,0.051744,-0.0020104,0,34.444,7.3333,0
-1.0945e-06,0.051483,-0.0020095,0,34.75,7.3333,0
-8.8382e-08,0.051212,-0.0020443,0,35.056,7.3333,0
9.1005e-07,0.050939,-0.002083,0,35.361,7.3333,0
1.9023e-06,0.05068,-0.0020699,0,35.667,7.3333,0
2.8599e-06,0.050448,-0.0019664,0,35.972,7.3333,0
3.8119e-06,0.050238,-0.0017951,0,36.278,7.3333,0
4.7747e-06,0.050026,-0.0016423,0,36.583,7.3333,0
5.7503e-06,0.049784,-0.0016064,0,36.889,7.3333,0
6.7841e-06,0.049506,-0.0017209,0,37.194,7.3333,0
7.7915e-06,0.04921,-0.0019113,0,37.5,7.3333,0
8.8494e-06,0.048934,-0.0020242,0,37.806,7.3333,0
1.0141e-05,0.048705,-0.001872,0,38.111,7.3333,0
1.1258e-05,0.048542,-0.0010955,0,38.417,7.3333,0
1.1985e-05,0.048519,0.00081194,0,38.722,7.3333,0
1.2492e-05,0.048699,0.0037471,0,39.028,7.3333,0
1.2149e-05,0.049066,0.0068455,0,39.333,7.3333,0
1.0989e-05,0.049627,0.0092708,0,39.639,7.3333,0
9.2262e-06,0.050443,0.010585,0,39.944,7.3333,0
6.4455e-06,0.051565,0.010743,0,40.25,7.3333,0
2.4077e-06,0.05298,0.0099156,0,40.556,7.3333,0
-2.3685e-06,0.0546,0.0083359,0,40.861,7.3333,0
-6.1444e-06,0.056265,0.0063111,0,41.167,7.3333,0
-8.8408e-06,0.057762,0.0042018,0,41.472,7.3333,0
-1.1186e-05,0.058906,0.0022888,0,41.778,7.3333,0
-1.2849e-05,0.059613,0.00072002,0,42.083,7.3333,0
-1.3785e-05,0.059897,-0.00046205,0,42.389,7.3333,0
-1.429e-05,0.059842,-0.00129,0,42.694,7.3333,0
-1.4358e-05,0.059562,-0.0018354,0,43,7.3333,0
-1.407e-05,0.059157,-0.0021757,0,43.306,7.3333,0
-1.361e-05,0.058698,-0.0023765,0,43.611,7.3333,0
-1.3018e-05,0.058229,-0.0024857,0,43.917,7.3333,0
-1.2333e-05,0.057775,-0.0025337,0,44.222,7.3333,0
-1.1581e-05,0.057343,-0.0025418,0,44.528,7.3333,0
-1.0785e-05,0.056934,-0.0025269,0,44.833,7.3333,0
-9.9565e-06,0.056545,-0.0025016,0,45.139,7.3333,0
-9.1158e-06,0.056172,-0.0024718,0,45.444,7.3333,0
-8.2674e-06,0.055815,-0.0024362,0,45.75,7.3333,0
-7.4254e-06,0.055472,-0.0023907,0,46.056,7.3333,0
-6.5845e-06,0.055141,-0.0023361,0,46.361,7.3333,0
-5.7581e-06,0.05482,-0.0022795,0,46.667,7.3333,0
-4.9401e-06,0.054504,-0.0022331,0,46.972,7.3333,0
-4.1496e-06,0.054191,-0.0022033,0,47.278,7.3333,0
-3.3852e-06,0.053881,-0.0021872,0,47.583,7.3333,0
-2.6601e-06,0.053579,-0.0021695,0,47.889,7.3333,0
-1.9545e-06,0.053293,-0.0021361,0,48.194,7.3333,0
-1.2778e-06,0.053021,-0.0020845,0,48.5,7.3333,0
-6.1721e-07,0.052759,-0.0020317,0,48.806,7.3333,0
7.4135e-09,0.052499,-0.0020051,0,49.111,7.3333,0
6.1132e-07,0.052236,-0.002024,0,49.417,7.3333,0
1.1691e-06,0.05197,-0.0020828,0,49.722,7.3333,0
1.6994e-06,0.051713,-0.0021502,0,50.028,7.3333,0
2.181e-06,0.051473,-0.0021841,0,50.333,7.3333,0
2.6312e-06,0.051256,-0.0021564,0,50.639,7.3333,0
3.0386e-06,0.051053,-0.0020712,0,50.944,7.3333,0
3.4228e-06,0.050851,-0.0019701,0,51.25,7.3333,0
3.7823e-06,0.050634,-0.001913,0,51.556,7.3333,0
4.1164e-06,0.050397,-0.0019493,0,51.861,7.3333,0
4.3939e-06,0.050144,-0.002091,0,52.167,7.3333,0
4.6202e-06,0.049893,-0.0023034,0,52.472,7.3333,0
4.735e-06,0.04966,-0.0025137,0,52.778,7.3333,0
4.7715e-06,0.049458,-0.002635,0,53.083,7.3333,0
4.8091e-06,0.049283,-0.0025864,0,53.389,7.3333,0
4.8469e-06,0.049132,-0.0022311,0,53.694,7.3333,0
4.7278e-06,0.049004,-0.0012605,0,54,7.3333,0
4.7495e-06,0.048908,0.00051482,0,54.306,7.3333,0
4.9348e-06,0.048835,0.0028352,0,54.611,7.3333,0
4.78e-06,0.048775,0.0052138,0,54.917,7.3333,0
4.3474e-06,0.048732,0.0073196,0,55.222,7.3333,0
3.8502e-06,0.048743,0.008984,0,55.528,7.3333,0
3.337e-06,0.048868,0.010085,0,55.833,7.3333,0
2.1508e-06,0.049174,0.010585,0,56.139,7.3333,0
-4.47e-07,0.049727,0.010493,0,56.444,7.3333,0
-3.5236e-06,0.0506,0.009754,0,56.75,7.3333,0
-6.4149e-06,0.051822,0.0083269,0,57.056,7.3333,0
-9.3806e-06,0.053299,0.0063128,0,57.361,7.3333,0
-1.1287e-05,0.054832,0.0040094,0,57.667,7.3333,0
-1.2669e-05,0.056179,0.0017741,0,57.972,7.3333,0
-1.3343e-05,0.057187,-0.00011762,0,58.278,7.3333,0
-1.3326e-05,0.057781,-0.0015189,0,58.583,7.3333,0
-1.2864e-05,0.05802,-0.0024448,0,58.889,7.3333,0
-1.2329e-05,0.057981,-0.0029899,0,59.194,7.3333,0
-1.1643e-05,0.057779,-0.003278,0,59.5,7.3333,0
-1.0869e-05,0.057472,-0.0033814,0,59.806,7.3333,0
-1.0102e-05,0.057125,-0.0033898,0,60.111,7.3333,0
-9.4377e-06,0.05676,-0.0033227,0,60.417,7.3333,0
-8.8542e-06,0.056403,-0.0032162,0,60.722,7.3333,0
-8.2842e-06,0.056054,-0.0030963,0,61.028,7.3333,0
-7.8325e-06,0.055722,-0.0029599,0,61.333,7.3333,0
-7.3791e-06,0.055395,-0.0028396,0,61.639,7.3333,0
-7.0201e-06,0.055083,-0.0027247,0,61.944,7.3333,0
-6.6833e-06,0.054775,-0.0026227,0,62.25,7.3333,0
-6.417e-06,0.054481,-0.0025228,0,62.556,7.3333,0
-6.1962e-06,0.054196,-0.002424,0,62.861,7.3333,0
-6.0207e-06,0.053928,-0.0023106,0,63.167,7.3333,0
-5.905e-06,0.053668,-0.0021928,0,63.472,7.3333,0
-5.8247e-06,0.053418,-0.0021002,0,63.778,7.3333,0
-6.028e-06,0.053167,-0.0020277,0,64.083,7.3333,0
-5.7684e-06,0.052926,-0.0019924,0,64.389,7.3333,0
-6.2345e-06,0.052666,-0.0019882,0,64.694,7.3333,0
0,0.052471,-0.0019871,0,65,7.3333,0
-8.9871e-05,0.056442,0.00019702,0,10.306,8,0
-8.6632e-05,0.05657,0.00027101,0,10.611,8,0
-8.1811e-05,0.056677,0.00032917,0,10.917,8,0
-7.8363e-05,0.056806,0.00034783,0,11.222,8,0
-7.5198e-05,0.056911,0.00034754,0,11.528,8,0
-7.2649e-05,0.057009,0.00031386,0,11.833,8,0
-7.0214e-05,0.057081,0.00025607,0,12.139,8,0
-6.8096e-05,0.057131,0.00017538,0,12.444,8,0
-6.5986e-05,0.057149,7.2972e-05,0,12.75,8,0
-6.3981e-05,0.057134,-4.5031e-05,0,13.056,8,0
-6.1929e-05,0.057083,-0.0001725,0,13.361,8,0
-5.9861e-05,0.056997,-0.00030317,0,13.667,8,0
-5.771e-05,0.056879,-0.00043406,0,13.972,8,0
-5.5497e-05,0.05673,-0.0005624,0,14.278,8,0
-5.3193e-05,0.056552,-0.00068679,0,14.583,8,0
-5.0826e-05,0.056348,-0.00080554,0,14.889,8,0
-4.8386e-05,0.056119,-0.0009195,0,15.194,8,0
-4.5916e-05,0.055872,-0.0010293,0,15.5,8,0
-4.3413e-05,0.055609,-0.0011356,0,15.806,8,0
-4.0911e-05,0.055334,-0.0012362,0,16.111,8,0
-3.8402e-05,0.055052,-0.0013274,0,16.417,8,0
-3.59e-05,0.054768,-0.0014046,0,16.722,8,0
-3.34e-05,0.054485,-0.0014653,0,17.028,8,0
-3.091e-05,0.054205,-0.0015096,0,17.333,8,0
-2.8433e-05,0.053928,-0.0015403,0,17.639,8,0
-2.5978e-05,0.053654,-0.0015605,0,17.944,8,0
-2.3556e-05,0.053384,-0.0015707,0,18.25,8,0
-2.1176e-05,0.053119,-0.0015691,0,18.556,8,0
-1.8838e-05,0.052858,-0.0015537,0,18.861,8,0
-1.6545e-05,0.052603,-0.0015244,0,19.167,8,0
-1.4303e-05,0.052356,-0.0014816,0,19.472,8,0
-1.2113e-05,0.052119,-0.0014242,0,19.778,8,0
-9.9658e-06,0.051896,-0.0013492,0,20.083,8,0
-7.8635e-06,0.051692,-0.0012554,0,20.389,8,0
-5.7894e-06,0.051508,-0.0011428,0,20.694,8,0
-3.7437e-06,0.051344,-0.0010126,0,21,8,0
-1.7306e-06,0.0512,-0.00086494,0,21.306,8,0
2.6994e-07,0.051076,-0.00069829,0,21.611,8,0
2.2172e-06,0.050986,-0.00050998,0,21.917,8,0
4.1561e-06,0.050939,-0.00030121,0,22.222,8,0
6.0798e-06,0.050935,-7.8958e-05,0,22.528,8,0
7.9407e-06,0.050955,0.00015364,0,22.833,8,0
9.8618e-06,0.05099,0.00041849,0,23.139,8,0
1.1528e-05,0.051065,0.00076533,0,23.444,8,0
1.2816e-05,0.051255,0.0012355,0,23.75,8,0
1.3892e-05,0.051656,0.0017881,0,24.056,8,0
1.434e-05,0.052294,0.0022979,0,24.361,8,0
1.3805e-05,0.053098,0.0026383,0,24.667,8,0
1.2239e-05,0.053953,0.0027554,0,24.972,8,0
9.8989e-06,0.054755,0.0026697,0,25.278,8,0
7.0818e-06,0.055439,0.0024387,0,25.583,8,0
4.0521e-06,0.055978,0.002122,0,25.889,8,0
9.8084e-07,0.056372,0.0017637,0,26.194,8,0
-1.9606e-06,0.056639,0.0013938,0,26.5,8,0
-4.6234e-06,0.056805,0.0010341,0,26.806,8,0
-6.9489e-06,0.056889,0.00070034,0,27.111,8,0
-8.9279e-06,0.056907,0.00039936,0,27.417,8,0
-1.054e-05,0.056871,0.00013176,0,27.722,8,0
-1.1806e-05,0.056789,-0.00010509,0,28.028,8,0
-1.2735e-05,0.05667,-0.00031203,0,28.333,8,0
-1.3353e-05,0.056521,-0.00049008,0,28.639,8,0
-1.371e-05,0.056348,-0.00064,0,28.944,8,0
-1.3816e-05,0.056154,-0.00076479,0,29.25,8,0
-1.3735e-05,0.055943,-0.00086825,0,29.556,8,0
-1.3468e-05,0.055717,-0.00095487,0,29.861,8,0
-1.3056e-05,0.055479,-0.0010278,0,30.167,8,0
-1.2511e-05,0.055232,-0.00109,0,30.472,8,0
-1.1859e-05,0.054978,-0.0011434,0,30.778,8,0
-1.1114e-05,0.054718,-0.0011917,0,31.083,8,0
-1.0299e-05,0.054453,-0.0012378,0,31.389,8,0
-9.4276e-06,0.054185,-0.0012839,0,31.694,8,0
-8.5196e-06,0.053915,-0.0013278,0,32,8,0
-7.5826e-06,0.053646,-0.0013667,0,32.306,8,0
-6.625e-06,0.05338,-0.0014002,0,32.611,8,0
-5.6498e-06,0.053118,-0.0014323,0,32.917,8,0
-4.6672e-06,0.052856,-0.0014669,0,33.222,8,0
-3.6822e-06,0.052594,-0.0015015,0,33.528,8,0
-2.6985e-06,0.052336,-0.0015263,0,33.833,8,0
-1.7088e-06,0.052087,-0.0015312,0,34.139,8,0
-7.0905e-07,0.05185,-0.0015168,0,34.444,8,0
3.0837e-07,0.051618,-0.0014992,0,34.75,8,0
1.3334e-06,0.051381,-0.0014987,0,35.056,8,0
2.3607e-06,0.051129,-0.0015181,0,35.361,8,0
3.4019e-06,0.05087,-0.0015298,0,35.667,8,0
4.4466e-06,0.050622,-0.0014888,0,35.972,8,0
5.5437e-06,0.050404,-0.0013706,0,36.278,8,0
6.7219e-06,0.050215,-0.0012054,0,36.583,8,0
7.9318e-06,0.050026,-0.0010773,0,36.889,8,0
9.2957e-06,0.049798,-0.0010711,0,37.194,8,0
1.0717e-05,0.049509,-0.0011961,0,37.5,8,0
1.2275e-05,0.049176,-0.0013426,0,37.806,8,0
1.4258e-05,0.048841,-0.0013085,0,38.111,8,0
1.5835e-05,0.048557,-0.00078345,0,38.417,8,0
1.6928e-05,0.048453,0.00062443,0,38.722,8,0
1.7639e-05,0.048721,0.002855,0,39.028,8,0
1.8154e-05,0.049453,0.0051854,0,39.333,8,0
1.9063e-05,0.050608,0.0068374,0,39.639,8,0
1.8943e-05,0.052066,0.0074552,0,39.944,8,0
1.7039e-05,0.053664,0.0071287,0,40.25,8,0
1.4428e-05,0.05524,0.0061628,0,40.556,8,0
1.1431e-05,0.056644,0.0048897,0,40.861,8,0
8.1072e-06,0.057757,0.0035681,0,41.167,8,0
4.92e-06,0.058519,0.0023599,0,41.472,8,0
2.1387e-06,0.058941,0.0013443,0,41.778,8,0
-2.1895e-07,0.059073,0.00053594,0,42.083,8,0
-2.1234e-06,0.05899,-9.0362e-05,0,42.389,8,0
-3.6066e-06,0.058764,-0.00056825,0,42.694,8,0
-4.7641e-06,0.058456,-0.00092833,0,43,8,0
-5.6124e-06,0.058106,-0.001198,0,43.306,8,0
-6.179e-06,0.057743,-0.0013976,0,43.611,8,0
-6.5077e-06,0.057378,-0.001541,0,43.917,8,0
-6.6428e-06,0.057022,-0.001638,0,44.222,8,0
-6.6139e-06,0.056676,-0.0016962,0,44.528,8,0
-6.4517e-06,0.056343,-0.0017242,0,44.833,8,0
-6.1762e-06,0.05602,-0.0017304,0,45.139,8,0
-5.8134e-06,0.055705,-0.0017231,0,45.444,8,0
-5.3772e-06,0.055396,-0.0017064,0,45.75,8,0
-4.8883e-06,0.055094,-0.001681,0,46.056,8,0
-4.3525e-06,0.054799,-0.0016468,0,46.361,8,0
-3.7846e-06,0.054515,-0.0016055,0,46.667,8,0
-3.1855e-06,0.054238,-0.0015662,0,46.972,8,0
-2.5697e-06,0.053964,-0.0015387,0,47.278,8,0
-1.9392e-06,0.053691,-0.0015308,0,47.583,8,0
-1.3214e-06,0.053419,-0.0015383,0,47.889,8,0
-7.0975e-07,0.053152,-0.0015471,0,48.194,8,0
-1.1743e-07,0.052899,-0.0015418,0,48.5,8,0
4.8147e-07,0.052661,-0.0015193,0,48.806,8,0
1.0505e-06,0.052431,-0.0014952,0,49.111,8,0
1.616e-06,0.052198,-0.0014955,0,49.417,8,0
2.1376e-06,0.051949,-0.0015367,0,49.722,8,0
2.6502e-06,0.051685,-0.0016103,0,50.028,8,0
3.1169e-06,0.051417,-0.0016785,0,50.333,8,0
3.5563e-06,0.051164,-0.0016968,0,50.639,8,0
3.9589e-06,0.050935,-0.0016415,0,50.944,8,0
4.3653e-06,0.050731,-0.001533,0,51.25,8,0
4.7694e-06,0.050527,-0.0014315,0,51.556,8,0
5.2031e-06,0.050303,-0.0014105,0,51.861,8,0
5.6011e-06,0.05004,-0.0015158,0,52.167,8,0
5.9803e-06,0.049746,-0.0017378,0,52.472,8,0
6.2435e-06,0.04944,-0.0020043,0,52.778,8,0
6.4237e-06,0.049158,-0.0022056,0,53.083,8,0
6.5639e-06,0.048915,-0.0022292,0,53.389,8,0
6.577e-06,0.048713,-0.0019367,0,53.694,8,0
6.4484e-06,0.048551,-0.0010415,0,54,8,0
6.6377e-06,0.048461,0.00065789,0,54.306,8,0
7.4195e-06,0.048452,0.0029345,0,54.611,8,0
7.9371e-06,0.048533,0.0052947,0,54.917,8,0
8.2952e-06,0.048734,0.0073033,0,55.222,8,0
8.8076e-06,0.049132,0.0086641,0,55.528,8,0
8.6212e-06,0.0498,0.0092281,0,55.833,8,0
7.6409e-06,0.050773,0.0090043,0,56.139,8,0
5.9576e-06,0.052025,0.0080859,0,56.444,8,0
3.2762e-06,0.053481,0.0066007,0,56.75,8,0
9.515e-07,0.054989,0.0047861,0,57.056,8,0
-1.1559e-06,0.056354,0.0029266,0,57.361,8,0
-2.9256e-06,0.057426,0.0012512,0,57.667,8,0
-4.2965e-06,0.058124,-0.00011102,0,57.972,8,0
-5.0991e-06,0.058467,-0.0011118,0,58.278,8,0
-5.6785e-06,0.058507,-0.0017824,0,58.583,8,0
-6.033e-06,0.058352,-0.002196,0,58.889,8,0
-6.1339e-06,0.058061,-0.0024177,0,59.194,8,0
-6.1208e-06,0.05771,-0.0025265,0,59.5,8,0
-6.056e-06,0.057319,-0.0025438,0,59.806,8,0
-5.966e-06,0.056927,-0.0025334,0,60.111,8,0
-5.854e-06,0.056535,-0.0024834,0,60.417,8,0
-5.7688e-06,0.056162,-0.0024099,0,60.722,8,0
-5.6517e-06,0.055805,-0.0023252,0,61.028,8,0
-5.581e-06,0.055469,-0.0022146,0,61.333,8,0
-5.4701e-06,0.055144,-0.0021141,0,61.639,8,0
-5.4043e-06,0.054836,-0.0020124,0,61.944,8,0
-5.3145e-06,0.054529,-0.0019248,0,62.25,8,0
-5.2621e-06,0.054235,-0.001852,0,62.556,8,0
-5.2234e-06,0.053952,-0.0017895,0,62.861,8,0
-5.2187e-06,0.05369,-0.0017167,0,63.167,8,0
-5.2394e-06,0.053441,-0.0016338,0,63.472,8,0
-5.3021e-06,0.05321,-0.0015652,0,63.778,8,0
-5.6578e-06,0.05298,-0.001506,0,64.083,8,0
-5.4746e-06,0.052759,-0.001474,0,64.389,8,0
-6.1946e-06,0.052507,-0.0014759,0,64.694,8,0
0,0.052311,-0.0014799,0,65,8,0
-0.00010033,0.055747,5.2622e-05,0,10.306,8.6667,0
-9.7587e-05,0.055808,0.00010009,0,10.611,8.6667,0
-8.9597e-05,0.055834,0.00012228,0,10.917,8.6667,0
-8.5013e-05,0.05589,0.0001343,0,11.222,8.6667,0
-8.0283e-05,0.055946,0.00014355,0,11.528,8.6667,0
-7.6497e-05,0.056005,0.00012667,0,11.833,8.6667,0
-7.3304e-05,0.056056,0.00010066,0,12.139,8.6667,0
-7.0365e-05,0.056099,6.505e-05,0,12.444,8.6667,0
-6.7636e-05,0.056124,2.4337e-05,0,12.75,8.6667,0
-6.5123e-05,0.056131,-2.3558e-05,0,13.056,8.6667,0
-6.2656e-05,0.056115,-7.8967e-05,0,13.361,8.6667,0
-6.0243e-05,0.056077,-0.0001407,0,13.667,8.6667,0
-5.7828e-05,0.056015,-0.00020699,0,13.972,8.6667,0
-5.541e-05,0.05593,-0.00027441,0,14.278,8.6667,0
-5.2954e-05,0.055823,-0.0003429,0,14.583,8.6667,0
-5.0494e-05,0.055695,-0.00041229,0,14.889,8.6667,0
-4.7996e-05,0.055547,-0.00048515,0,15.194,8.6667,0
-4.5499e-05,0.055382,-0.00055951,0,15.5,8.6667,0
-4.2978e-05,0.055201,-0.00063345,0,15.806,8.6667,0
-4.0472e-05,0.055002,-0.0007038,0,16.111,8.6667,0
-3.7962e-05,0.054788,-0.00077092,0,16.417,8.6667,0
-3.5472e-05,0.05456,-0.0008344,0,16.722,8.6667,0
-3.2999e-05,0.054322,-0.00089225,0,17.028,8.6667,0
-3.0552e-05,0.054077,-0.00094097,0,17.333,8.6667,0
-2.8131e-05,0.053828,-0.00098019,0,17.639,8.6667,0
-2.5745e-05,0.053576,-0.0010113,0,17.944,8.6667,0
-2.3399e-05,0.053326,-0.0010334,0,18.25,8.6667,0
-2.11e-05,0.053078,-0.0010428,0,18.556,8.6667,0
-1.8851e-05,0.052834,-0.0010367,0,18.861,8.6667,0
-1.6652e-05,0.052595,-0.0010172,0,19.167,8.6667,0
-1.4507e-05,0.052363,-0.00098916,0,19.472,8.6667,0
-1.2414e-05,0.052141,-0.00095445,0,19.778,8.6667,0
-1.0373e-05,0.051932,-0.00090891,0,20.083,8.6667,0
-8.3828e-06,0.051737,-0.00084757,0,20.389,8.6667,0
-6.4341e-06,0.051559,-0.00076938,0,20.694,8.6667,0
-4.5293e-06,0.051399,-0.00067924,0,21,8.6667,0
-2.6677e-06,0.051261,-0.00058234,0,21.306,8.6667,0
-8.4936e-07,0.051148,-0.00047915,0,21.611,8.6667,0
9.0616e-07,0.051064,-0.00036498,0,21.917,8.6667,0
2.6144e-06,0.051014,-0.00023531,0,22.222,8.6667,0
4.2684e-06,0.050998,-9.0279e-05,0,22.528,8.6667,0
5.8303e-06,0.051017,6.7918e-05,0,22.833,8.6667,0
7.3151e-06,0.051072,0.00024234,0,23.139,8.6667,0
8.5957e-06,0.051173,0.00044242,0,23.444,8.6667,0
9.6087e-06,0.051345,0.00067686,0,23.75,8.6667,0
1.0365e-05,0.051617,0.00092842,0,24.056,8.6667,0
1.0697e-05,0.051997,0.0011601,0,24.361,8.6667,0
1.0475e-05,0.052461,0.0013323,0,24.667,8.6667,0
9.6328e-06,0.052966,0.0014232,0,24.972,8.6667,0
8.2566e-06,0.053466,0.0014303,0,25.278,8.6667,0
6.4661e-06,0.053926,0.0013632,0,25.583,8.6667,0
4.4437e-06,0.054325,0.0012357,0,25.889,8.6667,0
2.3222e-06,0.054656,0.0010634,0,26.194,8.6667,0
2.0693e-07,0.054919,0.00086375,0,26.5,8.6667,0
-1.8473e-06,0.055119,0.0006547,0,26.806,8.6667,0
-3.7688e-06,0.055262,0.00045231,0,27.111,8.6667,0
-5.5109e-06,0.055354,0.00026825,0,27.417,8.6667,0
-7.0281e-06,0.0554,0.00010767,0,27.722,8.6667,0
-8.3183e-06,0.055402,-3.0125e-05,0,28.028,8.6667,0
-9.3227e-06,0.055365,-0.00014844,0,28.333,8.6667,0
-1.0068e-05,0.055294,-0.00025073,0,28.639,8.6667,0
-1.0591e-05,0.055194,-0.00033884,0,28.944,8.6667,0
-1.0872e-05,0.055071,-0.00041586,0,29.25,8.6667,0
-1.098e-05,0.054929,-0.0004826,0,29.556,8.6667,0
-1.0899e-05,0.054773,-0.00054067,0,29.861,8.6667,0
-1.0676e-05,0.054605,-0.00059035,0,30.167,8.6667,0
-1.0315e-05,0.054428,-0.00063309,0,30.472,8.6667,0
-9.844e-06,0.054243,-0.00067012,0,30.778,8.6667,0
-9.2714e-06,0.054052,-0.00070446,0,31.083,8.6667,0
-8.6191e-06,0.053853,-0.00073792,0,31.389,8.6667,0
-7.8948e-06,0.053648,-0.00077205,0,31.694,8.6667,0
-7.1142e-06,0.053436,-0.00080598,0,32,8.6667,0
-6.285e-06,0.053217,-0.00083854,0,32.306,8.6667,0
-5.4205e-06,0.052992,-0.00086847,0,32.611,8.6667,0
-4.525e-06,0.052762,-0.00089539,0,32.917,8.6667,0
-3.6068e-06,0.052527,-0.00091989,0,33.222,8.6667,0
-2.669e-06,0.052285,-0.0009426,0,33.528,8.6667,0
-1.7175e-06,0.052038,-0.00096334,0,33.833,8.6667,0
-7.526e-07,0.05179,-0.00097968,0,34.139,8.6667,0
2.2344e-07,0.051544,-0.00098772,0,34.444,8.6667,0
1.2166e-06,0.051307,-0.0009857,0,34.75,8.6667,0
2.2324e-06,0.051072,-0.00097723,0,35.056,8.6667,0
3.2669e-06,0.050835,-0.00096917,0,35.361,8.6667,0
4.3322e-06,0.050591,-0.00096369,0,35.667,8.6667,0
5.4146e-06,0.050346,-0.00094995,0,35.972,8.6667,0
6.5313e-06,0.050119,-0.00090638,0,36.278,8.6667,0
7.7348e-06,0.049925,-0.00081773,0,36.583,8.6667,0
9.0017e-06,0.049765,-0.00069822,0,36.889,8.6667,0
1.0444e-05,0.049612,-0.00059505,0,37.194,8.6667,0
1.2046e-05,0.049427,-0.00055452,0,37.5,8.6667,0
1.3776e-05,0.049184,-0.00056522,0,37.806,8.6667,0
1.5891e-05,0.048899,-0.00052412,0,38.111,8.6667,0
1.777e-05,0.048633,-0.00024961,0,38.417,8.6667,0
1.9348e-05,0.048529,0.00045315,0,38.722,8.6667,0
2.085e-05,0.048805,0.0015643,0,39.028,8.6667,0
2.2364e-05,0.04957,0.0027323,0,39.333,8.6667,0
2.379e-05,0.050735,0.0035668,0,39.639,8.6667,0
2.4208e-05,0.052102,0.0039116,0,39.944,8.6667,0
2.3281e-05,0.053461,0.0038167,0,40.25,8.6667,0
2.1279e-05,0.054659,0.0034124,0,40.556,8.6667,0
1.8543e-05,0.055616,0.0028399,0,40.861,8.6667,0
1.5506e-05,0.056311,0.0022151,0,41.167,8.6667,0
1.2571e-05,0.056763,0.0016147,0,41.472,8.6667,0
9.8427e-06,0.057012,0.0010773,0,41.778,8.6667,0
7.297e-06,0.057105,0.00061128,0,42.083,8.6667,0
4.9713e-06,0.057084,0.00021219,0,42.389,8.6667,0
2.9507e-06,0.056979,-0.00012481,0,42.694,8.6667,0
1.2679e-06,0.056818,-0.0004013,0,43,8.6667,0
-1.0682e-07,0.056613,-0.00062029,0,43.306,8.6667,0
-1.2039e-06,0.056382,-0.0007885,0,43.611,8.6667,0
-2.0442e-06,0.056128,-0.00091271,0,43.917,8.6667,0
-2.6612e-06,0.055863,-0.0010021,0,44.222,8.6667,0
-3.0787e-06,0.055588,-0.0010613,0,44.528,8.6667,0
-3.3249e-06,0.055312,-0.0010964,0,44.833,8.6667,0
-3.4189e-06,0.055035,-0.0011105,0,45.139,8.6667,0
-3.386e-06,0.054762,-0.0011103,0,45.444,8.6667,0
-3.2407e-06,0.054491,-0.0011016,0,45.75,8.6667,0
-3.0086e-06,0.054225,-0.0010882,0,46.056,8.6667,0
-2.6981e-06,0.053965,-0.0010728,0,46.361,8.6667,0
-2.3329e-06,0.053713,-0.0010536,0,46.667,8.6667,0
-1.9112e-06,0.05347,-0.0010326,0,46.972,8.6667,0
-1.4557e-06,0.053234,-0.0010117,0,47.278,8.6667,0
-9.5264e-07,0.052999,-0.00099691,0,47.583,8.6667,0
-4.3373e-07,0.052761,-0.00099355,0,47.889,8.6667,0
1.0486e-07,0.052517,-0.0010012,0,48.194,8.6667,0
6.3027e-07,0.052271,-0.0010118,0,48.5,8.6667,0
1.1648e-06,0.05203,-0.0010125,0,48.806,8.6667,0
1.6879e-06,0.051797,-0.00099656,0,49.111,8.6667,0
2.2346e-06,0.051568,-0.00097266,0,49.417,8.6667,0
2.7791e-06,0.051331,-0.00096288,0,49.722,8.6667,0
3.3302e-06,0.051076,-0.00098818,0,50.028,8.6667,0
3.8425e-06,0.0508,-0.0010461,0,50.333,8.6667,0
4.3166e-06,0.050519,-0.0011067,0,50.639,8.6667,0
4.7286e-06,0.05025,-0.0011265,0,50.944,8.6667,0
5.1378e-06,0.050012,-0.0010793,0,51.25,8.6667,0
5.5473e-06,0.049802,-0.00097968,0,51.556,8.6667,0
6.0504e-06,0.049604,-0.00088641,0,51.861,8.6667,0
6.5739e-06,0.049382,-0.00087478,0,52.167,8.6667,0
7.1127e-06,0.049116,-0.0009957,0,52.472,8.6667,0
7.5931e-06,0.048797,-0.0012317,0,52.778,8.6667,0
7.8792e-06,0.048447,-0.001488,0,53.083,8.6667,0
8.0865e-06,0.048099,-0.0016149,0,53.389,8.6667,0
8.2674e-06,0.047789,-0.0014379,0,53.694,8.6667,0
8.3453e-06,0.047552,-0.00071126,0,54,8.6667,0
9.0497e-06,0.047494,0.00073218,0,54.306,8.6667,0
1.048e-05,0.047691,0.0026748,0,54.611,8.6667,0
1.2345e-05,0.048184,0.0045977,0,54.917,8.6667,0
1.494e-05,0.048981,0.0060162,0,55.222,8.6667,0
1.7328e-05,0.050081,0.0066575,0,55.528,8.6667,0
1.8206e-05,0.051421,0.0065075,0,55.833,8.6667,0
1.7026e-05,0.052898,0.0057331,0,56.139,8.6667,0
1.5148e-05,0.054385,0.0045794,0,56.444,8.6667,0
1.2849e-05,0.055737,0.0032906,0,56.75,8.6667,0
1.0402e-05,0.056833,0.0020614,0,57.056,8.6667,0
7.9201e-06,0.057601,0.00099671,0,57.361,8.6667,0
5.8326e-06,0.058038,0.00014673,0,57.667,8.6667,0
3.9757e-06,0.05818,-0.00049506,0,57.972,8.6667,0
2.4078e-06,0.058099,-0.00095303,0,58.278,8.6667,0
1.1185e-06,0.057861,-0.0012687,0,58.583,8.6667,0
5.4713e-08,0.057534,-0.0014718,0,58.889,8.6667,0
-8.249e-07,0.057149,-0.0015885,0,59.194,8.6667,0
-1.5454e-06,0.056749,-0.0016598,0,59.5,8.6667,0
-2.1145e-06,0.056336,-0.0016732,0,59.806,8.6667,0
-2.5926e-06,0.055936,-0.0016781,0,60.111,8.6667,0
-2.9736e-06,0.055535,-0.0016542,0,60.417,8.6667,0
-3.3056e-06,0.055155,-0.0016233,0,60.722,8.6667,0
-3.5665e-06,0.054785,-0.0015855,0,61.028,8.6667,0
-3.8162e-06,0.054443,-0.0015173,0,61.333,8.6667,0
-3.9802e-06,0.054114,-0.0014571,0,61.639,8.6667,0
-4.1566e-06,0.053809,-0.0013843,0,61.944,8.6667,0
-4.2582e-06,0.053515,-0.0013135,0,62.25,8.6667,0
-4.367e-06,0.053234,-0.0012637,0,62.556,8.6667,0
-4.4534e-06,0.05296,-0.0012332,0,62.861,8.6667,0
-4.5738e-06,0.052699,-0.0011961,0,63.167,8.6667,0
-4.6743e-06,0.05245,-0.0011454,0,63.472,8.6667,0
-4.8284e-06,0.052218,-0.001096,0,63.778,8.6667,0
-5.2002e-06,0.051992,-0.0010394,0,64.083,8.6667,0
-5.0876e-06,0.051781,-0.00098704,0,64.389,8.6667,0
-5.982e-06,0.051539,-0.00096572,0,64.694,8.6667,0
0,0.051349,-0.00096383,0,65,8.6667,0
-8.4953e-05,0.053957,0.00018035,0,10.306,9.3333,0
-9.836e-05,0.054118,0.00015155,0,10.611,9.3333,0
-8.9358e-05,0.054112,0.00013176,0,10.917,9.3333,0
-8.5623e-05,0.054147,0.00011389,0,11.222,9.3333,0
-8.1303e-05,0.054183,9.2916e-05,0,11.528,9.3333,0
-7.7564e-05,0.054214,7.5452e-05,0,11.833,9.3333,0
-7.4341e-05,0.054242,5.3882e-05,0,12.139,9.3333,0
-7.116e-05,0.054262,2.7534e-05,0,12.444,9.3333,0
-6.8212e-05,0.054272,2.0177e-06,0,12.75,9.3333,0
-6.5475e-05,0.054273,-2.454e-05,0,13.056,9.3333,0
-6.2915e-05,0.054261,-5.2743e-05,0,13.361,9.3333,0
-6.0266e-05,0.054238,-8.2387e-05,0,13.667,9.3333,0
-5.769e-05,0.054197,-0.00011301,0,13.972,9.3333,0
-5.518e-05,0.054143,-0.00014285,0,14.278,9.3333,0
-5.2666e-05,0.054071,-0.00017297,0,14.583,9.3333,0
-5.0171e-05,0.053985,-0.00020371,0,14.889,9.3333,0
-4.7659e-05,0.053882,-0.00023797,0,15.194,9.3333,0
-4.5177e-05,0.053763,-0.00027289,0,15.5,9.3333,0
-4.2649e-05,0.053626,-0.00030624,0,15.806,9.3333,0
-4.0193e-05,0.053472,-0.00033515,0,16.111,9.3333,0
-3.7711e-05,0.053303,-0.00036188,0,16.417,9.3333,0
-3.5257e-05,0.053119,-0.00038768,0,16.722,9.3333,0
-3.2818e-05,0.052921,-0.00041173,0,17.028,9.3333,0
-3.0409e-05,0.05271,-0.00043131,0,17.333,9.3333,0
-2.8032e-05,0.05249,-0.00044804,0,17.639,9.3333,0
-2.5697e-05,0.052261,-0.00046537,0,17.944,9.3333,0
-2.3408e-05,0.052026,-0.00048287,0,18.25,9.3333,0
-2.1171e-05,0.051787,-0.00049586,0,18.556,9.3333,0
-1.8985e-05,0.051548,-0.00049967,0,18.861,9.3333,0
-1.6846e-05,0.051312,-0.00049628,0,19.167,9.3333,0
-1.4759e-05,0.051082,-0.00049042,0,19.472,9.3333,0
-1.2721e-05,0.050859,-0.00048312,0,19.778,9.3333,0
-1.0743e-05,0.050645,-0.00046903,0,20.083,9.3333,0
-8.8205e-06,0.050443,-0.00044322,0,20.389,9.3333,0
-6.9522e-06,0.050257,-0.00040572,0,20.694,9.3333,0
-5.1403e-06,0.050091,-0.00036171,0,21,9.3333,0
-3.3913e-06,0.049946,-0.00031614,0,21.306,9.3333,0
-1.704e-06,0.049824,-0.00026926,0,21.611,9.3333,0
-1.1266e-07,0.049727,-0.0002176,0,21.917,9.3333,0
1.4167e-06,0.049657,-0.00015663,0,22.222,9.3333,0
2.8058e-06,0.049619,-8.5743e-05,0,22.528,9.3333,0
4.0469e-06,0.049616,-7.4364e-06,0,22.833,9.3333,0
5.4402e-06,0.049651,7.6366e-05,0,23.139,9.3333,0
6.5196e-06,0.049727,0.00016795,0,23.444,9.3333,0
7.3441e-06,0.049854,0.00026781,0,23.75,9.3333,0
8.0184e-06,0.050038,0.0003667,0,24.056,9.3333,0
8.2473e-06,0.05028,0.00045541,0,24.361,9.3333,0
8.1598e-06,0.05057,0.0005227,0,24.667,9.3333,0
7.6574e-06,0.050891,0.0005628,0,24.972,9.3333,0
6.7891e-06,0.051223,0.00057564,0,25.278,9.3333,0
5.6016e-06,0.051547,0.00056388,0,25.583,9.3333,0
4.1827e-06,0.051848,0.0005283,0,25.889,9.3333,0
2.6049e-06,0.052113,0.00046823,0,26.194,9.3333,0
9.5129e-07,0.052335,0.00038494,0,26.5,9.3333,0
-7.0823e-07,0.052509,0.00028654,0,26.806,9.3333,0
-2.3304e-06,0.052635,0.00018627,0,27.111,9.3333,0
-3.828e-06,0.052717,9.8116e-05,0,27.417,9.3333,0
-5.2022e-06,0.052759,2.7243e-05,0,27.722,9.3333,0
-6.5674e-06,0.052766,-2.8806e-05,0,28.028,9.3333,0
-7.5792e-06,0.052745,-7.5781e-05,0,28.333,9.3333,0
-8.3608e-06,0.052697,-0.00011701,0,28.639,9.3333,0
-8.9331e-06,0.05263,-0.00015294,0,28.944,9.3333,0
-9.2512e-06,0.052542,-0.00018689,0,29.25,9.3333,0
-9.4796e-06,0.052439,-0.00021841,0,29.556,9.3333,0
-9.4939e-06,0.052321,-0.00024827,0,29.861,9.3333,0
-9.3894e-06,0.052191,-0.00027567,0,30.167,9.3333,0
-9.1382e-06,0.052051,-0.00030035,0,30.472,9.3333,0
-8.7755e-06,0.051901,-0.00032188,0,30.778,9.3333,0
-8.3036e-06,0.051744,-0.00034103,0,31.083,9.3333,0
-7.7444e-06,0.051578,-0.00035795,0,31.389,9.3333,0
-7.1062e-06,0.051406,-0.00037307,0,31.694,9.3333,0
-6.4046e-06,0.051225,-0.00038642,0,32,9.3333,0
-5.6445e-06,0.051036,-0.00039813,0,32.306,9.3333,0
-4.8369e-06,0.05084,-0.00040839,0,32.611,9.3333,0
-3.9857e-06,0.050638,-0.00041746,0,32.917,9.3333,0
-3.0991e-06,0.05043,-0.00042639,0,33.222,9.3333,0
-2.1814e-06,0.050217,-0.00043553,0,33.528,9.3333,0
-1.2397e-06,0.049998,-0.00044518,0,33.833,9.3333,0
-2.782e-07,0.049776,-0.0004547,0,34.139,9.3333,0
6.9854e-07,0.049549,-0.0004631,0,34.444,9.3333,0
1.6893e-06,0.049323,-0.00046859,0,34.75,9.3333,0
2.7012e-06,0.049098,-0.00046992,0,35.056,9.3333,0
3.7308e-06,0.048875,-0.00046744,0,35.361,9.3333,0
4.7912e-06,0.048654,-0.00046359,0,35.667,9.3333,0
5.8671e-06,0.048434,-0.00045955,0,35.972,9.3333,0
6.9626e-06,0.048218,-0.00045212,0,36.278,9.3333,0
8.1068e-06,0.048018,-0.00043301,0,36.583,9.3333,0
9.2964e-06,0.047844,-0.00039412,0,36.889,9.3333,0
1.0602e-05,0.047699,-0.00033444,0,37.194,9.3333,0
1.2032e-05,0.047572,-0.00026344,0,37.5,9.3333,0
1.3498e-05,0.047445,-0.00019008,0,37.806,9.3333,0
1.5176e-05,0.047314,-0.0001069,0,38.111,9.3333,0
1.6781e-05,0.047205,2.1127e-05,0,38.417,9.3333,0
1.8326e-05,0.047199,0.00024535,0,38.722,9.3333,0
2.035e-05,0.047414,0.00058326,0,39.028,9.3333,0
2.2173e-05,0.047917,0.00097471,0,39.333,9.3333,0
2.3243e-05,0.048667,0.0013092,0,39.639,9.3333,0
2.3657e-05,0.049553,0.0015046,0,39.944,9.3333,0
2.3209e-05,0.05046,0.0015444,0,40.25,9.3333,0
2.1978e-05,0.051303,0.0014575,0,40.556,9.3333,0
2.0232e-05,0.052025,0.0012846,0,40.861,9.3333,0
1.8131e-05,0.052605,0.0010656,0,41.167,9.3333,0
1.5691e-05,0.053041,0.00083045,0,41.472,9.3333,0
1.3121e-05,0.053345,0.00059821,0,41.778,9.3333,0
1.0645e-05,0.053534,0.00037947,0,42.083,9.3333,0
8.3579e-06,0.053625,0.00018299,0,42.389,9.3333,0
6.2917e-06,0.053632,1.2894e-05,0,42.694,9.3333,0
4.4714e-06,0.053568,-0.00013009,0,43,9.3333,0
2.9093e-06,0.053447,-0.00024687,0,43.306,9.3333,0
1.5928e-06,0.053283,-0.00033912,0,43.611,9.3333,0
5.213e-07,0.053086,-0.00040836,0,43.917,9.3333,0
-3.2622e-07,0.052865,-0.00045944,0,44.222,9.3333,0
-9.7103e-07,0.052627,-0.00049431,0,44.528,9.3333,0
-1.4345e-06,0.052378,-0.00051752,0,44.833,9.3333,0
-1.7335e-06,0.052124,-0.00053029,0,45.139,9.3333,0
-1.8907e-06,0.051869,-0.00053575,0,45.444,9.3333,0
-1.9191e-06,0.051615,-0.0005361,0,45.75,9.3333,0
-1.8437e-06,0.051364,-0.00053322,0,46.056,9.3333,0
-1.6719e-06,0.051116,-0.00052989,0,46.361,9.3333,0
-1.4325e-06,0.050873,-0.00052542,0,46.667,9.3333,0
-1.1206e-06,0.050633,-0.00051992,0,46.972,9.3333,0
-7.6646e-07,0.050399,-0.00051095,0,47.278,9.3333,0
-3.5343e-07,0.05017,-0.00049859,0,47.583,9.3333,0
9.2449e-08,0.049942,-0.00048644,0,47.889,9.3333,0
5.8084e-07,0.049714,-0.00047891,0,48.194,9.3333,0
1.0734e-06,0.049484,-0.00047951,0,48.5,9.3333,0
1.58e-06,0.049251,-0.00048486,0,48.806,9.3333,0
2.0778e-06,0.049019,-0.00048702,0,49.111,9.3333,0
2.6009e-06,0.048794,-0.00047881,0,49.417,9.3333,0
3.1406e-06,0.048574,-0.00046303,0,49.722,9.3333,0
3.7028e-06,0.048353,-0.00045299,0,50.028,9.3333,0
4.2458e-06,0.048121,-0.0004633,0,50.333,9.3333,0
4.7556e-06,0.047874,-0.00049627,0,50.639,9.3333,0
5.199e-06,0.047613,-0.0005359,0,50.944,9.3333,0
5.6269e-06,0.047357,-0.00055644,0,51.25,9.3333,0
6.0356e-06,0.047119,-0.00053992,0,51.556,9.3333,0
6.544e-06,0.046908,-0.00049377,0,51.861,9.3333,0
7.1047e-06,0.046712,-0.00045171,0,52.167,9.3333,0
7.69e-06,0.046508,-0.00046074,0,52.472,9.3333,0
8.3074e-06,0.046257,-0.0005457,0,52.778,9.3333,0
8.6399e-06,0.045943,-0.00068406,0,53.083,9.3333,0
8.933e-06,0.045575,-0.00079243,0,53.389,9.3333,0
9.2154e-06,0.045203,-0.00074661,0,53.694,9.3333,0
9.46e-06,0.044914,-0.00039879,0,54,9.3333,0
1.1131e-05,0.044879,0.00035605,0,54.306,9.3333,0
1.4367e-05,0.045251,0.0014283,0,54.611,9.3333,0
1.809e-05,0.046103,0.0024844,0,54.917,9.3333,0
2.2113e-05,0.047361,0.0031689,0,55.222,9.3333,0
2.5065e-05,0.048861,0.0033406,0,55.528,9.3333,0
2.627e-05,0.050411,0.0030764,0,55.833,9.3333,0
2.562e-05,0.051842,0.0025385,0,56.139,9.3333,0
2.3677e-05,0.053038,0.0018914,0,56.444,9.3333,0
2.0828e-05,0.05394,0.001258,0,56.75,9.3333,0
1.7752e-05,0.054546,0.00071825,0,57.056,9.3333,0
1.4656e-05,0.054884,0.0002983,0,57.361,9.3333,0
1.1834e-05,0.055003,-1.2577e-05,0,57.667,9.3333,0
9.2991e-06,0.054951,-0.000245,0,57.972,9.3333,0
7.1666e-06,0.054776,-0.00041726,0,58.278,9.3333,0
5.2773e-06,0.054514,-0.0005484,0,58.583,9.3333,0
3.6628e-06,0.054195,-0.00064311,0,58.889,9.3333,0
2.338e-06,0.05384,-0.00070621,0,59.194,9.3333,0
1.2077e-06,0.053467,-0.00075277,0,59.5,9.3333,0
2.7492e-07,0.053079,-0.00077042,0,59.806,9.3333,0
-5.1935e-07,0.0527,-0.00078506,0,60.111,9.3333,0
-1.1782e-06,0.05231,-0.00077951,0,60.417,9.3333,0
-1.7447e-06,0.051942,-0.00077504,0,60.722,9.3333,0
-2.2212e-06,0.051566,-0.00077162,0,61.028,9.3333,0
-2.6577e-06,0.051215,-0.00074921,0,61.333,9.3333,0
-2.991e-06,0.050871,-0.00073201,0,61.639,9.3333,0
-3.3159e-06,0.050547,-0.00070481,0,61.944,9.3333,0
-3.5467e-06,0.050236,-0.00067057,0,62.25,9.3333,0
-3.7576e-06,0.049945,-0.00064124,0,62.556,9.3333,0
-3.9202e-06,0.049657,-0.00062115,0,62.861,9.3333,0
-4.0957e-06,0.04938,-0.0006043,0,63.167,9.3333,0
-4.2333e-06,0.049109,-0.0005857,0,63.472,9.3333,0
-4.394e-06,0.048855,-0.00056782,0,63.778,9.3333,0
-4.6775e-06,0.048606,-0.00054584,0,64.083,9.3333,0
-4.5861e-06,0.048381,-0.00051413,0,64.389,9.3333,0
-5.3289e-06,0.048142,-0.0004894,0,64.694,9.3333,0
0,0.047958,-0.000483,0,65,9.3333,0
-5.9861e-05,0,0,0,10.306,10,0
-8.966e-05,0,0,0,10.611,10,0
-8.2524e-05,0,0,0,10.917,10,0
-8.0403e-05,0,0,0,11.222,10,0
-7.7998e-05,0,0,0,11.528,10,0
-7.5558e-05,0,0,0,11.833,10,0
-7.2906e-05,0,0,0,12.139,10,0
-7.0294e-05,0,0,0,12.444,10,0
-6.7659e-05,0,0,0,12.75,10,0
-6.5166e-05,0,0,0,13.056,10,0
-6.2856e-05,0,0,0,13.361,10,0
-6.0243e-05,0,0,0,13.667,10,0
-5.7685e-05,0,0,0,13.972,10,0
-5.5207e-05,0,0,0,14.278,10,0
-5.2702e-05,0,0,0,14.583,10,0
-5.0194e-05,0,0,0,14.889,10,0
-4.7656e-05,0,0,0,15.194,10,0
-4.5154e-05,0,0,0,15.5,10,0
-4.2572e-05,0,0,0,15.806,10,0
-4.011e-05,0,0,0,16.111,10,0
-3.7602e-05,0,0,0,16.417,10,0
-3.5133e-05,0,0,0,16.722,10,0
-3.2679e-05,0,0,0,17.028,10,0
-3.0256e-05,0,0,0,17.333,10,0
-2.7864e-05,0,0,0,17.639,10,0
-2.5512e-05,0,0,0,17.944,10,0
-2.3207e-05,0,0,0,18.25,10,0
-2.0955e-05,0,0,0,18.556,10,0
-1.876e-05,0,0,0,18.861,10,0
-1.6619e-05,0,0,0,19.167,10,0
-1.454e-05,0,0,0,19.472,10,0
-1.2518e-05,0,0,0,19.778,10,0
-1.0566e-05,0,0,0,20.083,10,0
-8.675e-06,0,0,0,20.389,10,0
-6.8459e-06,0,0,0,20.694,10,0
-5.0781e-06,0,0,0,21,10,0
-3.3806e-06,0,0,0,21.306,10,0
-1.7429e-06,0,0,0,21.611,10,0
-2.1796e-07,0,0,0,21.917,10,0
1.2569e-06,0,0,0,22.222,10,0
2.545e-06,0,0,0,22.528,10,0
3.634e-06,0,0,0,22.833,10,0
5.1372e-06,0,0,0,23.139,10,0
6.2157e-06,0,0,0,23.444,10,0
6.9481e-06,0,0,0,23.75,10,0
7.6409e-06,0,0,0,24.056,10,0
7.8333e-06,0,0,0,24.361,10,0
7.7733e-06,0,0,0,24.667,10,0
7.3105e-06,0,0,0,24.972,10,0
6.5064e-06,0,0,0,25.278,10,0
5.4112e-06,0,0,0,25.583,10,0
4.1062e-06,0,0,0,25.889,10,0
2.6518e-06,0,0,0,26.194,10,0
1.1147e-06,0,0,0,26.5,10,0
-4.2633e-07,0,0,0,26.806,10,0
-1.9569e-06,0,0,0,27.111,10,0
-3.3463e-06,0,0,0,27.417,10,0
-4.6531e-06,0,0,0,27.722,10,0
-6.119e-06,0,0,0,28.028,10,0
-7.144e-06,0,0,0,28.333,10,0
-7.9294e-06,0,0,0,28.639,10,0
-8.4951e-06,0,0,0,28.944,10,0
-8.7782e-06,0,0,0,29.25,10,0
-9.0367e-06,0,0,0,29.556,10,0
-9.0526e-06,0,0,0,29.861,10,0
-8.9675e-06,0,0,0,30.167,10,0
-8.7312e-06,0,0,0,30.472,10,0
-8.3858e-06,0,0,0,30.778,10,0
-7.9303e-06,0,0,0,31.083,10,0
-7.3859e-06,0,0,0,31.389,10,0
-6.7591e-06,0,0,0,31.694,10,0
-6.0655e-06,0,0,0,32,10,0
-5.3114e-06,0,0,0,32.306,10,0
-4.509e-06,0,0,0,32.611,10,0
-3.6634e-06,0,0,0,32.917,10,0
-2.783e-06,0,0,0,33.222,10,0
-1.8729e-06,0,0,0,33.528,10,0
-9.3882e-07,0,0,0,33.833,10,0
1.555e-08,0,0,0,34.139,10,0
9.8734e-07,0,0,0,34.444,10,0
1.9766e-06,0,0,0,34.75,10,0
2.9863e-06,0,0,0,35.056,10,0
4.0149e-06,0,0,0,35.361,10,0
5.0743e-06,0,0,0,35.667,10,0
6.1472e-06,0,0,0,35.972,10,0
7.2558e-06,0,0,0,36.278,10,0
8.3929e-06,0,0,0,36.583,10,0
9.5709e-06,0,0,0,36.889,10,0
1.0837e-05,0,0,0,37.194,10,0
1.2152e-05,0,0,0,37.5,10,0
1.3536e-05,0,0,0,37.806,10,0
1.4942e-05,0,0,0,38.111,10,0
1.6242e-05,0,0,0,38.417,10,0
1.7743e-05,0,0,0,38.722,10,0
1.9881e-05,0,0,0,39.028,10,0
2.1722e-05,0,0,0,39.333,10,0
2.2844e-05,0,0,0,39.639,10,0
2.3439e-05,0,0,0,39.944,10,0
2.3153e-05,0,0,0,40.25,10,0
2.2151e-05,0,0,0,40.556,10,0
2.0499e-05,0,0,0,40.861,10,0
1.8382e-05,0,0,0,41.167,10,0
1.603e-05,0,0,0,41.472,10,0
1.3612e-05,0,0,0,41.778,10,0
1.1233e-05,0,0,0,42.083,10,0
9.0001e-06,0,0,0,42.389,10,0
6.9626e-06,0,0,0,42.694,10,0
5.1473e-06,0,0,0,43,10,0
3.5773e-06,0,0,0,43.306,10,0
2.2418e-06,0,0,0,43.611,10,0
1.1422e-06,0,0,0,43.917,10,0
2.6577e-07,0,0,0,44.222,10,0
-4.1285e-07,0,0,0,44.528,10,0
-9.1089e-07,0,0,0,44.833,10,0
-1.2452e-06,0,0,0,45.139,10,0
-1.4374e-06,0,0,0,45.444,10,0
-1.4996e-06,0,0,0,45.75,10,0
-1.4559e-06,0,0,0,46.056,10,0
-1.3129e-06,0,0,0,46.361,10,0
-1.0984e-06,0,0,0,46.667,10,0
-8.1025e-07,0,0,0,46.972,10,0
-4.7507e-07,0,0,0,47.278,10,0
-7.9586e-08,0,0,0,47.583,10,0
3.4918e-07,0,0,0,47.889,10,0
8.2174e-07,0,0,0,48.194,10,0
1.3021e-06,0,0,0,48.5,10,0
1.8014e-06,0,0,0,48.806,10,0
2.2902e-06,0,0,0,49.111,10,0
2.8e-06,0,0,0,49.417,10,0
3.3163e-06,0,0,0,49.722,10,0
3.86e-06,0,0,0,50.028,10,0
4.3986e-06,0,0,0,50.333,10,0
4.9179e-06,0,0,0,50.639,10,0
5.3851e-06,0,0,0,50.944,10,0
5.8387e-06,0,0,0,51.25,10,0
6.2608e-06,0,0,0,51.556,10,0
6.7743e-06,0,0,0,51.861,10,0
7.3371e-06,0,0,0,52.167,10,0
7.9266e-06,0,0,0,52.472,10,0
8.6148e-06,0,0,0,52.778,10,0
8.9854e-06,0,0,0,53.083,10,0
9.4089e-06,0,0,0,53.389,10,0
9.7412e-06,0,0,0,53.694,10,0
1.0019e-05,0,0,0,54,10,0
1.2411e-05,0,0,0,54.306,10,0
1.7063e-05,0,0,0,54.611,10,0
2.1695e-05,0,0,0,54.917,10,0
2.5777e-05,0,0,0,55.222,10,0
2.8305e-05,0,0,0,55.528,10,0
2.8876e-05,0,0,0,55.833,10,0
2.8135e-05,0,0,0,56.139,10,0
2.6607e-05,0,0,0,56.444,10,0
2.4038e-05,0,0,0,56.75,10,0
2.0853e-05,0,0,0,57.056,10,0
1.7428e-05,0,0,0,57.361,10,0
1.4114e-05,0,0,0,57.667,10,0
1.1132e-05,0,0,0,57.972,10,0
8.7377e-06,0,0,0,58.278,10,0
6.657e-06,0,0,0,58.583,10,0
4.8587e-06,0,0,0,58.889,10,0
3.3956e-06,0,0,0,59.194,10,0
2.1445e-06,0,0,0,59.5,10,0
1.1088e-06,0,0,0,59.806,10,0
2.2428e-07,0,0,0,60.111,10,0
-5.098e-07,0,0,0,60.417,10,0
-1.1437e-06,0,0,0,60.722,10,0
-1.6714e-06,0,0,0,61.028,10,0
-2.1582e-06,0,0,0,61.333,10,0
-2.5351e-06,0,0,0,61.639,10,0
-2.9012e-06,0,0,0,61.944,10,0
-3.1752e-06,0,0,0,62.25,10,0
-3.4223e-06,0,0,0,62.556,10,0
-3.6201e-06,0,0,0,62.861,10,0
-3.8087e-06,0,0,0,63.167,10,0
-3.9758e-06,0,0,0,63.472,10,0
-4.1352e-06,0,0,0,63.778,10,0
-4.4379e-06,0,0,0,64.083,10,0
-4.3251e-06,0,0,0,64.389,10,0
-4.8918e-06,0,0,0,64.694,10,0
-3.2328e-06,0.021185,-0.0001162,0,65,10,0
