"p","U:0","U:1","U:2","Points:0","Points:1","Points:2"
0.00016086,0.049998,9.657e-06,0,-24.75,-9.3333,0
0.00016188,0,0,0,-24.75,-10,0
0.00016121,0.05,0,0,-25,-9.3333,0
0.00016248,0.023084,0,0,-25,-10,0
0.0001604,0.049998,1.5591e-05,0,-24.5,-9.3333,0
0.00016109,0,0,0,-24.5,-10,0
0.00016014,0.049996,1.9956e-05,0,-24.25,-9.3333,0
0.0001607,0,0,0,-24.25,-10,0
0.00015985,0.049993,2.3633e-05,0,-24,-9.3333,0
0.00016027,0,0,0,-24,-10,0
0.00015957,0.04999,2.6386e-05,0,-23.75,-9.3333,0
0.00015989,0,0,0,-23.75,-10,0
0.00015931,0.049986,2.8542e-05,0,-23.5,-9.3333,0
0.00015955,0,0,0,-23.5,-10,0
0.00015905,0.049983,3.0177e-05,0,-23.25,-9.3333,0
0.00015924,0,0,0,-23.25,-10,0
0.00015881,0.049978,3.1469e-05,0,-23,-9.3333,0
0.00015894,0,0,0,-23,-10,0
0.00015856,0.049974,3.2433e-05,0,-22.75,-9.3333,0
0.00015866,0,0,0,-22.75,-10,0
0.00015832,0.04997,3.3202e-05,0,-22.5,-9.3333,0
0.00015839,0,0,0,-22.5,-10,0
0.00015807,0.049965,3.3741e-05,0,-22.25,-9.3333,0
0.00015812,0,0,0,-22.25,-10,0
0.00015782,0.04996,3.4175e-05,0,-22,-9.3333,0
0.00015785,0,0,0,-22,-10,0
0.00015756,0.049955,3.4442e-05,0,-21.75,-9.3333,0
0.00015757,0,0,0,-21.75,-10,0
0.00015729,0.049951,3.4641e-05,0,-21.5,-9.3333,0
0.00015729,0,0,0,-21.5,-10,0
0.00015701,0.049946,3.4703e-05,0,-21.25,-9.3333,0
0.000157,0,0,0,-21.25,-10,0
0.00015672,0.049941,3.4692e-05,0,-21,-9.3333,0
0.0001567,0,0,0,-21,-10,0
0.00015642,0.049936,3.4548e-05,0,-20.75,-9.3333,0
0.00015639,0,0,0,-20.75,-10,0
0.0001561,0.049931,3.4341e-05,0,-20.5,-9.3333,0
0.00015606,0,0,0,-20.5,-10,0
0.00015577,0.049927,3.3952e-05,0,-20.25,-9.3333,0
0.00015572,0,0,0,-20.25,-10,0
0.00015542,0.049922,3.355e-05,0,-20,-9.3333,0
0.00015536,0,0,0,-20,-10,0
0.00015505,0.049918,3.2924e-05,0,-19.75,-9.3333,0
0.00015498,0,0,0,-19.75,-10,0
0.00015465,0.049914,3.2257e-05,0,-19.5,-9.3333,0
0.00015457,0,0,0,-19.5,-10,0
0.00015424,0.04991,3.1378e-05,0,-19.25,-9.3333,0
0.00015415,0,0,0,-19.25,-10,0
0.00015379,0.049907,3.0429e-05,0,-19,-9.3333,0
0.0001537,0,0,0,-19,-10,0
0.00015332,0.049904,2.9252e-05,0,-18.75,-9.3333,0
0.00015322,0,0,0,-18.75,-10,0
0.00015282,0.049901,2.7936e-05,0,-18.5,-9.3333,0
0.0001527,0,0,0,-18.5,-10,0
0.00015229,0.049899,2.6466e-05,0,-18.25,-9.3333,0
0.00015216,0,0,0,-18.25,-10,0
0.00015172,0.049898,2.4706e-05,0,-18,-9.3333,0
0.00015158,0,0,0,-18,-10,0
0.00015111,0.049897,2.2894e-05,0,-17.75,-9.3333,0
0.00015096,0,0,0,-17.75,-10,0
0.00015046,0.049897,2.0732e-05,0,-17.5,-9.3333,0
0.00015029,0,0,0,-17.5,-10,0
0.00014977,0.049897,1.8385e-05,0,-17.25,-9.3333,0
0.00014959,0,0,0,-17.25,-10,0
0.00014903,0.049899,1.5856e-05,0,-17,-9.3333,0
0.00014883,0,0,0,-17,-10,0
0.00014824,0.049902,1.304e-05,0,-16.75,-9.3333,0
0.00014802,0,0,0,-16.75,-10,0
0.00014739,0.049905,1.0033e-05,0,-16.5,-9.3333,0
0.00014715,0,0,0,-16.5,-10,0
0.00014648,0.04991,6.6202e-06,0,-16.25,-9.3333,0
0.00014622,0,0,0,-16.25,-10,0
0.0001455,0.049916,3.0226e-06,0,-16,-9.3333,0
0.00014522,0,0,0,-16,-10,0
0.00014446,0.049923,-9.2385e-07,0,-15.75,-9.3333,0
0.00014416,0,0,0,-15.75,-10,0
0.00014336,0.049932,-4.955e-06,0,-15.5,-9.3333,0
0.00014303,0,0,0,-15.5,-10,0
0.00014215,0.049943,-9.531e-06,0,-15.25,-9.3333,0
0.0001418,0,0,0,-15.25,-10,0
0.00014086,0.049955,-1.4394e-05,0,-15,-9.3333,0
0.00014047,0,0,0,-15,-10,0
0.00013947,0.049968,-1.9834e-05,0,-14.75,-9.3333,0
0.00013904,0,0,0,-14.75,-10,0
0.00013798,0.049985,-2.5469e-05,0,-14.5,-9.3333,0
0.00013751,0,0,0,-14.5,-10,0
0.00013639,0.050002,-3.1558e-05,0,-14.25,-9.3333,0
0.00013587,0,0,0,-14.25,-10,0
0.00013467,0.050023,-3.7999e-05,0,-14,-9.3333,0
0.0001341,0,0,0,-14,-10,0
0.00013282,0.050045,-4.5298e-05,0,-13.75,-9.3333,0
0.00013221,0,0,0,-13.75,-10,0
0.00013084,0.050071,-5.309e-05,0,-13.5,-9.3333,0
0.00013016,0,0,0,-13.5,-10,0
0.00012871,0.050099,-6.2083e-05,0,-13.25,-9.3333,0
0.00012795,0,0,0,-13.25,-10,0
0.00012641,0.050131,-7.1351e-05,0,-13,-9.3333,0
0.00012556,0,0,0,-13,-10,0
0.00012395,0.050165,-8.2146e-05,0,-12.75,-9.3333,0
0.000123,0,0,0,-12.75,-10,0
0.00012129,0.050203,-9.2885e-05,0,-12.5,-9.3333,0
0.0001202,0,0,0,-12.5,-10,0
0.00011843,0.050245,-0.00010597,0,-12.25,-9.3333,0
0.00011721,0,0,0,-12.25,-10,0
0.00011536,0.050291,-0.00011868,0,-12,-9.3333,0
0.00011391,0,0,0,-12,-10,0
0.00011204,0.050341,-0.00013506,0,-11.75,-9.3333,0
0.00011038,0,0,0,-11.75,-10,0
0.00010851,0.050397,-0.00015079,0,-11.5,-9.3333,0
0.00010651,0,0,0,-11.5,-10,0
0.00010463,0.050455,-0.00017205,0,-11.25,-9.3333,0
0.00010225,0,0,0,-11.25,-10,0
0.00010074,0.050523,-0.00019345,0,-11,-9.3333,0
9.785e-05,0,0,0,-11,-10,0
9.6116e-05,0.050589,-0.00022077,0,-10.75,-9.3333,0
9.2522e-05,0,0,0,-10.75,-10,0
9.237e-05,0.050677,-0.00025666,0,-10.5,-9.3333,0
8.8282e-05,0,0,0,-10.5,-10,0
8.6325e-05,0.050747,-0.00030451,0,-10.25,-9.3333,0
8.0469e-05,0,0,0,-10.25,-10,0
7.9321e-05,0.050841,-0.00034107,-2.0871e-24,-10,-9.3333,0
8.3514e-05,0,0,0,-10,-10,0
0.00015986,0.050001,6.0563e-06,0,-24.75,-8.6667,0
0.00015992,0.05,0,0,-25,-8.6667,0
0.00015976,0.050003,9.8667e-06,0,-24.5,-8.6667,0
0.00015963,0.050006,1.3242e-05,0,-24.25,-8.6667,0
0.00015948,0.050008,1.6018e-05,0,-24,-8.6667,0
0.00015932,0.050011,1.824e-05,0,-23.75,-8.6667,0
0.00015914,0.050015,2.0097e-05,0,-23.5,-8.6667,0
0.00015895,0.050018,2.157e-05,0,-23.25,-8.6667,0
0.00015875,0.050021,2.28e-05,0,-23,-8.6667,0
0.00015855,0.050024,2.3747e-05,0,-22.75,-8.6667,0
0.00015834,0.050028,2.4536e-05,0,-22.5,-8.6667,0
0.00015812,0.050031,2.5079e-05,0,-22.25,-8.6667,0
0.00015789,0.050034,2.5523e-05,0,-22,-8.6667,0
0.00015765,0.050037,2.5775e-05,0,-21.75,-8.6667,0
0.0001574,0.050041,2.5939e-05,0,-21.5,-8.6667,0
0.00015714,0.050044,2.5911e-05,0,-21.25,-8.6667,0
0.00015687,0.050047,2.5771e-05,0,-21,-8.6667,0
0.00015659,0.05005,2.5397e-05,0,-20.75,-8.6667,0
0.00015629,0.050054,2.4927e-05,0,-20.5,-8.6667,0
0.00015597,0.050057,2.4142e-05,0,-20.25,-8.6667,0
0.00015564,0.050061,2.3288e-05,0,-20,-8.6667,0
0.00015529,0.050065,2.2073e-05,0,-19.75,-8.6667,0
0.00015492,0.050069,2.0748e-05,0,-19.5,-8.6667,0
0.00015452,0.050073,1.9075e-05,0,-19.25,-8.6667,0
0.0001541,0.050078,1.7214e-05,0,-19,-8.6667,0
0.00015366,0.050083,1.4921e-05,0,-18.75,-8.6667,0
0.00015318,0.050088,1.2404e-05,0,-18.5,-8.6667,0
0.00015268,0.050094,9.5189e-06,0,-18.25,-8.6667,0
0.00015214,0.0501,6.1759e-06,0,-18,-8.6667,0
0.00015156,0.050107,2.5219e-06,0,-17.75,-8.6667,0
0.00015095,0.050115,-1.5431e-06,0,-17.5,-8.6667,0
0.0001503,0.050123,-6.1033e-06,0,-17.25,-8.6667,0
0.0001496,0.050133,-1.1017e-05,0,-17,-8.6667,0
0.00014885,0.050143,-1.6513e-05,0,-16.75,-8.6667,0
0.00014805,0.050154,-2.2354e-05,0,-16.5,-8.6667,0
0.00014719,0.050166,-2.8797e-05,0,-16.25,-8.6667,0
0.00014627,0.050179,-3.5759e-05,0,-16,-8.6667,0
0.00014528,0.050194,-4.3336e-05,0,-15.75,-8.6667,0
0.00014423,0.05021,-5.1346e-05,0,-15.5,-8.6667,0
0.0001431,0.050227,-6.0076e-05,0,-15.25,-8.6667,0
0.00014188,0.050247,-6.9508e-05,0,-15,-8.6667,0
0.00014057,0.050267,-7.9778e-05,0,-14.75,-8.6667,0
0.00013918,0.05029,-9.0666e-05,0,-14.5,-8.6667,0
0.00013767,0.050314,-0.00010238,0,-14.25,-8.6667,0
0.00013606,0.050341,-0.00011479,0,-14,-8.6667,0
0.00013432,0.05037,-0.00012841,0,-13.75,-8.6667,0
0.00013246,0.050401,-0.00014291,0,-13.5,-8.6667,0
0.00013045,0.050435,-0.0001589,0,-13.25,-8.6667,0
0.00012832,0.050472,-0.00017569,0,-13,-8.6667,0
0.000126,0.050511,-0.00019424,0,-12.75,-8.6667,0
0.00012355,0.050553,-0.00021351,0,-12.5,-8.6667,0
0.00012088,0.050598,-0.00023487,0,-12.25,-8.6667,0
0.00011809,0.050648,-0.00025689,0,-12,-8.6667,0
0.00011503,0.050699,-0.00028156,0,-11.75,-8.6667,0
0.00011187,0.050755,-0.00030702,0,-11.5,-8.6667,0
0.00010839,0.050814,-0.00033584,0,-11.25,-8.6667,0
0.00010489,0.050877,-0.00036578,0,-11,-8.6667,0
0.00010101,0.050941,-0.00039812,0,-10.75,-8.6667,0
9.7371e-05,0.051011,-0.00043644,0,-10.5,-8.6667,0
9.3115e-05,0.051076,-0.00047098,0,-10.25,-8.6667,0
8.8962e-05,0.051148,-0.00051406,0,-10,-8.6667,0
0.00015958,0.05,2.0935e-06,0,-24.75,-8,0
0.0001596,0.05,0,0,-25,-8,0
0.00015951,0.050002,4.1386e-06,0,-24.5,-8,0
0.00015943,0.050003,6.1225e-06,0,-24.25,-8,0
0.00015932,0.050005,8.019e-06,0,-24,-8,0
0.00015919,0.050008,9.7395e-06,0,-23.75,-8,0
0.00015905,0.05001,1.1345e-05,0,-23.5,-8,0
0.0001589,0.050013,1.2711e-05,0,-23.25,-8,0
0.00015874,0.050015,1.3939e-05,0,-23,-8,0
0.00015857,0.050018,1.4942e-05,0,-22.75,-8,0
0.00015839,0.050021,1.5786e-05,0,-22.5,-8,0
0.0001582,0.050023,1.6406e-05,0,-22.25,-8,0
0.000158,0.050026,1.6913e-05,0,-22,-8,0
0.00015779,0.050029,1.7219e-05,0,-21.75,-8,0
0.00015757,0.050032,1.7414e-05,0,-21.5,-8,0
0.00015734,0.050034,1.7352e-05,0,-21.25,-8,0
0.0001571,0.050037,1.7138e-05,0,-21,-8,0
0.00015684,0.05004,1.6624e-05,0,-20.75,-8,0
0.00015657,0.050043,1.5917e-05,0,-20.5,-8,0
0.00015629,0.050046,1.4829e-05,0,-20.25,-8,0
0.00015599,0.050049,1.3586e-05,0,-20,-8,0
0.00015567,0.050052,1.1891e-05,0,-19.75,-8,0
0.00015533,0.050056,1.0011e-05,0,-19.5,-8,0
0.00015497,0.05006,7.6136e-06,0,-19.25,-8,0
0.0001546,0.050064,4.9384e-06,0,-19,-8,0
0.00015419,0.050068,1.6571e-06,0,-18.75,-8,0
0.00015376,0.050073,-1.9287e-06,0,-18.5,-8,0
0.0001533,0.050078,-6.1885e-06,0,-18.25,-8,0
0.00015281,0.050083,-1.0847e-05,0,-18,-8,0
0.0001523,0.050089,-1.6177e-05,0,-17.75,-8,0
0.00015174,0.050096,-2.1989e-05,0,-17.5,-8,0
0.00015115,0.050103,-2.8594e-05,0,-17.25,-8,0
0.00015052,0.050111,-3.5677e-05,0,-17,-8,0
0.00014984,0.05012,-4.3547e-05,0,-16.75,-8,0
0.00014913,0.05013,-5.1993e-05,0,-16.5,-8,0
0.00014835,0.05014,-6.1303e-05,0,-16.25,-8,0
0.00014752,0.050152,-7.1396e-05,0,-16,-8,0
0.00014663,0.050165,-8.2339e-05,0,-15.75,-8,0
0.00014569,0.050179,-9.4043e-05,0,-15.5,-8,0
0.00014467,0.050194,-0.00010669,0,-15.25,-8,0
0.00014358,0.050211,-0.00012044,0,-15,-8,0
0.0001424,0.050229,-0.00013519,0,-14.75,-8,0
0.00014115,0.05025,-0.00015106,0,-14.5,-8,0
0.00013979,0.050271,-0.00016795,0,-14.25,-8,0
0.00013835,0.050295,-0.00018627,0,-14,-8,0
0.00013678,0.05032,-0.00020573,0,-13.75,-8,0
0.00013512,0.050348,-0.00022692,0,-13.5,-8,0
0.00013331,0.050378,-0.00024929,0,-13.25,-8,0
0.0001314,0.050411,-0.00027375,0,-13,-8,0
0.00012931,0.050446,-0.00029938,0,-12.75,-8,0
0.00012711,0.050484,-0.00032727,0,-12.5,-8,0
0.00012471,0.050524,-0.00035634,0,-12.25,-8,0
0.00012218,0.050568,-0.00038825,0,-12,-8,0
0.00011942,0.050615,-0.00042118,0,-11.75,-8,0
0.00011651,0.050665,-0.00045773,0,-11.5,-8,0
0.00011335,0.050719,-0.00049466,0,-11.25,-8,0
0.00011002,0.050777,-0.00053569,0,-11,-8,0
0.00010644,0.050839,-0.00057634,0,-10.75,-8,0
0.00010268,0.050904,-0.00062258,0,-10.5,-8,0
9.865e-05,0.050973,-0.00066401,0,-10.25,-8,0
9.4186e-05,0.051051,-0.0007095,0,-10,-8,0
0.00015936,0.05,8.9528e-07,0,-24.75,-7.3333,0
0.00015937,0.05,0,0,-25,-7.3333,0
0.00015933,0.050001,2.0054e-06,0,-24.5,-7.3333,0
0.00015928,0.050002,3.1722e-06,0,-24.25,-7.3333,0
0.0001592,0.050003,4.3828e-06,0,-24,-7.3333,0
0.00015912,0.050005,5.5718e-06,0,-23.75,-7.3333,0
0.00015902,0.050006,6.7664e-06,0,-23.5,-7.3333,0
0.00015891,0.050008,7.7469e-06,0,-23.25,-7.3333,0
0.00015879,0.05001,8.7044e-06,0,-23,-7.3333,0
0.00015866,0.050012,9.5411e-06,0,-22.75,-7.3333,0
0.00015851,0.050014,1.0199e-05,0,-22.5,-7.3333,0
0.00015836,0.050016,1.0636e-05,0,-22.25,-7.3333,0
0.00015819,0.050018,1.1022e-05,0,-22,-7.3333,0
0.00015802,0.05002,1.1225e-05,0,-21.75,-7.3333,0
0.00015783,0.050022,1.1341e-05,0,-21.5,-7.3333,0
0.00015763,0.050024,1.1165e-05,0,-21.25,-7.3333,0
0.00015743,0.050027,1.0752e-05,0,-21,-7.3333,0
0.0001572,0.050029,9.9294e-06,0,-20.75,-7.3333,0
0.00015697,0.050031,8.9002e-06,0,-20.5,-7.3333,0
0.00015672,0.050033,7.5573e-06,0,-20.25,-7.3333,0
0.00015647,0.050036,6.0293e-06,0,-20,-7.3333,0
0.00015619,0.050039,4.0149e-06,0,-19.75,-7.3333,0
0.0001559,0.050041,1.6135e-06,0,-19.5,-7.3333,0
0.00015559,0.050044,-1.4205e-06,0,-19.25,-7.3333,0
0.00015526,0.050047,-4.8629e-06,0,-19,-7.3333,0
0.00015491,0.050051,-8.9702e-06,0,-18.75,-7.3333,0
0.00015454,0.050054,-1.3454e-05,0,-18.5,-7.3333,0
0.00015414,0.050058,-1.878e-05,0,-18.25,-7.3333,0
0.00015372,0.050063,-2.4603e-05,0,-18,-7.3333,0
0.00015328,0.050067,-3.1403e-05,0,-17.75,-7.3333,0
0.0001528,0.050073,-3.8793e-05,0,-17.5,-7.3333,0
0.00015229,0.050078,-4.7121e-05,0,-17.25,-7.3333,0
0.00015175,0.050085,-5.603e-05,0,-17,-7.3333,0
0.00015117,0.050092,-6.5893e-05,0,-16.75,-7.3333,0
0.00015055,0.0501,-7.6633e-05,0,-16.5,-7.3333,0
0.00014989,0.050108,-8.8405e-05,0,-16.25,-7.3333,0
0.00014918,0.050118,-0.00010123,0,-16,-7.3333,0
0.00014842,0.050128,-0.00011495,0,-15.75,-7.3333,0
0.00014762,0.05014,-0.00012988,0,-15.5,-7.3333,0
0.00014674,0.050153,-0.00014575,0,-15.25,-7.3333,0
0.00014581,0.050167,-0.00016331,0,-15,-7.3333,0
0.00014481,0.050182,-0.00018173,0,-14.75,-7.3333,0
0.00014374,0.050198,-0.00020197,0,-14.5,-7.3333,0
0.00014258,0.050216,-0.00022305,0,-14.25,-7.3333,0
0.00014135,0.050236,-0.00024642,0,-14,-7.3333,0
0.00014002,0.050257,-0.00027065,0,-13.75,-7.3333,0
0.0001386,0.05028,-0.00029758,0,-13.5,-7.3333,0
0.00013706,0.050305,-0.00032544,0,-13.25,-7.3333,0
0.00013542,0.050333,-0.00035629,0,-13,-7.3333,0
0.00013365,0.050362,-0.00038803,0,-12.75,-7.3333,0
0.00013175,0.050394,-0.00042312,0,-12.5,-7.3333,0
0.00012971,0.050428,-0.00045935,0,-12.25,-7.3333,0
0.00012753,0.050465,-0.00049938,0,-12,-7.3333,0
0.00012517,0.050505,-0.00054051,0,-11.75,-7.3333,0
0.00012265,0.050548,-0.00058602,0,-11.5,-7.3333,0
0.00011994,0.050594,-0.00063221,0,-11.25,-7.3333,0
0.00011702,0.050644,-0.00068367,0,-11,-7.3333,0
0.0001139,0.050698,-0.00073582,0,-10.75,-7.3333,0
0.00011053,0.050756,-0.00079403,0,-10.5,-7.3333,0
0.00010691,0.050818,-0.00085158,0,-10.25,-7.3333,0
0.00010282,0.050889,-0.00091314,1.0347e-22,-10,-7.3333,0
0.00015939,0.05,-1.741e-07,0,-24.75,-6.6667,0
0.00015939,0.05,0,0,-25,-6.6667,0
0.00015937,0.050001,5.2484e-08,0,-24.5,-6.6667,0
0.00015933,0.050001,3.9921e-07,0,-24.25,-6.6667,0
0.00015927,0.050002,8.8995e-07,0,-24,-6.6667,0
0.00015921,0.050003,1.6403e-06,0,-23.75,-6.6667,0
0.00015913,0.050004,2.4469e-06,0,-23.5,-6.6667,0
0.00015904,0.050006,3.0644e-06,0,-23.25,-6.6667,0
0.00015895,0.050007,3.8491e-06,0,-23,-6.6667,0
0.00015884,0.050009,4.444e-06,0,-22.75,-6.6667,0
0.00015873,0.05001,4.9436e-06,0,-22.5,-6.6667,0
0.0001586,0.050012,5.3955e-06,0,-22.25,-6.6667,0
0.00015846,0.050013,5.7006e-06,0,-22,-6.6667,0
0.00015832,0.050015,5.947e-06,0,-21.75,-6.6667,0
0.00015817,0.050016,6.055e-06,0,-21.5,-6.6667,0
0.00015801,0.050018,5.78e-06,0,-21.25,-6.6667,0
0.00015784,0.050019,5.2708e-06,0,-21,-6.6667,0
0.00015766,0.050021,4.4644e-06,0,-20.75,-6.6667,0
0.00015749,0.050022,3.4423e-06,0,-20.5,-6.6667,0
0.00015728,0.050024,1.9663e-06,0,-20.25,-6.6667,0
0.00015706,0.050026,-5.3361e-08,0,-20,-6.6667,0
0.00015683,0.050028,-2.4834e-06,0,-19.75,-6.6667,0
0.00015658,0.05003,-5.2733e-06,0,-19.5,-6.6667,0
0.00015633,0.050031,-8.587e-06,0,-19.25,-6.6667,0
0.00015607,0.050033,-1.2285e-05,0,-19,-6.6667,0
0.00015578,0.050035,-1.6761e-05,0,-18.75,-6.6667,0
0.00015548,0.050038,-2.1952e-05,0,-18.5,-6.6667,0
0.00015516,0.05004,-2.8257e-05,0,-18.25,-6.6667,0
0.00015482,0.050043,-3.521e-05,0,-18,-6.6667,0
0.00015447,0.050046,-4.315e-05,0,-17.75,-6.6667,0
0.00015409,0.05005,-5.169e-05,0,-17.5,-6.6667,0
0.00015368,0.050054,-6.137e-05,0,-17.25,-6.6667,0
0.00015325,0.050059,-7.1798e-05,0,-17,-6.6667,0
0.00015278,0.050064,-8.3442e-05,0,-16.75,-6.6667,0
0.00015229,0.050069,-9.6035e-05,0,-16.5,-6.6667,0
0.00015176,0.050075,-0.00010981,0,-16.25,-6.6667,0
0.0001512,0.050083,-0.00012479,0,-16,-6.6667,0
0.0001506,0.05009,-0.00014075,0,-15.75,-6.6667,0
0.00014996,0.050099,-0.00015851,0,-15.5,-6.6667,0
0.00014927,0.050108,-0.00017705,0,-15.25,-6.6667,0
0.00014853,0.050118,-0.00019771,0,-15,-6.6667,0
0.00014774,0.050129,-0.00021928,0,-14.75,-6.6667,0
0.00014689,0.050142,-0.00024319,0,-14.5,-6.6667,0
0.00014598,0.050155,-0.00026802,0,-14.25,-6.6667,0
0.000145,0.05017,-0.00029561,0,-14,-6.6667,0
0.00014395,0.050186,-0.00032411,0,-13.75,-6.6667,0
0.00014282,0.050204,-0.0003558,0,-13.5,-6.6667,0
0.0001416,0.050223,-0.00038857,0,-13.25,-6.6667,0
0.00014029,0.050244,-0.00042483,0,-13,-6.6667,0
0.00013888,0.050267,-0.00046233,0,-12.75,-6.6667,0
0.00013735,0.050292,-0.00050369,0,-12.5,-6.6667,0
0.00013571,0.050319,-0.00054667,0,-12.25,-6.6667,0
0.00013393,0.050348,-0.00059365,0,-12,-6.6667,0
0.00013203,0.05038,-0.00064261,0,-11.75,-6.6667,0
0.00012995,0.050414,-0.00069592,0,-11.5,-6.6667,0
0.00012772,0.050452,-0.00075143,0,-11.25,-6.6667,0
0.00012529,0.050493,-0.00081215,0,-11,-6.6667,0
0.00012268,0.050537,-0.00087515,0,-10.75,-6.6667,0
0.00011983,0.050585,-0.00094385,0,-10.5,-6.6667,0
0.00011677,0.050637,-0.0010149,0,-10.25,-6.6667,0
0.00011319,0.050699,-0.0010901,1.7655e-23,-10,-6.6667,0
0.00015946,0.05,-8.0495e-07,0,-24.75,-6,0
0.00015946,0.05,0,0,-25,-6,0
0.00015944,0.05,-1.1804e-06,0,-24.5,-6,0
0.00015941,0.050001,-1.1882e-06,0,-24.25,-6,0
0.00015938,0.050002,-9.1131e-07,0,-24,-6,0
0.00015933,0.050002,-3.3938e-07,0,-23.75,-6,0
0.00015927,0.050003,1.0491e-07,0,-23.5,-6,0
0.0001592,0.050004,5.7072e-07,0,-23.25,-6,0
0.00015914,0.050005,1.0769e-06,0,-23,-6,0
0.00015907,0.050006,1.5594e-06,0,-22.75,-6,0
0.00015899,0.050006,2.2321e-06,0,-22.5,-6,0
0.0001589,0.050007,2.4595e-06,0,-22.25,-6,0
0.0001588,0.050008,2.8043e-06,0,-22,-6,0
0.00015868,0.050009,3.3775e-06,0,-21.75,-6,0
0.00015856,0.05001,3.4416e-06,0,-21.5,-6,0
0.00015843,0.050011,3.1474e-06,0,-21.25,-6,0
0.00015831,0.050012,2.5286e-06,0,-21,-6,0
0.00015817,0.050013,1.3885e-06,0,-20.75,-6,0
0.00015803,0.050014,-6.8058e-07,0,-20.5,-6,0
0.00015789,0.050015,-2.5252e-06,0,-20.25,-6,0
0.00015774,0.050016,-3.806e-06,0,-20,-6,0
0.00015756,0.050016,-5.4639e-06,0,-19.75,-6,0
0.00015737,0.050017,-7.7097e-06,0,-19.5,-6,0
0.00015717,0.050017,-1.1214e-05,0,-19.25,-6,0
0.00015697,0.050018,-1.5593e-05,0,-19,-6,0
0.00015677,0.050019,-2.0756e-05,0,-18.75,-6,0
0.00015655,0.05002,-2.6672e-05,0,-18.5,-6,0
0.00015632,0.050021,-3.3584e-05,0,-18.25,-6,0
0.00015607,0.050023,-4.1247e-05,0,-18,-6,0
0.00015581,0.050024,-4.9837e-05,0,-17.75,-6,0
0.00015554,0.050026,-5.9204e-05,0,-17.5,-6,0
0.00015525,0.050028,-6.9807e-05,0,-17.25,-6,0
0.00015494,0.05003,-8.1365e-05,0,-17,-6,0
0.00015462,0.050033,-9.4284e-05,0,-16.75,-6,0
0.00015427,0.050036,-0.00010811,0,-16.5,-6,0
0.0001539,0.050039,-0.00012329,0,-16.25,-6,0
0.0001535,0.050043,-0.00013989,0,-16,-6,0
0.00015308,0.050048,-0.0001575,0,-15.75,-6,0
0.00015263,0.050053,-0.00017727,0,-15.5,-6,0
0.00015215,0.050058,-0.00019786,0,-15.25,-6,0
0.00015163,0.050064,-0.00022076,0,-15,-6,0
0.00015109,0.050071,-0.00024462,0,-14.75,-6,0
0.00015049,0.050079,-0.0002711,0,-14.5,-6,0
0.00014986,0.050087,-0.00029872,0,-14.25,-6,0
0.00014918,0.050096,-0.00032933,0,-14,-6,0
0.00014845,0.050107,-0.00036104,0,-13.75,-6,0
0.00014765,0.050118,-0.00039607,0,-13.5,-6,0
0.00014681,0.05013,-0.00043258,0,-13.25,-6,0
0.00014589,0.050143,-0.00047282,0,-13,-6,0
0.0001449,0.050158,-0.000515,0,-12.75,-6,0
0.00014382,0.050175,-0.00056105,0,-12.5,-6,0
0.00014267,0.050193,-0.00060949,0,-12.25,-6,0
0.0001414,0.050212,-0.00066196,0,-12,-6,0
0.00014004,0.050234,-0.00071752,0,-11.75,-6,0
0.00013854,0.050257,-0.0007774,0,-11.5,-6,0
0.00013693,0.050283,-0.00084114,0,-11.25,-6,0
0.00013514,0.050312,-0.00090982,0,-11,-6,0
0.00013322,0.050343,-0.00098276,0,-10.75,-6,0
0.00013108,0.050378,-0.0010615,0,-10.5,-6,0
0.00012877,0.050416,-0.0011448,0,-10.25,-6,0
0.00012605,0.050461,-0.0012339,-1.207e-22,-10,-6,0
0.00015962,0.05,-1.3175e-06,0,-24.75,-5.3333,0
0.00015962,0.05,0,0,-25,-5.3333,0
0.00015961,0.05,-2.2541e-06,0,-24.5,-5.3333,0
0.0001596,0.050001,-2.4777e-06,0,-24.25,-5.3333,0
0.00015958,0.050001,-2.3237e-06,0,-24,-5.3333,0
0.00015954,0.050001,-2.0281e-06,0,-23.75,-5.3333,0
0.0001595,0.050002,-1.7663e-06,0,-23.5,-5.3333,0
0.00015945,0.050002,-1.2375e-06,0,-23.25,-5.3333,0
0.00015941,0.050003,-9.1493e-07,0,-23,-5.3333,0
0.00015936,0.050003,-4.9027e-07,0,-22.75,-5.3333,0
0.00015929,0.050004,1.1855e-07,0,-22.5,-5.3333,0
0.00015924,0.050004,1.502e-07,0,-22.25,-5.3333,0
0.00015919,0.050005,4.8655e-07,0,-22,-5.3333,0
0.0001591,0.050005,1.0526e-06,0,-21.75,-5.3333,0
0.000159,0.050006,1.0908e-06,0,-21.5,-5.3333,0
0.00015891,0.050006,9.3652e-07,0,-21.25,-5.3333,0
0.00015882,0.050006,5.5838e-07,0,-21,-5.3333,0
0.00015872,0.050007,-2.6627e-07,0,-20.75,-5.3333,0
0.00015861,0.050006,-1.9264e-06,0,-20.5,-5.3333,0
0.00015852,0.050006,-3.289e-06,0,-20.25,-5.3333,0
0.00015843,0.050006,-4.1589e-06,0,-20,-5.3333,0
0.00015832,0.050005,-5.7243e-06,0,-19.75,-5.3333,0
0.00015822,0.050005,-8.0383e-06,0,-19.5,-5.3333,0
0.00015809,0.050005,-1.1778e-05,0,-19.25,-5.3333,0
0.00015796,0.050004,-1.6465e-05,0,-19,-5.3333,0
0.00015784,0.050004,-2.1832e-05,0,-18.75,-5.3333,0
0.0001577,0.050004,-2.7925e-05,0,-18.5,-5.3333,0
0.00015756,0.050003,-3.5096e-05,0,-18.25,-5.3333,0
0.00015742,0.050003,-4.2902e-05,0,-18,-5.3333,0
0.00015727,0.050002,-5.1881e-05,0,-17.75,-5.3333,0
0.00015711,0.050002,-6.1649e-05,0,-17.5,-5.3333,0
0.00015695,0.050002,-7.2926e-05,0,-17.25,-5.3333,0
0.00015678,0.050002,-8.5068e-05,0,-17,-5.3333,0
0.0001566,0.050002,-9.8686e-05,0,-16.75,-5.3333,0
0.0001564,0.050002,-0.00011337,0,-16.5,-5.3333,0
0.0001562,0.050003,-0.00012915,0,-16.25,-5.3333,0
0.00015598,0.050004,-0.00014692,0,-16,-5.3333,0
0.00015576,0.050004,-0.00016564,0,-15.75,-5.3333,0
0.00015551,0.050006,-0.00018626,0,-15.5,-5.3333,0
0.00015526,0.050007,-0.00020827,0,-15.25,-5.3333,0
0.00015498,0.050009,-0.00023245,0,-15,-5.3333,0
0.0001547,0.050011,-0.00025785,0,-14.75,-5.3333,0
0.00015438,0.050013,-0.00028583,0,-14.5,-5.3333,0
0.00015406,0.050016,-0.00031533,0,-14.25,-5.3333,0
0.00015369,0.050019,-0.00034745,0,-14,-5.3333,0
0.00015331,0.050023,-0.00038109,0,-13.75,-5.3333,0
0.00015289,0.050027,-0.00041819,0,-13.5,-5.3333,0
0.00015245,0.050031,-0.00045749,0,-13.25,-5.3333,0
0.00015195,0.050037,-0.00050029,0,-13,-5.3333,0
0.00015143,0.050043,-0.00054538,0,-12.75,-5.3333,0
0.00015085,0.05005,-0.00059442,0,-12.5,-5.3333,0
0.00015022,0.050057,-0.00064679,0,-12.25,-5.3333,0
0.00014952,0.050066,-0.00070336,0,-12,-5.3333,0
0.00014877,0.050076,-0.00076367,0,-11.75,-5.3333,0
0.00014792,0.050088,-0.00082806,0,-11.5,-5.3333,0
0.000147,0.0501,-0.00089733,0,-11.25,-5.3333,0
0.00014595,0.050115,-0.00097166,0,-11,-5.3333,0
0.00014482,0.050131,-0.0010523,0,-10.75,-5.3333,0
0.00014353,0.050149,-0.0011385,0,-10.5,-5.3333,0
0.00014212,0.05017,-0.0012311,0,-10.25,-5.3333,0
0.00014033,0.050197,-0.0013293,-4.8853e-24,-10,-5.3333,0
0.0001598,0.05,-1.5168e-06,0,-24.75,-4.6667,0
0.00015981,0.05,0,0,-25,-4.6667,0
0.0001598,0.05,-2.6907e-06,0,-24.5,-4.6667,0
0.0001598,0.05,-3.1166e-06,0,-24.25,-4.6667,0
0.00015979,0.050001,-3.0976e-06,0,-24,-4.6667,0
0.00015977,0.050001,-2.8645e-06,0,-23.75,-4.6667,0
0.00015974,0.050001,-2.4154e-06,0,-23.5,-4.6667,0
0.0001597,0.050001,-1.7179e-06,0,-23.25,-4.6667,0
0.00015968,0.050001,-1.4172e-06,0,-23,-4.6667,0
0.00015965,0.050001,-1.2396e-06,0,-22.75,-4.6667,0
0.00015961,0.050002,-6.6293e-07,0,-22.5,-4.6667,0
0.00015957,0.050002,-2.5452e-07,0,-22.25,-4.6667,0
0.00015953,0.050001,2.1411e-07,0,-22,-4.6667,0
0.0001595,0.050001,7.381e-07,0,-21.75,-4.6667,0
0.00015945,0.050001,1.0819e-06,0,-21.5,-4.6667,0
0.0001594,0.05,1.3162e-06,0,-21.25,-4.6667,0
0.00015935,0.05,1.3015e-06,0,-21,-4.6667,0
0.00015931,0.049999,1.1103e-06,0,-20.75,-4.6667,0
0.00015926,0.049998,7.7228e-07,0,-20.5,-4.6667,0
0.00015921,0.049997,8.8937e-09,0,-20.25,-4.6667,0
0.00015917,0.049996,-1.3718e-06,0,-20,-4.6667,0
0.00015912,0.049995,-3.4861e-06,0,-19.75,-4.6667,0
0.00015908,0.049993,-6.1793e-06,0,-19.5,-4.6667,0
0.00015904,0.049992,-9.6851e-06,0,-19.25,-4.6667,0
0.00015899,0.04999,-1.3777e-05,0,-19,-4.6667,0
0.00015895,0.049989,-1.8752e-05,0,-18.75,-4.6667,0
0.00015891,0.049987,-2.4519e-05,0,-18.5,-4.6667,0
0.00015886,0.049985,-3.1654e-05,0,-18.25,-4.6667,0
0.00015882,0.049983,-3.9304e-05,0,-18,-4.6667,0
0.00015878,0.049981,-4.8284e-05,0,-17.75,-4.6667,0
0.00015875,0.049978,-5.7984e-05,0,-17.5,-4.6667,0
0.00015871,0.049976,-6.9391e-05,0,-17.25,-4.6667,0
0.00015868,0.049974,-8.1557e-05,0,-17,-4.6667,0
0.00015864,0.049971,-9.5338e-05,0,-16.75,-4.6667,0
0.00015861,0.049968,-0.00011014,0,-16.5,-4.6667,0
0.00015858,0.049966,-0.00012627,0,-16.25,-4.6667,0
0.00015855,0.049963,-0.00014404,0,-16,-4.6667,0
0.00015853,0.04996,-0.00016301,0,-15.75,-4.6667,0
0.0001585,0.049957,-0.0001838,0,-15.5,-4.6667,0
0.00015849,0.049954,-0.00020603,0,-15.25,-4.6667,0
0.00015847,0.049952,-0.00023042,0,-15,-4.6667,0
0.00015846,0.049948,-0.00025647,0,-14.75,-4.6667,0
0.00015844,0.049945,-0.0002848,0,-14.5,-4.6667,0
0.00015843,0.049942,-0.00031489,0,-14.25,-4.6667,0
0.00015841,0.049939,-0.00034717,0,-14,-4.6667,0
0.00015841,0.049935,-0.00038147,0,-13.75,-4.6667,0
0.00015839,0.049932,-0.00041904,0,-13.5,-4.6667,0
0.00015838,0.049928,-0.00045945,0,-13.25,-4.6667,0
0.00015835,0.049925,-0.00050312,0,-13,-4.6667,0
0.00015834,0.049921,-0.00054956,0,-12.75,-4.6667,0
0.00015829,0.049918,-0.00059972,0,-12.5,-4.6667,0
0.00015826,0.049914,-0.00065379,0,-12.25,-4.6667,0
0.00015819,0.049911,-0.00071206,0,-12,-4.6667,0
0.00015811,0.049907,-0.00077458,0,-11.75,-4.6667,0
0.00015799,0.049905,-0.00084154,0,-11.5,-4.6667,0
0.00015786,0.049902,-0.00091334,0,-11.25,-4.6667,0
0.00015767,0.049901,-0.000991,0,-11,-4.6667,0
0.00015744,0.0499,-0.0010753,0,-10.75,-4.6667,0
0.00015713,0.0499,-0.0011658,0,-10.5,-4.6667,0
0.00015677,0.049901,-0.0012648,0,-10.25,-4.6667,0
0.00015616,0.049905,-0.0013702,-5.4905e-24,-10,-4.6667,0
0.00016003,0.05,-1.6504e-06,0,-24.75,-4,0
0.00016003,0.05,0,0,-25,-4,0
0.00016003,0.05,-3.095e-06,0,-24.5,-4,0
0.00016002,0.05,-3.5702e-06,0,-24.25,-4,0
0.00016001,0.05,-3.4049e-06,0,-24,-4,0
0.00016001,0.05,-3.1709e-06,0,-23.75,-4,0
0.00016,0.05,-2.6982e-06,0,-23.5,-4,0
0.00015999,0.05,-2.0883e-06,0,-23.25,-4,0
0.00015997,0.05,-1.6118e-06,0,-23,-4,0
0.00015996,0.05,-1.1683e-06,0,-22.75,-4,0
0.00015995,0.049999,-2.4853e-07,0,-22.5,-4,0
0.00015993,0.049999,4.9611e-07,0,-22.25,-4,0
0.00015992,0.049998,1.4139e-06,0,-22,-4,0
0.00015992,0.049997,2.3796e-06,0,-21.75,-4,0
0.00015992,0.049996,3.0716e-06,0,-21.5,-4,0
0.00015992,0.049995,3.6184e-06,0,-21.25,-4,0
0.00015991,0.049994,3.9596e-06,0,-21,-4,0
0.00015991,0.049993,4.0789e-06,0,-20.75,-4,0
0.00015991,0.049991,3.881e-06,0,-20.5,-4,0
0.00015992,0.04999,3.3279e-06,0,-20.25,-4,0
0.00015993,0.049988,2.4231e-06,0,-20,-4,0
0.00015995,0.049986,9.4808e-07,0,-19.75,-4,0
0.00015997,0.049983,-1.1186e-06,0,-19.5,-4,0
0.00015999,0.049981,-4.0735e-06,0,-19.25,-4,0
0.00016002,0.049978,-7.7207e-06,0,-19,-4,0
0.00016006,0.049975,-1.2408e-05,0,-18.75,-4,0
0.0001601,0.049971,-1.7751e-05,0,-18.5,-4,0
0.00016015,0.049968,-2.4275e-05,0,-18.25,-4,0
0.00016021,0.049964,-3.1488e-05,0,-18,-4,0
0.00016028,0.04996,-3.9964e-05,0,-17.75,-4,0
0.00016036,0.049956,-4.9262e-05,0,-17.5,-4,0
0.00016045,0.049952,-6.0062e-05,0,-17.25,-4,0
0.00016055,0.049947,-7.177e-05,0,-17,-4,0
0.00016067,0.049942,-8.5058e-05,0,-16.75,-4,0
0.0001608,0.049936,-9.9264e-05,0,-16.5,-4,0
0.00016094,0.049931,-0.00011517,0,-16.25,-4,0
0.0001611,0.049925,-0.00013207,0,-16,-4,0
0.00016128,0.049918,-0.00015065,0,-15.75,-4,0
0.00016147,0.049911,-0.00017075,0,-15.5,-4,0
0.00016169,0.049904,-0.00019251,0,-15.25,-4,0
0.00016192,0.049897,-0.00021584,0,-15,-4,0
0.00016218,0.049888,-0.00024145,0,-14.75,-4,0
0.00016246,0.04988,-0.00026862,0,-14.5,-4,0
0.00016277,0.04987,-0.00029821,0,-14.25,-4,0
0.0001631,0.049861,-0.00032945,0,-14,-4,0
0.00016347,0.04985,-0.0003634,0,-13.75,-4,0
0.00016385,0.04984,-0.00039952,0,-13.5,-4,0
0.00016428,0.049827,-0.00043875,0,-13.25,-4,0
0.00016473,0.049815,-0.000481,0,-13,-4,0
0.00016522,0.049801,-0.00052658,0,-12.75,-4,0
0.00016573,0.049787,-0.00057543,0,-12.5,-4,0
0.0001663,0.049772,-0.00062832,0,-12.25,-4,0
0.00016688,0.049757,-0.00068549,0,-12,-4,0
0.00016751,0.04974,-0.0007477,0,-11.75,-4,0
0.00016815,0.049723,-0.00081516,0,-11.5,-4,0
0.00016885,0.049705,-0.00088777,0,-11.25,-4,0
0.00016955,0.049686,-0.00096617,0,-11,-4,0
0.0001703,0.049667,-0.0010506,0,-10.75,-4,0
0.00017105,0.049646,-0.0011412,0,-10.5,-4,0
0.00017182,0.049625,-0.0012407,0,-10.25,-4,0
0.00017247,0.049605,-0.0013476,0,-10,-4,0
0.00016025,0.05,-1.7569e-06,0,-24.75,-3.3333,0
0.00016025,0.05,0,0,-25,-3.3333,0
0.00016025,0.05,-3.1501e-06,0,-24.5,-3.3333,0
0.00016025,0.05,-3.3696e-06,0,-24.25,-3.3333,0
0.00016025,0.05,-3.0276e-06,0,-24,-3.3333,0
0.00016025,0.05,-2.5979e-06,0,-23.75,-3.3333,0
0.00016025,0.049999,-2.0453e-06,0,-23.5,-3.3333,0
0.00016026,0.049999,-1.6032e-06,0,-23.25,-3.3333,0
0.00016026,0.049999,-5.9962e-07,0,-23,-3.3333,0
0.00016027,0.049998,4.2074e-07,0,-22.75,-3.3333,0
0.00016028,0.049997,1.5916e-06,0,-22.5,-3.3333,0
0.0001603,0.049996,2.6588e-06,0,-22.25,-3.3333,0
0.00016031,0.049995,4.0515e-06,0,-22,-3.3333,0
0.00016034,0.049994,5.5184e-06,0,-21.75,-3.3333,0
0.00016037,0.049993,6.5423e-06,0,-21.5,-3.3333,0
0.0001604,0.049991,7.297e-06,0,-21.25,-3.3333,0
0.00016043,0.049989,8.1833e-06,0,-21,-3.3333,0
0.00016048,0.049987,8.9743e-06,0,-20.75,-3.3333,0
0.00016052,0.049985,9.5037e-06,0,-20.5,-3.3333,0
0.00016058,0.049983,9.713e-06,0,-20.25,-3.3333,0
0.00016064,0.04998,9.3983e-06,0,-20,-3.3333,0
0.00016072,0.049977,8.4371e-06,0,-19.75,-3.3333,0
0.0001608,0.049974,6.9349e-06,0,-19.5,-3.3333,0
0.00016089,0.04997,4.6031e-06,0,-19.25,-3.3333,0
0.00016099,0.049966,1.6791e-06,0,-19,-3.3333,0
0.0001611,0.049962,-2.2121e-06,0,-18.75,-3.3333,0
0.00016123,0.049957,-6.7691e-06,0,-18.5,-3.3333,0
0.00016137,0.049953,-1.2423e-05,0,-18.25,-3.3333,0
0.00016153,0.049947,-1.8804e-05,0,-18,-3.3333,0
0.0001617,0.049942,-2.6454e-05,0,-17.75,-3.3333,0
0.00016189,0.049936,-3.4843e-05,0,-17.5,-3.3333,0
0.0001621,0.049929,-4.4668e-05,0,-17.25,-3.3333,0
0.00016234,0.049922,-5.5298e-05,0,-17,-3.3333,0
0.00016259,0.049915,-6.7481e-05,0,-16.75,-3.3333,0
0.00016287,0.049907,-8.0476e-05,0,-16.5,-3.3333,0
0.00016319,0.049898,-9.508e-05,0,-16.25,-3.3333,0
0.00016352,0.049889,-0.00011065,0,-16,-3.3333,0
0.0001639,0.049879,-0.00012799,0,-15.75,-3.3333,0
0.0001643,0.049869,-0.00014626,0,-15.5,-3.3333,0
0.00016474,0.049857,-0.00016669,0,-15.25,-3.3333,0
0.00016522,0.049845,-0.00018797,0,-15,-3.3333,0
0.00016575,0.049832,-0.00021199,0,-14.75,-3.3333,0
0.00016631,0.049818,-0.00023684,0,-14.5,-3.3333,0
0.00016693,0.049803,-0.00026456,0,-14.25,-3.3333,0
0.0001676,0.049787,-0.00029322,0,-14,-3.3333,0
0.00016833,0.04977,-0.00032477,0,-13.75,-3.3333,0
0.00016912,0.049752,-0.00035766,0,-13.5,-3.3333,0
0.00016998,0.049731,-0.00039402,0,-13.25,-3.3333,0
0.0001709,0.04971,-0.0004328,0,-13,-3.3333,0
0.0001719,0.049687,-0.00047573,0,-12.75,-3.3333,0
0.00017296,0.049663,-0.00052148,0,-12.5,-3.3333,0
0.00017413,0.049636,-0.00057188,0,-12.25,-3.3333,0
0.00017536,0.049609,-0.00062564,0,-12,-3.3333,0
0.0001767,0.049578,-0.00068456,0,-11.75,-3.3333,0
0.00017812,0.049547,-0.0007475,0,-11.5,-3.3333,0
0.00017965,0.049512,-0.00081601,0,-11.25,-3.3333,0
0.00018129,0.049475,-0.00088938,0,-11,-3.3333,0
0.00018304,0.049435,-0.00096852,0,-10.75,-3.3333,0
0.0001849,0.049392,-0.0010554,0,-10.5,-3.3333,0
0.00018686,0.049347,-0.0011484,0,-10.25,-3.3333,0
0.00018887,0.0493,-0.001251,0,-10,-3.3333,0
0.0001605,0.05,-1.7597e-06,0,-24.75,-2.6667,0
0.0001605,0.05,0,0,-25,-2.6667,0
0.0001605,0.05,-2.8178e-06,0,-24.5,-2.6667,0
0.0001605,0.05,-2.8382e-06,0,-24.25,-2.6667,0
0.00016051,0.049999,-2.4976e-06,0,-24,-2.6667,0
0.00016052,0.049999,-1.9409e-06,0,-23.75,-2.6667,0
0.00016053,0.049999,-1.1744e-06,0,-23.5,-2.6667,0
0.00016054,0.049998,-2.3533e-07,0,-23.25,-2.6667,0
0.00016057,0.049998,1.208e-06,0,-23,-2.6667,0
0.00016059,0.049997,2.4911e-06,0,-22.75,-2.6667,0
0.00016062,0.049996,4.0182e-06,0,-22.5,-2.6667,0
0.00016066,0.049994,5.5642e-06,0,-22.25,-2.6667,0
0.0001607,0.049993,7.4415e-06,0,-22,-2.6667,0
0.00016075,0.049992,9.4177e-06,0,-21.75,-2.6667,0
0.0001608,0.04999,1.111e-05,0,-21.5,-2.6667,0
0.00016086,0.049988,1.2462e-05,0,-21.25,-2.6667,0
0.00016093,0.049986,1.3926e-05,0,-21,-2.6667,0
0.00016102,0.049983,1.5219e-05,0,-20.75,-2.6667,0
0.0001611,0.04998,1.6378e-05,0,-20.5,-2.6667,0
0.0001612,0.049977,1.7296e-05,0,-20.25,-2.6667,0
0.00016131,0.049974,1.7807e-05,0,-20,-2.6667,0
0.00016143,0.04997,1.7716e-05,0,-19.75,-2.6667,0
0.00016156,0.049966,1.7153e-05,0,-19.5,-2.6667,0
0.00016171,0.049962,1.5691e-05,0,-19.25,-2.6667,0
0.00016188,0.049957,1.3721e-05,0,-19,-2.6667,0
0.00016206,0.049952,1.0838e-05,0,-18.75,-2.6667,0
0.00016226,0.049946,7.3494e-06,0,-18.5,-2.6667,0
0.00016248,0.04994,2.773e-06,0,-18.25,-2.6667,0
0.00016272,0.049933,-2.3932e-06,0,-18,-2.6667,0
0.00016299,0.049926,-8.8546e-06,0,-17.75,-2.6667,0
0.00016328,0.049919,-1.5887e-05,0,-17.5,-2.6667,0
0.0001636,0.049911,-2.4328e-05,0,-17.25,-2.6667,0
0.00016395,0.049902,-3.3357e-05,0,-17,-2.6667,0
0.00016433,0.049892,-4.3896e-05,0,-16.75,-2.6667,0
0.00016475,0.049882,-5.5035e-05,0,-16.5,-2.6667,0
0.00016521,0.049871,-6.7786e-05,0,-16.25,-2.6667,0
0.0001657,0.049859,-8.1235e-05,0,-16,-2.6667,0
0.00016625,0.049846,-9.6406e-05,0,-15.75,-2.6667,0
0.00016684,0.049832,-0.0001123,0,-15.5,-2.6667,0
0.00016748,0.049817,-0.0001302,0,-15.25,-2.6667,0
0.00016818,0.049801,-0.00014883,0,-15,-2.6667,0
0.00016895,0.049784,-0.00016988,0,-14.75,-2.6667,0
0.00016977,0.049765,-0.00019148,0,-14.5,-2.6667,0
0.00017067,0.049745,-0.00021555,0,-14.25,-2.6667,0
0.00017165,0.049723,-0.00024036,0,-14,-2.6667,0
0.00017271,0.0497,-0.0002679,0,-13.75,-2.6667,0
0.00017386,0.049674,-0.0002965,0,-13.5,-2.6667,0
0.00017511,0.049647,-0.00032869,0,-13.25,-2.6667,0
0.00017646,0.049618,-0.0003623,0,-13,-2.6667,0
0.00017792,0.049587,-0.00040036,0,-12.75,-2.6667,0
0.0001795,0.049552,-0.0004401,0,-12.5,-2.6667,0
0.00018121,0.049516,-0.00048481,0,-12.25,-2.6667,0
0.00018306,0.049476,-0.00053133,0,-12,-2.6667,0
0.00018506,0.049433,-0.00058313,0,-11.75,-2.6667,0
0.00018719,0.049386,-0.0006371,0,-11.5,-2.6667,0
0.00018954,0.049335,-0.00069676,0,-11.25,-2.6667,0
0.00019205,0.04928,-0.00076094,0,-11,-2.6667,0
0.00019476,0.049222,-0.00082967,0,-10.75,-2.6667,0
0.00019769,0.049158,-0.00090704,0,-10.5,-2.6667,0
0.0002008,0.049089,-0.00099007,0,-10.25,-2.6667,0
0.00020413,0.049018,-0.0010819,0,-10,-2.6667,0
0.00016072,0.05,-1.5567e-06,0,-24.75,-2,0
0.00016072,0.05,0,0,-25,-2,0
0.00016072,0.05,-2.262e-06,0,-24.5,-2,0
0.00016072,0.05,-1.965e-06,0,-24.25,-2,0
0.00016074,0.049999,-1.5599e-06,0,-24,-2,0
0.00016076,0.049999,-9.1559e-07,0,-23.75,-2,0
0.00016078,0.049998,2.2983e-07,0,-23.5,-2,0
0.00016081,0.049998,1.6488e-06,0,-23.25,-2,0
0.00016085,0.049997,3.6862e-06,0,-23,-2,0
0.00016088,0.049996,5.3376e-06,0,-22.75,-2,0
0.00016092,0.049994,7.2155e-06,0,-22.5,-2,0
0.00016098,0.049993,9.4378e-06,0,-22.25,-2,0
0.00016104,0.049991,1.1795e-05,0,-22,-2,0
0.00016111,0.04999,1.4152e-05,0,-21.75,-2,0
0.00016119,0.049988,1.666e-05,0,-21.5,-2,0
0.00016127,0.049985,1.8886e-05,0,-21.25,-2,0
0.00016137,0.049983,2.1047e-05,0,-21,-2,0
0.00016148,0.04998,2.2948e-05,0,-20.75,-2,0
0.0001616,0.049977,2.4792e-05,0,-20.5,-2,0
0.00016174,0.049973,2.6503e-05,0,-20.25,-2,0
0.00016189,0.049969,2.7994e-05,0,-20,-2,0
0.00016205,0.049965,2.9053e-05,0,-19.75,-2,0
0.00016223,0.04996,2.9618e-05,0,-19.5,-2,0
0.00016243,0.049955,2.9328e-05,0,-19.25,-2,0
0.00016264,0.04995,2.8417e-05,0,-19,-2,0
0.00016288,0.049944,2.6848e-05,0,-18.75,-2,0
0.00016315,0.049937,2.4433e-05,0,-18.5,-2,0
0.00016343,0.04993,2.133e-05,0,-18.25,-2,0
0.00016374,0.049923,1.7606e-05,0,-18,-2,0
0.00016409,0.049914,1.2682e-05,0,-17.75,-2,0
0.00016446,0.049905,7.399e-06,0,-17.5,-2,0
0.00016488,0.049896,7.5503e-07,0,-17.25,-2,0
0.00016533,0.049885,-6.3868e-06,0,-17,-2,0
0.00016581,0.049874,-1.4642e-05,0,-16.75,-2,0
0.00016635,0.049862,-2.3591e-05,0,-16.5,-2,0
0.00016693,0.049849,-3.3688e-05,0,-16.25,-2,0
0.00016757,0.049835,-4.4518e-05,0,-16,-2,0
0.00016825,0.04982,-5.6725e-05,0,-15.75,-2,0
0.00016901,0.049803,-6.9649e-05,0,-15.5,-2,0
0.00016982,0.049785,-8.4144e-05,0,-15.25,-2,0
0.00017072,0.049765,-9.9052e-05,0,-15,-2,0
0.00017168,0.049745,-0.00011617,0,-14.75,-2,0
0.00017272,0.049722,-0.00013315,0,-14.5,-2,0
0.00017387,0.049698,-0.00015261,0,-14.25,-2,0
0.00017511,0.049671,-0.00017227,0,-14,-2,0
0.00017646,0.049642,-0.00019457,0,-13.75,-2,0
0.00017792,0.049611,-0.00021763,0,-13.5,-2,0
0.00017951,0.049578,-0.00024365,0,-13.25,-2,0
0.00018123,0.049541,-0.0002708,0,-13,-2,0
0.0001831,0.049503,-0.00030086,0,-12.75,-2,0
0.00018513,0.049459,-0.00033244,0,-12.5,-2,0
0.00018732,0.049414,-0.0003672,0,-12.25,-2,0
0.00018971,0.049363,-0.0004036,0,-12,-2,0
0.00019229,0.049309,-0.00044457,0,-11.75,-2,0
0.00019506,0.049249,-0.00048693,0,-11.5,-2,0
0.00019812,0.049186,-0.00053514,0,-11.25,-2,0
0.00020139,0.049115,-0.0005864,0,-11,-2,0
0.00020497,0.04904,-0.00064227,0,-10.75,-2,0
0.00020887,0.048958,-0.00070344,0,-10.5,-2,0
0.000213,0.048869,-0.00077172,0,-10.25,-2,0
0.00021754,0.048774,-0.00084619,2.215e-24,-10,-2,0
0.00016091,0.05,-1.2577e-06,0,-24.75,-1.3333,0
0.00016091,0.05,0,0,-25,-1.3333,0
0.00016091,0.05,-1.6194e-06,0,-24.5,-1.3333,0
0.00016093,0.049999,-1.0846e-06,0,-24.25,-1.3333,0
0.00016095,0.049999,-4.0258e-07,0,-24,-1.3333,0
0.00016098,0.049999,5.2507e-07,0,-23.75,-1.3333,0
0.00016101,0.049998,2.0539e-06,0,-23.5,-1.3333,0
0.00016105,0.049997,3.865e-06,0,-23.25,-1.3333,0
0.0001611,0.049996,6.2742e-06,0,-23,-1.3333,0
0.00016114,0.049995,8.5672e-06,0,-22.75,-1.3333,0
0.00016119,0.049994,1.1017e-05,0,-22.5,-1.3333,0
0.00016126,0.049992,1.3691e-05,0,-22.25,-1.3333,0
0.00016134,0.04999,1.6587e-05,0,-22,-1.3333,0
0.00016143,0.049988,1.9459e-05,0,-21.75,-1.3333,0
0.00016152,0.049986,2.274e-05,0,-21.5,-1.3333,0
0.00016163,0.049984,2.5865e-05,0,-21.25,-1.3333,0
0.00016175,0.049981,2.8801e-05,0,-21,-1.3333,0
0.00016188,0.049978,3.1285e-05,0,-20.75,-1.3333,0
0.00016202,0.049974,3.3913e-05,0,-20.5,-1.3333,0
0.00016218,0.049971,3.6507e-05,0,-20.25,-1.3333,0
0.00016236,0.049967,3.9124e-05,0,-20,-1.3333,0
0.00016255,0.049962,4.1341e-05,0,-19.75,-1.3333,0
0.00016277,0.049957,4.3129e-05,0,-19.5,-1.3333,0
0.000163,0.049952,4.4126e-05,0,-19.25,-1.3333,0
0.00016326,0.049946,4.4584e-05,0,-19,-1.3333,0
0.00016354,0.049939,4.4385e-05,0,-18.75,-1.3333,0
0.00016385,0.049932,4.3452e-05,0,-18.5,-1.3333,0
0.00016418,0.049924,4.193e-05,0,-18.25,-1.3333,0
0.00016455,0.049916,3.9909e-05,0,-18,-1.3333,0
0.00016496,0.049907,3.6879e-05,0,-17.75,-1.3333,0
0.0001654,0.049897,3.3436e-05,0,-17.5,-1.3333,0
0.00016588,0.049887,2.9222e-05,0,-17.25,-1.3333,0
0.0001664,0.049875,2.3926e-05,0,-17,-1.3333,0
0.00016697,0.049863,1.874e-05,0,-16.75,-1.3333,0
0.00016759,0.049849,1.2019e-05,0,-16.5,-1.3333,0
0.00016827,0.049835,5.2967e-06,0,-16.25,-1.3333,0
0.000169,0.049819,-2.5919e-06,0,-16,-1.3333,0
0.0001698,0.049802,-1.1276e-05,0,-15.75,-1.3333,0
0.00017068,0.049783,-2.0438e-05,0,-15.5,-1.3333,0
0.00017162,0.049764,-3.112e-05,0,-15.25,-1.3333,0
0.00017266,0.049741,-4.128e-05,0,-15,-1.3333,0
0.00017377,0.049718,-5.3801e-05,0,-14.75,-1.3333,0
0.00017498,0.049692,-6.5474e-05,0,-14.5,-1.3333,0
0.00017632,0.049665,-7.9151e-05,0,-14.25,-1.3333,0
0.00017776,0.049634,-9.2955e-05,0,-14,-1.3333,0
0.00017932,0.049602,-0.00010854,0,-13.75,-1.3333,0
0.00018102,0.049567,-0.00012446,0,-13.5,-1.3333,0
0.00018286,0.049529,-0.0001427,0,-13.25,-1.3333,0
0.00018487,0.049487,-0.00016146,0,-13,-1.3333,0
0.00018704,0.049442,-0.00018209,0,-12.75,-1.3333,0
0.00018942,0.049393,-0.00020396,0,-12.5,-1.3333,0
0.00019198,0.04934,-0.00022716,0,-12.25,-1.3333,0
0.00019478,0.049281,-0.00025229,0,-12,-1.3333,0
0.0001978,0.049219,-0.00027923,0,-11.75,-1.3333,0
0.00020109,0.04915,-0.00030748,0,-11.5,-1.3333,0
0.00020468,0.049076,-0.00034006,0,-11.25,-1.3333,0
0.00020855,0.048994,-0.00037331,0,-11,-1.3333,0
0.0002128,0.048906,-0.00041188,0,-10.75,-1.3333,0
0.00021743,0.04881,-0.00045202,0,-10.5,-1.3333,0
0.0002224,0.048705,-0.00049836,0,-10.25,-1.3333,0
0.00022787,0.048592,-0.00054969,2.3031e-24,-10,-1.3333,0
0.00016106,0.05,-7.6367e-07,0,-24.75,-0.66667,0
0.00016107,0.05,0,0,-25,-0.66667,0
0.00016107,0.05,-8.382e-07,0,-24.5,-0.66667,0
0.0001611,0.049999,-2.3456e-07,0,-24.25,-0.66667,0
0.00016112,0.049999,7.5394e-07,0,-24,-0.66667,0
0.00016115,0.049998,2.1252e-06,0,-23.75,-0.66667,0
0.00016119,0.049998,4.1244e-06,0,-23.5,-0.66667,0
0.00016123,0.049997,6.3714e-06,0,-23.25,-0.66667,0
0.00016129,0.049996,9.2515e-06,0,-23,-0.66667,0
0.00016134,0.049995,1.2048e-05,0,-22.75,-0.66667,0
0.0001614,0.049993,1.5133e-05,0,-22.5,-0.66667,0
0.00016148,0.049992,1.8332e-05,0,-22.25,-0.66667,0
0.00016157,0.04999,2.1742e-05,0,-22,-0.66667,0
0.00016166,0.049988,2.5193e-05,0,-21.75,-0.66667,0
0.00016177,0.049985,2.9176e-05,0,-21.5,-0.66667,0
0.00016189,0.049983,3.312e-05,0,-21.25,-0.66667,0
0.00016202,0.04998,3.6945e-05,0,-21,-0.66667,0
0.00016216,0.049977,4.0348e-05,0,-20.75,-0.66667,0
0.00016232,0.049973,4.3576e-05,0,-20.5,-0.66667,0
0.0001625,0.04997,4.7088e-05,0,-20.25,-0.66667,0
0.0001627,0.049965,5.057e-05,0,-20,-0.66667,0
0.00016291,0.049961,5.3926e-05,0,-19.75,-0.66667,0
0.00016315,0.049956,5.7193e-05,0,-19.5,-0.66667,0
0.00016341,0.049951,5.9794e-05,0,-19.25,-0.66667,0
0.00016369,0.049944,6.172e-05,0,-19,-0.66667,0
0.000164,0.049938,6.3347e-05,0,-18.75,-0.66667,0
0.00016435,0.04993,6.3847e-05,0,-18.5,-0.66667,0
0.00016471,0.049922,6.4148e-05,0,-18.25,-0.66667,0
0.00016512,0.049914,6.3739e-05,0,-18,-0.66667,0
0.00016556,0.049904,6.2917e-05,0,-17.75,-0.66667,0
0.00016604,0.049894,6.1395e-05,0,-17.5,-0.66667,0
0.00016656,0.049883,5.9641e-05,0,-17.25,-0.66667,0
0.00016714,0.049871,5.7119e-05,0,-17,-0.66667,0
0.00016776,0.049858,5.4523e-05,0,-16.75,-0.66667,0
0.00016844,0.049844,5.0985e-05,0,-16.5,-0.66667,0
0.00016918,0.049828,4.7593e-05,0,-16.25,-0.66667,0
0.00016998,0.049812,4.2878e-05,0,-16,-0.66667,0
0.00017085,0.049794,3.8395e-05,0,-15.75,-0.66667,0
0.0001718,0.049774,3.3191e-05,0,-15.5,-0.66667,0
0.00017283,0.049753,2.718e-05,0,-15.25,-0.66667,0
0.00017397,0.049729,2.1905e-05,0,-15,-0.66667,0
0.00017518,0.049705,1.4943e-05,0,-14.75,-0.66667,0
0.00017651,0.049677,9.2002e-06,0,-14.5,-0.66667,0
0.00017795,0.049648,1.7724e-06,0,-14.25,-0.66667,0
0.00017952,0.049615,-5.3385e-06,0,-14,-0.66667,0
0.00018122,0.049581,-1.3469e-05,0,-13.75,-0.66667,0
0.00018308,0.049542,-2.1732e-05,0,-13.5,-0.66667,0
0.00018508,0.049502,-3.0749e-05,0,-13.25,-0.66667,0
0.00018727,0.049456,-4.0176e-05,0,-13,-0.66667,0
0.00018965,0.049408,-4.9463e-05,0,-12.75,-0.66667,0
0.00019223,0.049355,-6.0069e-05,0,-12.5,-0.66667,0
0.00019504,0.049298,-6.9926e-05,0,-12.25,-0.66667,0
0.00019811,0.049234,-8.1331e-05,0,-12,-0.66667,0
0.00020141,0.049166,-9.3427e-05,0,-11.75,-0.66667,0
0.00020503,0.049091,-0.00010516,0,-11.5,-0.66667,0
0.00020896,0.04901,-0.00011998,0,-11.25,-0.66667,0
0.00021324,0.048921,-0.00013338,0,-11,-0.66667,0
0.0002179,0.048825,-0.00015152,-2.6296e-37,-10.75,-0.66667,0
0.00022299,0.04872,-0.0001671,-2.6296e-37,-10.5,-0.66667,0
0.00022851,0.048605,-0.0001885,0,-10.25,-0.66667,0
0.00023457,0.04848,-0.00021037,0,-10,-0.66667,0
0.0001612,0.05,-2.7258e-07,0,-24.75,0,0
0.0001612,0.05,0,0,-25,0,0
0.00016121,0.05,-1.5102e-07,0,-24.5,0,0
0.00016123,0.049999,6.3348e-07,0,-24.25,0,0
0.00016126,0.049999,2.0432e-06,0,-24,0,0
0.00016129,0.049998,3.8155e-06,0,-23.75,0,0
0.00016133,0.049998,6.3568e-06,0,-23.5,0,0
0.00016138,0.049997,9.0273e-06,0,-23.25,0,0
0.00016143,0.049996,1.2251e-05,0,-23,0,0
0.00016149,0.049995,1.5517e-05,0,-22.75,0,0
0.00016156,0.049993,1.9154e-05,0,-22.5,0,0
0.00016164,0.049992,2.2998e-05,0,-22.25,0,0
0.00016173,0.04999,2.6939e-05,0,-22,0,0
0.00016182,0.049988,3.0899e-05,0,-21.75,0,0
0.00016194,0.049986,3.558e-05,0,-21.5,0,0
0.00016206,0.049983,4.0199e-05,0,-21.25,0,0
0.0001622,0.049981,4.4775e-05,0,-21,0,0
0.00016235,0.049978,4.9491e-05,0,-20.75,0,0
0.00016252,0.049974,5.3351e-05,0,-20.5,0,0
0.0001627,0.04997,5.7596e-05,0,-20.25,0,0
0.00016291,0.049966,6.1643e-05,0,-20,1.4803e-16,0
0.00016313,0.049962,6.6341e-05,0,-19.75,0,0
0.00016338,0.049957,7.1132e-05,0,-19.5,-1.4803e-16,0
0.00016364,0.049952,7.5081e-05,0,-19.25,1.4803e-16,0
0.00016394,0.049946,7.8857e-05,0,-19,0,0
0.00016426,0.049939,8.2068e-05,0,-18.75,-1.4803e-16,0
0.00016461,0.049932,8.4577e-05,0,-18.5,0,0
0.00016499,0.049924,8.6882e-05,0,-18.25,0,0
0.00016541,0.049916,8.8182e-05,0,-18,0,0
0.00016587,0.049906,8.9674e-05,0,-17.75,-1.4803e-16,0
0.00016637,0.049896,8.9868e-05,0,-17.5,0,0
0.00016691,0.049885,9.0754e-05,0,-17.25,0,0
0.0001675,0.049874,9.0815e-05,0,-17,0,0
0.00016814,0.049861,9.0752e-05,0,-16.75,0,0
0.00016884,0.049846,9.0756e-05,0,-16.5,0,0
0.0001696,0.049831,9.0679e-05,0,-16.25,0,0
0.00017044,0.049815,8.9549e-05,0,-16,0,0
0.00017133,0.049796,8.9436e-05,0,-15.75,0,0
0.00017231,0.049777,8.8272e-05,0,-15.5,0,0
0.00017337,0.049755,8.7755e-05,0,-15.25,0,0
0.00017454,0.049732,8.7068e-05,0,-15,0,0
0.00017579,0.049707,8.6129e-05,0,-14.75,7.4015e-17,0
0.00017716,0.049678,8.6585e-05,0,-14.5,7.4015e-17,0
0.00017863,0.049649,8.5708e-05,0,-14.25,0,0
0.00018025,0.049616,8.5805e-05,0,-14,0,0
0.000182,0.049581,8.5683e-05,0,-13.75,0,0
0.00018391,0.049542,8.5856e-05,0,-13.5,0,0
0.00018597,0.049501,8.6287e-05,0,-13.25,0,0
0.00018823,0.049454,8.7283e-05,0,-13,-7.4015e-17,0
0.00019066,0.049405,8.8883e-05,0,-12.75,-7.4015e-17,0
0.00019333,0.049351,9.1162e-05,0,-12.5,3.7007e-17,0
0.00019621,0.049292,9.4083e-05,0,-12.25,3.7007e-17,0
0.00019936,0.049228,9.8095e-05,0,-12,1.4803e-16,0
0.00020276,0.049158,0.00010199,0,-11.75,-1.4803e-16,0
0.00020649,0.049082,0.00010745,0,-11.5,-3.7007e-17,0
0.00021053,0.048999,0.00011261,0,-11.25,-3.7007e-17,0
0.00021494,0.048908,0.0001198,0,-11,7.4015e-17,0
0.00021973,0.04881,0.00012544,1.755e-39,-10.75,7.4015e-17,0
0.00022497,0.048701,0.0001347,1.755e-39,-10.5,-1.1102e-16,0
0.00023066,0.048584,0.00014127,0,-10.25,-1.1102e-16,0
0.00023689,0.048455,0.0001516,0,-10,0,0
0.00016129,0.05,-3.4747e-08,0,-24.75,0.66667,0
0.00016129,0.05,0,0,-25,0.66667,0
0.0001613,0.05,4.7445e-07,0,-24.5,0.66667,0
0.00016132,0.049999,1.6809e-06,0,-24.25,0.66667,0
0.00016134,0.049999,3.3431e-06,0,-24,0.66667,0
0.00016137,0.049999,5.5622e-06,0,-23.75,0.66667,0
0.00016141,0.049998,8.4565e-06,0,-23.5,0.66667,0
0.00016145,0.049997,1.1556e-05,0,-23.25,0.66667,0
0.00016151,0.049996,1.5147e-05,0,-23,0.66667,0
0.00016156,0.049995,1.8853e-05,0,-22.75,0.66667,0
0.00016163,0.049994,2.2991e-05,0,-22.5,0.66667,0
0.00016171,0.049992,2.7219e-05,0,-22.25,0.66667,0
0.0001618,0.049991,3.1872e-05,0,-22,0.66667,0
0.0001619,0.049989,3.6492e-05,0,-21.75,0.66667,0
0.00016201,0.049987,4.1296e-05,0,-21.5,0.66667,0
0.00016213,0.049985,4.6781e-05,0,-21.25,0.66667,0
0.00016226,0.049982,5.2212e-05,0,-21,0.66667,0
0.00016241,0.049979,5.7863e-05,0,-20.75,0.66667,0
0.00016258,0.049976,6.2477e-05,0,-20.5,0.66667,0
0.00016276,0.049973,6.7374e-05,0,-20.25,0.66667,0
0.00016296,0.049969,7.2361e-05,0,-20,0.66667,0
0.00016318,0.049965,7.8102e-05,0,-19.75,0.66667,0
0.00016343,0.049961,8.4339e-05,0,-19.5,0.66667,0
0.00016369,0.049956,8.9649e-05,0,-19.25,0.66667,0
0.00016398,0.049951,9.5068e-05,0,-19,0.66667,0
0.0001643,0.049945,9.9811e-05,0,-18.75,0.66667,0
0.00016464,0.049938,0.0001041,0,-18.5,0.66667,0
0.00016502,0.049931,0.00010819,0,-18.25,0.66667,0
0.00016544,0.049923,0.0001115,0,-18,0.66667,0
0.00016588,0.049914,0.00011499,0,-17.75,0.66667,0
0.00016637,0.049904,0.00011737,0,-17.5,0.66667,0
0.00016691,0.049894,0.00012079,0,-17.25,0.66667,0
0.00016749,0.049883,0.00012345,0,-17,0.66667,0
0.00016812,0.04987,0.00012665,0,-16.75,0.66667,0
0.00016881,0.049857,0.0001296,0,-16.5,0.66667,0
0.00016956,0.049842,0.00013285,0,-16.25,0.66667,0
0.00017037,0.049826,0.00013552,0,-16,0.66667,0
0.00017125,0.049809,0.00013944,0,-15.75,0.66667,0
0.00017222,0.04979,0.00014282,0,-15.5,0.66667,0
0.00017326,0.04977,0.00014738,0,-15.25,0.66667,0
0.0001744,0.049747,0.00015129,0,-15,0.66667,0
0.00017563,0.049723,0.00015704,0,-14.75,0.66667,0
0.00017696,0.049696,0.00016272,0,-14.5,0.66667,0
0.0001784,0.049667,0.00016903,0,-14.25,0.66667,0
0.00018,0.049635,0.00017569,0,-14,0.66667,0
0.0001817,0.049602,0.00018404,0,-13.75,0.66667,0
0.00018356,0.049564,0.00019266,0,-13.5,0.66667,0
0.00018557,0.049524,0.00020276,0,-13.25,0.66667,0
0.00018779,0.049479,0.000214,0,-13,0.66667,0
0.00019015,0.049432,0.00022684,0,-12.75,0.66667,0
0.00019276,0.049379,0.00024145,0,-12.5,0.66667,0
0.00019555,0.049323,0.00025773,0,-12.25,0.66667,0
0.0001986,0.04926,0.0002757,0,-12,0.66667,0
0.00020193,0.049194,0.00029623,0,-11.75,0.66667,0
0.00020554,0.049119,0.00031866,0,-11.5,0.66667,0
0.00020946,0.04904,0.00034342,0,-11.25,0.66667,0
0.00021374,0.048951,0.00037134,0,-11,0.66667,0
0.00021837,0.048858,0.00040025,2.6471e-37,-10.75,0.66667,0
0.00022343,0.048752,0.00043427,2.6471e-37,-10.5,0.66667,0
0.00022892,0.04864,0.00046977,0,-10.25,0.66667,0
0.00023491,0.048514,0.0005108,0,-10,0.66667,0
0.00016134,0.05,2.7327e-07,0,-24.75,1.3333,0
0.00016134,0.05,0,0,-25,1.3333,0
0.00016135,0.05,1.1101e-06,0,-24.5,1.3333,0
0.00016137,0.05,2.6368e-06,0,-24.25,1.3333,0
0.00016139,0.049999,4.5353e-06,0,-24,1.3333,0
0.00016141,0.049999,7.1589e-06,0,-23.75,1.3333,0
0.00016144,0.049998,1.0402e-05,0,-23.5,1.3333,0
0.00016148,0.049997,1.3669e-05,0,-23.25,1.3333,0
0.00016153,0.049997,1.7905e-05,0,-23,1.3333,0
0.00016159,0.049996,2.1904e-05,0,-22.75,1.3333,0
0.00016165,0.049995,2.6172e-05,0,-22.5,1.3333,0
0.00016172,0.049993,3.1097e-05,0,-22.25,1.3333,0
0.0001618,0.049992,3.6194e-05,0,-22,1.3333,0
0.00016189,0.049991,4.1396e-05,0,-21.75,1.3333,0
0.000162,0.049989,4.6393e-05,0,-21.5,1.3333,0
0.00016211,0.049987,5.259e-05,0,-21.25,1.3333,0
0.00016223,0.049985,5.8814e-05,0,-21,1.3333,0
0.00016237,0.049983,6.507e-05,0,-20.75,1.3333,0
0.00016253,0.04998,7.0523e-05,0,-20.5,1.3333,0
0.0001627,0.049977,7.6254e-05,0,-20.25,1.3333,0
0.00016288,0.049974,8.2483e-05,0,-20,1.3333,0
0.00016309,0.049971,8.8877e-05,0,-19.75,1.3333,0
0.00016332,0.049967,9.5413e-05,0,-19.5,1.3333,0
0.00016356,0.049963,0.00010195,0,-19.25,1.3333,0
0.00016383,0.049959,0.00010852,0,-19,1.3333,0
0.00016413,0.049954,0.00011543,0,-18.75,1.3333,0
0.00016445,0.049948,0.00012183,0,-18.5,1.3333,0
0.0001648,0.049942,0.00012799,0,-18.25,1.3333,0
0.00016519,0.049935,0.00013342,0,-18,1.3333,0
0.00016561,0.049927,0.00013882,0,-17.75,1.3333,0
0.00016605,0.049918,0.00014312,0,-17.5,1.3333,0
0.00016656,0.049909,0.00014847,0,-17.25,1.3333,0
0.0001671,0.049899,0.00015392,0,-17,1.3333,0
0.00016769,0.049888,0.00015975,0,-16.75,1.3333,0
0.00016833,0.049875,0.00016537,0,-16.5,1.3333,0
0.00016902,0.049862,0.00017174,0,-16.25,1.3333,0
0.00016978,0.049848,0.00017808,0,-16,1.3333,0
0.0001706,0.049832,0.00018598,0,-15.75,1.3333,0
0.00017149,0.049815,0.00019379,0,-15.5,1.3333,0
0.00017247,0.049797,0.00020293,0,-15.25,1.3333,0
0.00017353,0.049776,0.00021199,0,-15,1.3333,0
0.00017466,0.049754,0.0002233,0,-14.75,1.3333,0
0.0001759,0.04973,0.00023388,0,-14.5,1.3333,0
0.00017723,0.049704,0.00024696,0,-14.25,1.3333,0
0.00017871,0.049675,0.00026031,0,-14,1.3333,0
0.00018028,0.049644,0.0002764,0,-13.75,1.3333,0
0.000182,0.04961,0.00029279,0,-13.5,1.3333,0
0.00018385,0.049573,0.00031237,0,-13.25,1.3333,0
0.00018589,0.049533,0.00033266,0,-13,1.3333,0
0.00018806,0.049489,0.00035667,0,-12.75,1.3333,0
0.00019045,0.049442,0.0003818,0,-12.5,1.3333,0
0.00019302,0.04939,0.00041137,0,-12.25,1.3333,0
0.0001958,0.049334,0.00044228,0,-12,1.3333,0
0.00019885,0.049273,0.00047797,0,-11.75,1.3333,0
0.00020213,0.049206,0.0005164,0,-11.5,1.3333,0
0.0002057,0.049134,0.00055916,0,-11.25,1.3333,0
0.00020959,0.049054,0.00060577,0,-11,1.3333,0
0.00021379,0.04897,0.00065644,0,-10.75,1.3333,0
0.00021834,0.048875,0.00071378,0,-10.5,1.3333,0
0.0002233,0.048775,0.00077475,0,-10.25,1.3333,0
0.00022868,0.048661,0.00084429,-2.3034e-24,-10,1.3333,0
0.00016134,0.05,5.1908e-07,0,-24.75,2,0
0.00016134,0.05,0,0,-25,2,0
0.00016135,0.05,1.496e-06,0,-24.5,2,0
0.00016135,0.05,3.3004e-06,0,-24.25,2,0
0.00016137,0.049999,5.7082e-06,0,-24,2,0
0.00016139,0.049999,8.4373e-06,0,-23.75,2,0
0.00016142,0.049998,1.1918e-05,0,-23.5,2,0
0.00016145,0.049998,1.5593e-05,0,-23.25,2,0
0.00016149,0.049997,1.9831e-05,0,-23,2,0
0.00016154,0.049997,2.4304e-05,0,-22.75,2,0
0.00016159,0.049996,2.8909e-05,0,-22.5,2,0
0.00016165,0.049995,3.3977e-05,0,-22.25,2,0
0.00016172,0.049994,3.9309e-05,0,-22,2,0
0.0001618,0.049993,4.5313e-05,0,-21.75,2,0
0.00016189,0.049992,5.0878e-05,0,-21.5,2,0
0.00016199,0.04999,5.6898e-05,0,-21.25,2,0
0.0001621,0.049989,6.348e-05,0,-21,2,0
0.00016222,0.049987,7.0594e-05,0,-20.75,2,0
0.00016235,0.049985,7.7266e-05,0,-20.5,2,0
0.0001625,0.049983,8.3646e-05,0,-20.25,2,0
0.00016266,0.049981,9.0068e-05,0,-20,2,0
0.00016284,0.049978,9.6814e-05,0,-19.75,2,0
0.00016304,0.049975,0.00010383,0,-19.5,2,0
0.00016326,0.049972,0.00011177,0,-19.25,2,0
0.0001635,0.049969,0.0001199,0,-19,2,0
0.00016376,0.049965,0.00012825,0,-18.75,2,0
0.00016404,0.049961,0.00013643,0,-18.5,2,0
0.00016435,0.049956,0.00014414,0,-18.25,2,0
0.00016469,0.04995,0.00015134,0,-18,2,0
0.00016506,0.049943,0.00015868,0,-17.75,2,0
0.00016545,0.049936,0.00016514,0,-17.5,2,0
0.0001659,0.049929,0.00017281,0,-17.25,2,0
0.00016638,0.04992,0.00018043,0,-17,2,0
0.00016689,0.049911,0.00018865,0,-16.75,2,0
0.00016744,0.049901,0.00019677,0,-16.5,2,0
0.00016806,0.04989,0.00020603,0,-16.25,2,0
0.00016872,0.049878,0.00021559,0,-16,2,0
0.00016945,0.049865,0.00022681,0,-15.75,2,0
0.00017022,0.04985,0.00023826,0,-15.5,2,0
0.00017108,0.049835,0.00025122,0,-15.25,2,0
0.00017201,0.049817,0.00026494,0,-15,2,0
0.000173,0.049798,0.00028052,0,-14.75,2,0
0.00017409,0.049778,0.00029665,0,-14.5,2,0
0.00017526,0.049755,0.00031578,0,-14.25,2,0
0.00017654,0.049731,0.00033562,0,-14,2,0
0.00017791,0.049704,0.00035814,0,-13.75,2,0
0.0001794,0.049675,0.0003816,0,-13.5,2,0
0.00018101,0.049644,0.00040857,0,-13.25,2,0
0.00018278,0.04961,0.00043712,0,-13,2,0
0.00018465,0.049572,0.00047019,0,-12.75,2,0
0.00018671,0.049532,0.00050536,0,-12.5,2,0
0.00018892,0.049488,0.00054586,0,-12.25,2,0
0.00019131,0.049441,0.00058861,0,-12,2,0
0.0001939,0.049389,0.0006374,0,-11.75,2,0
0.0001967,0.049333,0.00068874,0,-11.5,2,0
0.00019971,0.049272,0.00074743,0,-11.25,2,0
0.00020299,0.049206,0.00080921,0,-11,2,0
0.00020653,0.049134,0.00087951,0,-10.75,2,0
0.00021034,0.049056,0.00095488,0,-10.5,2,0
0.00021444,0.048972,0.0010395,0,-10.25,2,0
0.0002189,0.048879,0.0011305,-2.2152e-24,-10,2,0
0.0001613,0.05,6.6503e-07,0,-24.75,2.6667,0
0.0001613,0.05,0,0,-25,2.6667,0
0.0001613,0.05,1.9632e-06,0,-24.5,2.6667,0
0.00016131,0.05,3.9481e-06,0,-24.25,2.6667,0
0.00016132,0.05,6.3599e-06,0,-24,2.6667,0
0.00016134,0.049999,9.5434e-06,0,-23.75,2.6667,0
0.00016136,0.049999,1.3032e-05,0,-23.5,2.6667,0
0.00016139,0.049999,1.6862e-05,0,-23.25,2.6667,0
0.00016142,0.049998,2.127e-05,0,-23,2.6667,0
0.00016145,0.049998,2.5875e-05,0,-22.75,2.6667,0
0.00016149,0.049997,3.0847e-05,0,-22.5,2.6667,0
0.00016154,0.049997,3.5946e-05,0,-22.25,2.6667,0
0.00016159,0.049996,4.146e-05,0,-22,2.6667,0
0.00016165,0.049996,4.7972e-05,0,-21.75,2.6667,0
0.00016172,0.049995,5.3807e-05,0,-21.5,2.6667,0
0.0001618,0.049994,5.9952e-05,0,-21.25,2.6667,0
0.00016188,0.049994,6.6985e-05,0,-21,2.6667,0
0.00016198,0.049993,7.4354e-05,0,-20.75,2.6667,0
0.00016209,0.049992,8.1611e-05,0,-20.5,2.6667,0
0.00016221,0.04999,8.8606e-05,0,-20.25,2.6667,0
0.00016233,0.049989,9.5628e-05,0,-20,2.6667,0
0.00016248,0.049987,0.00010316,0,-19.75,2.6667,0
0.00016264,0.049985,0.0001107,0,-19.5,2.6667,0
0.00016281,0.049983,0.00011854,0,-19.25,2.6667,0
0.000163,0.049981,0.00012703,0,-19,2.6667,0
0.00016321,0.049979,0.00013721,0,-18.75,2.6667,0
0.00016344,0.049977,0.00014769,0,-18.5,2.6667,0
0.00016369,0.049973,0.00015775,0,-18.25,2.6667,0
0.00016397,0.049969,0.00016661,0,-18,2.6667,0
0.00016427,0.049965,0.00017483,0,-17.75,2.6667,0
0.00016459,0.04996,0.00018258,0,-17.5,2.6667,0
0.00016495,0.049954,0.00019109,0,-17.25,2.6667,0
0.00016534,0.049948,0.00019997,0,-17,2.6667,0
0.00016576,0.049941,0.00021034,0,-16.75,2.6667,0
0.00016621,0.049934,0.00022109,0,-16.5,2.6667,0
0.00016671,0.049925,0.00023327,0,-16.25,2.6667,0
0.00016725,0.049916,0.00024599,0,-16,2.6667,0
0.00016784,0.049905,0.00026019,0,-15.75,2.6667,0
0.00016847,0.049894,0.00027502,0,-15.5,2.6667,0
0.00016916,0.049882,0.00029147,0,-15.25,2.6667,0
0.00016991,0.049869,0.00030877,0,-15,2.6667,0
0.00017072,0.049854,0.00032816,0,-14.75,2.6667,0
0.00017159,0.049838,0.0003486,0,-14.5,2.6667,0
0.00017254,0.049821,0.00037188,0,-14.25,2.6667,0
0.00017356,0.049802,0.00039642,0,-14,2.6667,0
0.00017466,0.049782,0.00042427,0,-13.75,2.6667,0
0.00017585,0.049759,0.00045366,0,-13.5,2.6667,0
0.00017714,0.049735,0.00048711,0,-13.25,2.6667,0
0.00017855,0.049709,0.00052262,0,-13,2.6667,0
0.00018003,0.04968,0.00056335,0,-12.75,2.6667,0
0.00018166,0.049648,0.00060641,0,-12.5,2.6667,0
0.00018339,0.049614,0.00065547,0,-12.25,2.6667,0
0.00018527,0.049578,0.00070729,0,-12,2.6667,0
0.00018729,0.049538,0.0007657,0,-11.75,2.6667,0
0.00018945,0.049495,0.00082815,0,-11.5,2.6667,0
0.00019179,0.049449,0.00089795,0,-11.25,2.6667,0
0.00019428,0.049399,0.00097281,0,-11,2.6667,0
0.00019699,0.049344,0.0010564,0,-10.75,2.6667,0
0.00019985,0.049286,0.0011461,0,-10.5,2.6667,0
0.00020293,0.049223,0.0012471,0,-10.25,2.6667,0
0.00020615,0.049157,0.0013543,-3.9592e-24,-10,2.6667,0
0.00016122,0.05,8.3407e-07,0,-24.75,3.3333,0
0.00016122,0.05,0,0,-25,3.3333,0
0.00016122,0.05,2.217e-06,0,-24.5,3.3333,0
0.00016123,0.05,4.2072e-06,0,-24.25,3.3333,0
0.00016124,0.05,6.7235e-06,0,-24,3.3333,0
0.00016125,0.05,9.9437e-06,0,-23.75,3.3333,0
0.00016126,0.05,1.348e-05,0,-23.5,3.3333,0
0.00016127,0.05,1.7313e-05,0,-23.25,3.3333,0
0.00016129,0.05,2.1774e-05,0,-23,3.3333,0
0.00016131,0.05,2.6519e-05,0,-22.75,3.3333,0
0.00016134,0.049999,3.1308e-05,0,-22.5,3.3333,0
0.00016137,0.05,3.6679e-05,0,-22.25,3.3333,0
0.0001614,0.049999,4.2366e-05,0,-22,3.3333,0
0.00016144,0.049999,4.8657e-05,0,-21.75,3.3333,0
0.00016148,0.049999,5.4744e-05,0,-21.5,3.3333,0
0.00016153,0.049999,6.1311e-05,0,-21.25,3.3333,0
0.00016159,0.049999,6.8447e-05,0,-21,3.3333,0
0.00016166,0.049999,7.585e-05,0,-20.75,3.3333,0
0.00016173,0.049999,8.332e-05,0,-20.5,3.3333,0
0.00016181,0.049999,9.0654e-05,0,-20.25,3.3333,0
0.0001619,0.049998,9.8441e-05,0,-20,3.3333,0
0.000162,0.049998,0.00010675,0,-19.75,3.3333,0
0.00016211,0.049997,0.00011473,0,-19.5,3.3333,0
0.00016224,0.049996,0.00012233,0,-19.25,3.3333,0
0.00016237,0.049995,0.00013053,0,-19,3.3333,0
0.00016252,0.049994,0.00014052,0,-18.75,3.3333,0
0.00016269,0.049993,0.00015155,0,-18.5,3.3333,0
0.00016287,0.049993,0.00016332,0,-18.25,3.3333,0
0.00016307,0.049991,0.00017449,0,-18,3.3333,0
0.00016328,0.04999,0.00018485,0,-17.75,3.3333,0
0.00016352,0.049987,0.0001943,0,-17.5,3.3333,0
0.00016378,0.049984,0.00020391,0,-17.25,3.3333,0
0.00016406,0.049981,0.00021397,0,-17,3.3333,0
0.00016437,0.049976,0.00022604,0,-16.75,3.3333,0
0.0001647,0.049972,0.00023935,0,-16.5,3.3333,0
0.00016506,0.049966,0.00025405,0,-16.25,3.3333,0
0.00016545,0.04996,0.00026892,0,-16,3.3333,0
0.00016588,0.049953,0.00028466,0,-15.75,3.3333,0
0.00016634,0.049945,0.00030074,0,-15.5,3.3333,0
0.00016684,0.049937,0.00031892,0,-15.25,3.3333,0
0.00016738,0.049928,0.00033852,0,-15,3.3333,0
0.00016797,0.049919,0.00036117,0,-14.75,3.3333,0
0.0001686,0.049909,0.0003853,0,-14.5,3.3333,0
0.00016928,0.049897,0.00041238,0,-14.25,3.3333,0
0.00017001,0.049885,0.00044082,0,-14,3.3333,0
0.0001708,0.049871,0.00047255,0,-13.75,3.3333,0
0.00017165,0.049856,0.00050624,0,-13.5,3.3333,0
0.00017256,0.04984,0.00054424,0,-13.25,3.3333,0
0.00017354,0.049822,0.0005848,0,-13,3.3333,0
0.00017459,0.049802,0.00063058,0,-12.75,3.3333,0
0.00017571,0.049782,0.00067933,0,-12.5,3.3333,0
0.00017692,0.049759,0.00073411,0,-12.25,3.3333,0
0.0001782,0.049735,0.00079241,0,-12,3.3333,0
0.00017959,0.049708,0.00085743,0,-11.75,3.3333,0
0.00018103,0.049681,0.00092757,0,-11.5,3.3333,0
0.00018261,0.04965,0.0010044,0,-11.25,3.3333,0
0.00018424,0.049618,0.0010882,0,-11,3.3333,0
0.00018601,0.049583,0.0011797,0,-10.75,3.3333,0
0.00018783,0.049546,0.0012793,0,-10.5,3.3333,0
0.00018981,0.049506,0.0013879,0,-10.25,3.3333,0
0.00019173,0.049467,0.0015071,-3.6908e-24,-10,3.3333,0
0.00016114,0.05,9.0321e-07,0,-24.75,4,0
0.00016114,0.05,0,0,-25,4,0
0.00016114,0.05,2.2268e-06,0,-24.5,4,0
0.00016114,0.05,4.251e-06,0,-24.25,4,0
0.00016115,0.05,6.8301e-06,0,-24,4,0
0.00016115,0.05,9.8364e-06,0,-23.75,4,0
0.00016115,0.05,1.3345e-05,0,-23.5,4,0
0.00016115,0.050001,1.7223e-05,0,-23.25,4,0
0.00016115,0.050001,2.1382e-05,0,-23,4,0
0.00016116,0.050001,2.6216e-05,0,-22.75,4,0
0.00016116,0.050002,3.0914e-05,0,-22.5,4,0
0.00016117,0.050002,3.6095e-05,0,-22.25,4,0
0.00016118,0.050003,4.1786e-05,0,-22,4,0
0.0001612,0.050004,4.7962e-05,0,-21.75,4,0
0.00016121,0.050004,5.4209e-05,0,-21.5,4,0
0.00016123,0.050005,6.0718e-05,0,-21.25,4,0
0.00016126,0.050006,6.7578e-05,0,-21,4,0
0.00016128,0.050006,7.5185e-05,0,-20.75,4,0
0.00016132,0.050007,8.2961e-05,0,-20.5,4,0
0.00016135,0.050008,9.054e-05,0,-20.25,4,0
0.0001614,0.050009,9.8153e-05,0,-20,4,0
0.00016145,0.05001,0.0001063,0,-19.75,4,0
0.00016151,0.05001,0.00011491,0,-19.5,4,0
0.00016157,0.050011,0.00012382,0,-19.25,4,0
0.00016164,0.050011,0.00013279,0,-19,4,0
0.00016173,0.050011,0.00014191,0,-18.75,4,0
0.00016182,0.050012,0.00015147,0,-18.5,4,0
0.00016192,0.050012,0.00016233,0,-18.25,4,0
0.00016203,0.050013,0.00017392,0,-18,4,0
0.00016215,0.050014,0.00018567,0,-17.75,4,0
0.00016228,0.050015,0.00019759,0,-17.5,4,0
0.00016243,0.050015,0.00020915,0,-17.25,4,0
0.00016259,0.050015,0.0002211,0,-17,4,0
0.00016277,0.050014,0.00023403,0,-16.75,4,0
0.00016296,0.050013,0.00024832,0,-16.5,4,0
0.00016318,0.050011,0.00026476,0,-16.25,4,0
0.0001634,0.05001,0.00028111,0,-16,4,0
0.00016365,0.050008,0.00029914,0,-15.75,4,0
0.00016392,0.050005,0.0003169,0,-15.5,4,0
0.0001642,0.050001,0.00033615,0,-15.25,4,0
0.00016452,0.049997,0.00035675,0,-15,4,0
0.00016485,0.049992,0.00038064,0,-14.75,4,0
0.00016521,0.049987,0.00040639,0,-14.5,4,0
0.0001656,0.049982,0.00043559,0,-14.25,4,0
0.00016601,0.049976,0.00046647,0,-14,4,0
0.00016645,0.049969,0.00050094,0,-13.75,4,0
0.00016693,0.049962,0.00053768,0,-13.5,4,0
0.00016743,0.049955,0.00057796,0,-13.25,4,0
0.00016795,0.049947,0.00062187,0,-13,4,0
0.00016853,0.049937,0.00067014,0,-12.75,4,0
0.00016911,0.049928,0.00072241,0,-12.5,4,0
0.00016975,0.049917,0.00078005,0,-12.25,4,0
0.00017039,0.049907,0.00084227,0,-12,4,0
0.00017109,0.049894,0.00091037,0,-11.75,4,0
0.00017179,0.049882,0.00098433,0,-11.5,4,0
0.00017255,0.049868,0.0010643,0,-11.25,4,0
0.00017329,0.049855,0.0011521,0,-11,4,0
0.00017408,0.04984,0.0012467,0,-10.75,4,0
0.00017484,0.049826,0.0013503,0,-10.5,4,0
0.00017565,0.04981,0.0014619,0,-10.25,4,0
0.00017627,0.049798,0.0015848,0,-10,4,0
0.00016105,0.05,8.6797e-07,0,-24.75,4.6667,0
0.00016105,0.05,0,0,-25,4.6667,0
0.00016104,0.05,2.0835e-06,0,-24.5,4.6667,0
0.00016104,0.05,3.929e-06,0,-24.25,4.6667,0
0.00016103,0.05,6.1582e-06,0,-24,4.6667,0
0.00016102,0.050001,9.0297e-06,0,-23.75,4.6667,0
0.00016101,0.050001,1.2205e-05,0,-23.5,4.6667,0
0.000161,0.050002,1.5892e-05,0,-23.25,4.6667,0
0.00016099,0.050003,1.9849e-05,0,-23,4.6667,0
0.00016098,0.050003,2.4259e-05,0,-22.75,4.6667,0
0.00016096,0.050004,2.8866e-05,0,-22.5,4.6667,0
0.00016095,0.050005,3.3834e-05,0,-22.25,4.6667,0
0.00016093,0.050007,3.9184e-05,0,-22,4.6667,0
0.00016092,0.050008,4.509e-05,0,-21.75,4.6667,0
0.0001609,0.050009,5.1145e-05,0,-21.5,4.6667,0
0.00016089,0.050011,5.7485e-05,0,-21.25,4.6667,0
0.00016088,0.050012,6.4243e-05,0,-21,4.6667,0
0.00016087,0.050014,7.1567e-05,0,-20.75,4.6667,0
0.00016086,0.050016,7.9137e-05,0,-20.5,4.6667,0
0.00016085,0.050018,8.6726e-05,0,-20.25,4.6667,0
0.00016085,0.05002,9.4341e-05,0,-20,4.6667,0
0.00016084,0.050022,0.00010214,0,-19.75,4.6667,0
0.00016084,0.050024,0.00011066,0,-19.5,4.6667,0
0.00016084,0.050027,0.00011972,0,-19.25,4.6667,0
0.00016085,0.050029,0.00012938,0,-19,4.6667,0
0.00016086,0.050031,0.00013916,0,-18.75,4.6667,0
0.00016087,0.050033,0.00014895,0,-18.5,4.6667,0
0.00016089,0.050036,0.00015918,0,-18.25,4.6667,0
0.0001609,0.050038,0.0001697,0,-18,4.6667,0
0.00016093,0.050041,0.00018077,0,-17.75,4.6667,0
0.00016095,0.050043,0.00019251,0,-17.5,4.6667,0
0.00016099,0.050046,0.00020468,0,-17.25,4.6667,0
0.00016102,0.050049,0.00021755,0,-17,4.6667,0
0.00016106,0.050052,0.00023109,0,-16.75,4.6667,0
0.00016111,0.050054,0.0002455,0,-16.5,4.6667,0
0.00016116,0.050056,0.00026174,0,-16.25,4.6667,0
0.00016121,0.050059,0.00027864,0,-16,4.6667,0
0.00016128,0.050062,0.00029818,0,-15.75,4.6667,0
0.00016135,0.050064,0.00031828,0,-15.5,4.6667,0
0.00016141,0.050066,0.00034008,0,-15.25,4.6667,0
0.00016149,0.050067,0.00036282,0,-15,4.6667,0
0.00016157,0.050068,0.00038751,0,-14.75,4.6667,0
0.00016164,0.050069,0.00041355,0,-14.5,4.6667,0
0.00016174,0.05007,0.00044242,0,-14.25,4.6667,0
0.00016182,0.050071,0.00047309,0,-14,4.6667,0
0.00016191,0.050071,0.00050783,0,-13.75,4.6667,0
0.000162,0.050072,0.00054524,0,-13.5,4.6667,0
0.00016209,0.050073,0.00058601,0,-13.25,4.6667,0
0.00016217,0.050075,0.00063151,0,-13,4.6667,0
0.00016225,0.050075,0.00068004,0,-12.75,4.6667,0
0.00016231,0.050077,0.00073362,0,-12.5,4.6667,0
0.00016238,0.050078,0.00079125,0,-12.25,4.6667,0
0.0001624,0.050081,0.00085452,0,-12,4.6667,0
0.00016243,0.050082,0.00092217,0,-11.75,4.6667,0
0.0001624,0.050086,0.00099694,0,-11.5,4.6667,0
0.00016236,0.050089,0.0010763,0,-11.25,4.6667,0
0.00016224,0.050094,0.0011638,0,-11,4.6667,0
0.0001621,0.050098,0.0012571,0,-10.75,4.6667,0
0.00016184,0.050105,0.0013598,0,-10.5,4.6667,0
0.00016154,0.050112,0.0014689,0,-10.25,4.6667,0
0.00016098,0.050125,0.0015889,5.6843e-24,-10,4.6667,0
0.00016099,0.05,7.5373e-07,0,-24.75,5.3333,0
0.00016099,0.05,0,0,-25,5.3333,0
0.00016099,0.05,1.7498e-06,0,-24.5,5.3333,0
0.00016097,0.05,3.3304e-06,0,-24.25,5.3333,0
0.00016096,0.050001,5.2328e-06,0,-24,5.3333,0
0.00016094,0.050001,7.7108e-06,0,-23.75,5.3333,0
0.00016091,0.050002,1.0492e-05,0,-23.5,5.3333,0
0.00016088,0.050003,1.3809e-05,0,-23.25,5.3333,0
0.00016085,0.050004,1.7372e-05,0,-23,5.3333,0
0.00016081,0.050006,2.1372e-05,0,-22.75,5.3333,0
0.00016078,0.050007,2.5594e-05,0,-22.5,5.3333,0
0.00016073,0.050009,3.0253e-05,0,-22.25,5.3333,0
0.00016069,0.050011,3.5193e-05,0,-22,5.3333,0
0.00016065,0.050013,4.0594e-05,0,-21.75,5.3333,0
0.0001606,0.050015,4.6211e-05,0,-21.5,5.3333,0
0.00016055,0.050017,5.2301e-05,0,-21.25,5.3333,0
0.0001605,0.05002,5.8693e-05,0,-21,5.3333,0
0.00016045,0.050023,6.5553e-05,0,-20.75,5.3333,0
0.00016039,0.050026,7.2562e-05,0,-20.5,5.3333,0
0.00016034,0.050029,7.9778e-05,0,-20.25,5.3333,0
0.00016028,0.050032,8.7174e-05,0,-20,5.3333,0
0.00016022,0.050036,9.4735e-05,0,-19.75,5.3333,0
0.00016016,0.050039,0.0001032,0,-19.5,5.3333,0
0.0001601,0.050043,0.00011156,0,-19.25,5.3333,0
0.00016004,0.050047,0.00012084,0,-19,5.3333,0
0.00015997,0.050051,0.00013015,0,-18.75,5.3333,0
0.0001599,0.050056,0.00013968,0,-18.5,5.3333,0
0.00015983,0.05006,0.00014995,0,-18.25,5.3333,0
0.00015975,0.050065,0.00016026,0,-18,5.3333,0
0.00015968,0.05007,0.00017145,0,-17.75,5.3333,0
0.00015959,0.050075,0.00018241,0,-17.5,5.3333,0
0.00015951,0.05008,0.00019473,0,-17.25,5.3333,0
0.00015941,0.050085,0.00020741,0,-17,5.3333,0
0.00015932,0.050091,0.00022098,0,-16.75,5.3333,0
0.00015922,0.050096,0.00023538,0,-16.5,5.3333,0
0.00015911,0.050102,0.00025078,0,-16.25,5.3333,0
0.00015899,0.050108,0.00026728,0,-16,5.3333,0
0.00015886,0.050115,0.00028582,0,-15.75,5.3333,0
0.00015872,0.050121,0.00030566,0,-15.5,5.3333,0
0.00015857,0.050128,0.00032752,0,-15.25,5.3333,0
0.00015841,0.050135,0.00035051,0,-15,5.3333,0
0.00015823,0.050143,0.00037562,0,-14.75,5.3333,0
0.00015803,0.050151,0.00040253,0,-14.5,5.3333,0
0.00015782,0.050158,0.0004313,0,-14.25,5.3333,0
0.00015758,0.050167,0.00046253,0,-14,5.3333,0
0.00015733,0.050175,0.00049591,0,-13.75,5.3333,0
0.00015703,0.050184,0.00053256,0,-13.5,5.3333,0
0.00015672,0.050193,0.00057176,0,-13.25,5.3333,0
0.00015636,0.050204,0.00061598,0,-13,5.3333,0
0.00015597,0.050214,0.0006626,0,-12.75,5.3333,0
0.00015552,0.050227,0.00071496,0,-12.5,5.3333,0
0.00015503,0.050239,0.00077007,0,-12.25,5.3333,0
0.00015446,0.050254,0.00083153,0,-12,5.3333,0
0.00015385,0.050269,0.0008963,0,-11.75,5.3333,0
0.00015313,0.050287,0.00096805,0,-11.5,5.3333,0
0.00015234,0.050306,0.0010437,0,-11.25,5.3333,0
0.00015143,0.050327,0.001127,0,-11,5.3333,0
0.00015041,0.05035,0.0012151,0,-10.75,5.3333,0
0.00014923,0.050377,0.0013121,0,-10.5,5.3333,0
0.00014793,0.050405,0.0014142,0,-10.25,5.3333,0
0.00014626,0.050442,0.0015264,5.0578e-24,-10,5.3333,0
0.00016094,0.05,3.4445e-07,0,-24.75,6,0
0.00016095,0.05,0,0,-25,6,0
0.00016094,0.05,9.295e-07,0,-24.5,6,0
0.00016091,0.050001,2.0287e-06,0,-24.25,6,0
0.00016088,0.050002,3.4018e-06,0,-24,6,0
0.00016085,0.050002,5.3296e-06,0,-23.75,6,0
0.00016081,0.050003,7.5265e-06,0,-23.5,6,0
0.00016076,0.050005,1.0252e-05,0,-23.25,6,0
0.00016071,0.050006,1.3211e-05,0,-23,6,0
0.00016065,0.050008,1.6656e-05,0,-22.75,6,0
0.00016059,0.05001,2.0307e-05,0,-22.5,6,0
0.00016052,0.050012,2.4415e-05,0,-22.25,6,0
0.00016045,0.050015,2.8765e-05,0,-22,6,0
0.00016038,0.050018,3.3662e-05,0,-21.75,6,0
0.00016029,0.050021,3.8724e-05,0,-21.5,6,0
0.00016021,0.050024,4.4278e-05,0,-21.25,6,0
0.00016012,0.050028,5.002e-05,0,-21,6,0
0.00016003,0.050031,5.6278e-05,0,-20.75,6,0
0.00015993,0.050035,6.2578e-05,0,-20.5,6,0
0.00015983,0.05004,6.9242e-05,0,-20.25,6,0
0.00015972,0.050044,7.6182e-05,0,-20,6,0
0.00015961,0.050049,8.3339e-05,0,-19.75,6,0
0.00015949,0.050054,9.117e-05,0,-19.5,6,0
0.00015937,0.050059,9.8948e-05,0,-19.25,6,0
0.00015924,0.050065,0.00010725,0,-19,6,0
0.0001591,0.050071,0.00011578,0,-18.75,6,0
0.00015895,0.050077,0.00012466,0,-18.5,6,0
0.00015879,0.050084,0.00013435,0,-18.25,6,0
0.00015863,0.050091,0.00014417,0,-18,6,0
0.00015845,0.050098,0.0001549,0,-17.75,6,0
0.00015826,0.050105,0.0001653,0,-17.5,6,0
0.00015806,0.050113,0.00017693,0,-17.25,6,0
0.00015785,0.050121,0.00018885,0,-17,6,0
0.00015762,0.05013,0.00020163,0,-16.75,6,0
0.00015737,0.050139,0.00021543,0,-16.5,6,0
0.00015711,0.050148,0.0002303,0,-16.25,6,0
0.00015682,0.050157,0.0002462,0,-16,6,0
0.00015651,0.050167,0.0002634,0,-15.75,6,0
0.00015618,0.050178,0.00028201,0,-15.5,6,0
0.00015582,0.050189,0.00030198,0,-15.25,6,0
0.00015543,0.050201,0.00032352,0,-15,6,0
0.00015501,0.050213,0.00034679,0,-14.75,6,0
0.00015456,0.050227,0.00037257,0,-14.5,6,0
0.00015407,0.050241,0.00039953,0,-14.25,6,0
0.00015353,0.050256,0.00043006,0,-14,6,0
0.00015295,0.050271,0.00046149,0,-13.75,6,0
0.00015231,0.050289,0.00049696,0,-13.5,6,0
0.00015162,0.050306,0.00053365,0,-13.25,6,0
0.00015086,0.050325,0.00057508,0,-13,6,0
0.00015004,0.050345,0.00061837,0,-12.75,6,0
0.00014914,0.050367,0.00066689,0,-12.5,6,0
0.00014816,0.05039,0.00071764,0,-12.25,6,0
0.00014706,0.050416,0.00077459,0,-12,6,0
0.00014588,0.050443,0.00083408,0,-11.75,6,0
0.00014457,0.050474,0.0009,0,-11.5,6,0
0.00014313,0.050506,0.00096931,0,-11.25,6,0
0.00014153,0.050542,0.0010456,0,-11,6,0
0.00013977,0.050581,0.0011255,0,-10.75,6,0
0.00013782,0.050624,0.0012135,0,-10.5,6,0
0.00013567,0.05067,0.001305,0,-10.25,6,0
0.00013317,0.050726,0.0014061,-1.3675e-22,-10,6,0
0.00016099,0.05,-2.3632e-07,0,-24.75,6.6667,0
0.00016099,0.05,0,0,-25,6.6667,0
0.00016098,0.050001,-1.314e-07,0,-24.5,6.6667,0
0.00016094,0.050001,4.4665e-07,0,-24.25,6.6667,0
0.0001609,0.050002,1.2025e-06,0,-24,6.6667,0
0.00016085,0.050003,2.5156e-06,0,-23.75,6.6667,0
0.00016078,0.050005,4.0439e-06,0,-23.5,6.6667,0
0.00016071,0.050007,6.1006e-06,0,-23.25,6.6667,0
0.00016063,0.050009,8.3627e-06,0,-23,6.6667,0
0.00016055,0.050011,1.1117e-05,0,-22.75,6.6667,0
0.00016046,0.050014,1.4065e-05,0,-22.5,6.6667,0
0.00016036,0.050017,1.7474e-05,0,-22.25,6.6667,0
0.00016026,0.05002,2.1101e-05,0,-22,6.6667,0
0.00016015,0.050024,2.5258e-05,0,-21.75,6.6667,0
0.00016003,0.050028,2.9598e-05,0,-21.5,6.6667,0
0.00015991,0.050032,3.4384e-05,0,-21.25,6.6667,0
0.00015978,0.050036,3.9326e-05,0,-21,6.6667,0
0.00015965,0.050041,4.4772e-05,0,-20.75,6.6667,0
0.00015951,0.050046,5.0295e-05,0,-20.5,6.6667,0
0.00015936,0.050051,5.6156e-05,0,-20.25,6.6667,0
0.00015921,0.050057,6.2222e-05,0,-20,6.6667,0
0.00015904,0.050063,6.8671e-05,0,-19.75,6.6667,0
0.00015887,0.050069,7.5452e-05,0,-19.5,6.6667,0
0.00015869,0.050076,8.2575e-05,0,-19.25,6.6667,0
0.00015849,0.050083,8.9893e-05,0,-19,6.6667,0
0.00015828,0.050091,9.762e-05,0,-18.75,6.6667,0
0.00015806,0.050099,0.0001055,0,-18.5,6.6667,0
0.00015783,0.050107,0.00011398,0,-18.25,6.6667,0
0.00015758,0.050116,0.0001227,0,-18,6.6667,0
0.00015731,0.050125,0.00013215,0,-17.75,6.6667,0
0.00015702,0.050135,0.00014173,0,-17.5,6.6667,0
0.00015671,0.050145,0.00015222,0,-17.25,6.6667,0
0.00015639,0.050156,0.0001631,0,-17,6.6667,0
0.00015603,0.050167,0.00017476,0,-16.75,6.6667,0
0.00015566,0.050179,0.00018736,0,-16.5,6.6667,0
0.00015525,0.050191,0.00020081,0,-16.25,6.6667,0
0.00015481,0.050205,0.00021541,0,-16,6.6667,0
0.00015433,0.050218,0.00023072,0,-15.75,6.6667,0
0.00015383,0.050233,0.00024748,0,-15.5,6.6667,0
0.00015327,0.050248,0.00026545,0,-15.25,6.6667,0
0.00015268,0.050264,0.00028541,0,-15,6.6667,0
0.00015204,0.050281,0.00030633,0,-14.75,6.6667,0
0.00015135,0.0503,0.00032968,0,-14.5,6.6667,0
0.0001506,0.050319,0.00035376,0,-14.25,6.6667,0
0.00014979,0.05034,0.00038104,0,-14,6.6667,0
0.00014891,0.050362,0.00040937,0,-13.75,6.6667,0
0.00014796,0.050386,0.00044133,0,-13.5,6.6667,0
0.00014693,0.05041,0.0004745,0,-13.25,6.6667,0
0.00014582,0.050437,0.00051177,0,-13,6.6667,0
0.00014461,0.050466,0.00055065,0,-12.75,6.6667,0
0.00014329,0.050497,0.00059391,0,-12.5,6.6667,0
0.00014186,0.05053,0.00063916,0,-12.25,6.6667,0
0.00014031,0.050566,0.00068953,0,-12,6.6667,0
0.00013862,0.050604,0.000742,0,-11.75,6.6667,0
0.00013679,0.050645,0.00080021,0,-11.5,6.6667,0
0.00013479,0.05069,0.00086076,0,-11.25,6.6667,0
0.0001326,0.050738,0.0009276,0,-11,6.6667,0
0.00013023,0.05079,0.00099685,0,-10.75,6.6667,0
0.00012764,0.050848,0.0010735,0,-10.5,6.6667,0
0.00012481,0.050908,0.0011512,0,-10.25,6.6667,0
0.00012156,0.050981,0.0012368,9.6997e-24,-10,6.6667,0
0.00016107,0.05,-1.3157e-06,0,-24.75,7.3333,0
0.00016108,0.05,0,0,-25,7.3333,0
0.00016104,0.050001,-2.1635e-06,0,-24.5,7.3333,0
0.00016099,0.050002,-2.541e-06,0,-24.25,7.3333,0
0.00016093,0.050003,-2.6815e-06,0,-24,7.3333,0
0.00016086,0.050005,-2.2493e-06,0,-23.75,7.3333,0
0.00016078,0.050007,-1.5245e-06,0,-23.5,7.3333,0
0.00016068,0.050009,-2.5424e-07,0,-23.25,7.3333,0
0.00016058,0.050012,1.2461e-06,0,-23,7.3333,0
0.00016047,0.050015,3.2293e-06,0,-22.75,7.3333,0
0.00016035,0.050018,5.4047e-06,0,-22.5,7.3333,0
0.00016023,0.050021,8.0355e-06,0,-22.25,7.3333,0
0.00016009,0.050025,1.0875e-05,0,-22,7.3333,0
0.00015996,0.05003,1.4151e-05,0,-21.75,7.3333,0
0.00015981,0.050034,1.7651e-05,0,-21.5,7.3333,0
0.00015965,0.050039,2.1575e-05,0,-21.25,7.3333,0
0.00015949,0.050044,2.5642e-05,0,-21,7.3333,0
0.00015932,0.05005,3.0115e-05,0,-20.75,7.3333,0
0.00015914,0.050056,3.4715e-05,0,-20.5,7.3333,0
0.00015895,0.050062,3.9639e-05,0,-20.25,7.3333,0
0.00015876,0.050069,4.4722e-05,0,-20,7.3333,0
0.00015854,0.050076,5.0165e-05,0,-19.75,7.3333,0
0.00015832,0.050084,5.582e-05,0,-19.5,7.3333,0
0.00015808,0.050092,6.1797e-05,0,-19.25,7.3333,0
0.00015783,0.0501,6.7973e-05,0,-19,7.3333,0
0.00015756,0.050109,7.4575e-05,0,-18.75,7.3333,0
0.00015728,0.050119,8.1323e-05,0,-18.5,7.3333,0
0.00015697,0.050129,8.8547e-05,0,-18.25,7.3333,0
0.00015665,0.050139,9.592e-05,0,-18,7.3333,0
0.0001563,0.05015,0.00010386,0,-17.75,7.3333,0
0.00015592,0.050162,0.000112,0,-17.5,7.3333,0
0.00015552,0.050174,0.00012097,0,-17.25,7.3333,0
0.00015509,0.050187,0.00013029,0,-17,7.3333,0
0.00015463,0.050201,0.00014028,0,-16.75,7.3333,0
0.00015414,0.050215,0.00015082,0,-16.5,7.3333,0
0.0001536,0.05023,0.00016227,0,-16.25,7.3333,0
0.00015303,0.050247,0.00017475,0,-16,7.3333,0
0.00015241,0.050263,0.00018813,0,-15.75,7.3333,0
0.00015175,0.050282,0.00020253,0,-15.5,7.3333,0
0.00015103,0.0503,0.00021777,0,-15.25,7.3333,0
0.00015027,0.050321,0.00023448,0,-15,7.3333,0
0.00014943,0.050342,0.00025227,0,-14.75,7.3333,0
0.00014853,0.050365,0.00027204,0,-14.5,7.3333,0
0.00014756,0.050389,0.00029276,0,-14.25,7.3333,0
0.00014652,0.050415,0.00031593,0,-14,7.3333,0
0.00014539,0.050442,0.00034009,0,-13.75,7.3333,0
0.00014418,0.050471,0.00036722,0,-13.5,7.3333,0
0.00014286,0.050502,0.00039543,0,-13.25,7.3333,0
0.00014145,0.050536,0.00042703,0,-13,7.3333,0
0.00013991,0.050571,0.00045979,0,-12.75,7.3333,0
0.00013826,0.05061,0.00049665,0,-12.5,7.3333,0
0.00013648,0.05065,0.00053477,0,-12.25,7.3333,0
0.00013456,0.050694,0.00057743,0,-12,7.3333,0
0.00013248,0.050741,0.00062148,0,-11.75,7.3333,0
0.00013024,0.050791,0.00067067,0,-11.5,7.3333,0
0.00012783,0.050845,0.00072114,0,-11.25,7.3333,0
0.00012522,0.050903,0.00077746,0,-11,7.3333,0
0.00012241,0.050965,0.00083467,0,-10.75,7.3333,0
0.00011939,0.051033,0.00089931,0,-10.5,7.3333,0
0.00011607,0.051103,0.00096212,0,-10.25,7.3333,0
0.00011243,0.051186,0.0010326,1.0847e-22,-10,7.3333,0
0.00016136,0.05,-2.4464e-06,0,-24.75,8,0
0.00016138,0.05,0,0,-25,8,0
0.0001613,0.050002,-4.3509e-06,0,-24.5,8,0
0.00016122,0.050003,-5.745e-06,0,-24.25,8,0
0.00016112,0.050006,-6.778e-06,0,-24,8,0
0.00016101,0.050008,-7.266e-06,0,-23.75,8,0
0.00016088,0.050011,-7.3867e-06,0,-23.5,8,0
0.00016075,0.050014,-6.9885e-06,0,-23.25,8,0
0.00016061,0.050017,-6.3363e-06,0,-23,8,0
0.00016046,0.050021,-5.2179e-06,0,-22.75,8,0
0.00016031,0.050025,-3.8983e-06,0,-22.5,8,0
0.00016015,0.050029,-2.15e-06,0,-22.25,8,0
0.00015999,0.050034,-2.0377e-07,0,-22,8,0
0.00015982,0.050039,2.1332e-06,0,-21.75,8,0
0.00015964,0.050044,4.6504e-06,0,-21.5,8,0
0.00015945,0.050049,7.545e-06,0,-21.25,8,0
0.00015926,0.050055,1.0579e-05,0,-21,8,0
0.00015906,0.050062,1.3946e-05,0,-20.75,8,0
0.00015884,0.050069,1.7419e-05,0,-20.5,8,0
0.00015862,0.050076,2.1166e-05,0,-20.25,8,0
0.00015838,0.050083,2.5105e-05,0,-20,8,0
0.00015813,0.050091,2.9282e-05,0,-19.75,8,0
0.00015787,0.0501,3.3673e-05,0,-19.5,8,0
0.00015758,0.050109,3.8343e-05,0,-19.25,8,0
0.00015729,0.050119,4.3166e-05,0,-19,8,0
0.00015697,0.050129,4.8304e-05,0,-18.75,8,0
0.00015663,0.05014,5.3558e-05,0,-18.5,8,0
0.00015626,0.050151,5.9236e-05,0,-18.25,8,0
0.00015588,0.050163,6.5031e-05,0,-18,8,0
0.00015546,0.050176,7.1312e-05,0,-17.75,8,0
0.00015502,0.050189,7.7679e-05,0,-17.5,8,0
0.00015454,0.050203,8.4677e-05,0,-17.25,8,0
0.00015403,0.050218,9.2015e-05,0,-17,8,0
0.00015348,0.050233,0.00010007,0,-16.75,8,0
0.00015289,0.05025,0.00010848,0,-16.5,8,0
0.00015225,0.050267,0.00011751,0,-16.25,8,0
0.00015157,0.050286,0.00012716,0,-16,8,0
0.00015083,0.050305,0.00013774,0,-15.75,8,0
0.00015005,0.050326,0.00014914,0,-15.5,8,0
0.00014919,0.050348,0.00016143,0,-15.25,8,0
0.00014828,0.050372,0.00017463,0,-15,8,0
0.00014728,0.050396,0.0001889,0,-14.75,8,0
0.00014623,0.050423,0.00020441,0,-14.5,8,0
0.00014507,0.05045,0.00022103,0,-14.25,8,0
0.00014384,0.050481,0.00023917,0,-14,8,0
0.00014249,0.050512,0.00025854,0,-13.75,8,0
0.00014107,0.050547,0.00027989,0,-13.5,8,0
0.0001395,0.050583,0.00030262,0,-13.25,8,0
0.00013786,0.050622,0.00032759,0,-13,8,0
0.00013603,0.050663,0.00035398,0,-12.75,8,0
0.00013413,0.050708,0.00038312,0,-12.5,8,0
0.00013201,0.050755,0.00041378,0,-12.25,8,0
0.0001298,0.050806,0.00044775,0,-12,8,0
0.00012737,0.05086,0.00048302,0,-11.75,8,0
0.00012481,0.050918,0.00052234,0,-11.5,8,0
0.00012201,0.050979,0.00056239,0,-11.25,8,0
0.00011908,0.051045,0.00060745,0,-11,8,0
0.00011589,0.051115,0.00065162,0,-10.75,8,0
0.00011256,0.05119,0.00070293,0,-10.5,8,0
0.00010894,0.051268,0.00074819,0,-10.25,8,0
0.00010499,0.051358,0.00080066,0,-10,8,0
0.00016169,0.050001,-6.2758e-06,0,-24.75,8.6667,0
0.00016174,0.05,0,0,-25,8.6667,0
0.00016159,0.050003,-1.0029e-05,0,-24.5,8.6667,0
0.00016148,0.050005,-1.3024e-05,0,-24.25,8.6667,0
0.00016134,0.050008,-1.519e-05,0,-24,8.6667,0
0.00016119,0.050012,-1.6578e-05,0,-23.75,8.6667,0
0.00016102,0.050015,-1.7417e-05,0,-23.5,8.6667,0
0.00016085,0.050019,-1.7711e-05,0,-23.25,8.6667,0
0.00016068,0.050023,-1.767e-05,0,-23,8.6667,0
0.0001605,0.050028,-1.7197e-05,0,-22.75,8.6667,0
0.00016032,0.050032,-1.6513e-05,0,-22.5,8.6667,0
0.00016013,0.050037,-1.5469e-05,0,-22.25,8.6667,0
0.00015994,0.050042,-1.4246e-05,0,-22,8.6667,0
0.00015974,0.050048,-1.2736e-05,0,-21.75,8.6667,0
0.00015954,0.050053,-1.1055e-05,0,-21.5,8.6667,0
0.00015932,0.05006,-9.1249e-06,0,-21.25,8.6667,0
0.0001591,0.050066,-7.0802e-06,0,-21,8.6667,0
0.00015887,0.050073,-4.8001e-06,0,-20.75,8.6667,0
0.00015863,0.05008,-2.4208e-06,0,-20.5,8.6667,0
0.00015838,0.050088,1.4277e-07,0,-20.25,8.6667,0
0.00015811,0.050096,2.8252e-06,0,-20,8.6667,0
0.00015783,0.050105,5.711e-06,0,-19.75,8.6667,0
0.00015753,0.050115,8.7245e-06,0,-19.5,8.6667,0
0.00015722,0.050124,1.1912e-05,0,-19.25,8.6667,0
0.00015688,0.050135,1.5242e-05,0,-19,8.6667,0
0.00015653,0.050146,1.8798e-05,0,-18.75,8.6667,0
0.00015614,0.050158,2.243e-05,0,-18.5,8.6667,0
0.00015574,0.05017,2.6322e-05,0,-18.25,8.6667,0
0.0001553,0.050183,3.0295e-05,0,-18,8.6667,0
0.00015484,0.050197,3.4646e-05,0,-17.75,8.6667,0
0.00015434,0.050211,3.9063e-05,0,-17.5,8.6667,0
0.0001538,0.050226,4.395e-05,0,-17.25,8.6667,0
0.00015322,0.050243,4.9032e-05,0,-17,8.6667,0
0.00015261,0.05026,5.4542e-05,0,-16.75,8.6667,0
0.00015194,0.050278,6.0357e-05,0,-16.5,8.6667,0
0.00015123,0.050297,6.6717e-05,0,-16.25,8.6667,0
0.00015046,0.050317,7.3427e-05,0,-16,8.6667,0
0.00014964,0.050338,8.0702e-05,0,-15.75,8.6667,0
0.00014875,0.050361,8.8496e-05,0,-15.5,8.6667,0
0.00014779,0.050385,9.701e-05,0,-15.25,8.6667,0
0.00014677,0.050411,0.00010612,0,-15,8.6667,0
0.00014566,0.050438,0.00011603,0,-14.75,8.6667,0
0.00014447,0.050468,0.00012665,0,-14.5,8.6667,0
0.00014317,0.050498,0.00013833,0,-14.25,8.6667,0
0.00014179,0.050532,0.00015079,0,-14,8.6667,0
0.00014029,0.050567,0.00016448,0,-13.75,8.6667,0
0.0001387,0.050605,0.00017901,0,-13.5,8.6667,0
0.00013695,0.050645,0.00019515,0,-13.25,8.6667,0
0.0001351,0.050688,0.00021218,0,-13,8.6667,0
0.00013308,0.050734,0.00023121,0,-12.75,8.6667,0
0.00013095,0.050784,0.00025109,0,-12.5,8.6667,0
0.00012861,0.050835,0.00027358,0,-12.25,8.6667,0
0.00012618,0.050892,0.00029695,0,-12,8.6667,0
0.00012349,0.050951,0.00032349,0,-11.75,8.6667,0
0.00012074,0.051015,0.00035107,0,-11.5,8.6667,0
0.00011768,0.051081,0.00038219,0,-11.25,8.6667,0
0.00011466,0.051153,0.00041513,0,-11,8.6667,0
0.00011123,0.051225,0.00045038,0,-10.75,8.6667,0
0.00010814,0.051306,0.00049187,0,-10.5,8.6667,0
0.0001043,0.051381,0.00052763,0,-10.25,8.6667,0
0.00010074,0.051465,0.00057717,0,-10,8.6667,0
0.00016272,0.049998,-9.76e-06,0,-24.75,9.3333,0
0.00016307,0.05,0,0,-25,9.3333,0
0.00016227,0.049998,-1.5644e-05,0,-24.5,9.3333,0
0.00016202,0.049996,-1.9866e-05,0,-24.25,9.3333,0
0.00016173,0.049993,-2.3224e-05,0,-24,9.3333,0
0.00016147,0.04999,-2.5563e-05,0,-23.75,9.3333,0
0.00016123,0.049987,-2.7201e-05,0,-23.5,9.3333,0
0.00016099,0.049984,-2.8255e-05,0,-23.25,9.3333,0
0.00016077,0.04998,-2.889e-05,0,-23,9.3333,0
0.00016055,0.049977,-2.914e-05,0,-22.75,9.3333,0
0.00016033,0.049974,-2.9167e-05,0,-22.5,9.3333,0
0.00016012,0.049971,-2.8904e-05,0,-22.25,9.3333,0
0.0001599,0.049968,-2.8496e-05,0,-22,9.3333,0
0.00015969,0.049966,-2.7888e-05,0,-21.75,9.3333,0
0.00015946,0.049964,-2.7142e-05,0,-21.5,9.3333,0
0.00015923,0.049962,-2.6255e-05,0,-21.25,9.3333,0
0.00015899,0.04996,-2.5271e-05,0,-21,9.3333,0
0.00015875,0.049959,-2.4166e-05,0,-20.75,9.3333,0
0.00015849,0.049958,-2.2986e-05,0,-20.5,9.3333,0
0.00015822,0.049958,-2.172e-05,0,-20.25,9.3333,0
0.00015794,0.049958,-2.0345e-05,0,-20,9.3333,0
0.00015764,0.049959,-1.8911e-05,0,-19.75,9.3333,0
0.00015732,0.049961,-1.7367e-05,0,-19.5,9.3333,0
0.00015699,0.049962,-1.5734e-05,0,-19.25,9.3333,0
0.00015663,0.049965,-1.4043e-05,0,-19,9.3333,0
0.00015625,0.049968,-1.2231e-05,0,-18.75,9.3333,0
0.00015584,0.049972,-1.0369e-05,0,-18.5,9.3333,0
0.00015541,0.049977,-8.3617e-06,0,-18.25,9.3333,0
0.00015495,0.049982,-6.331e-06,0,-18,9.3333,0
0.00015446,0.049988,-4.1053e-06,0,-17.75,9.3333,0
0.00015393,0.049995,-1.8669e-06,0,-17.5,9.3333,0
0.00015334,0.050003,7.8475e-07,0,-17.25,9.3333,0
0.00015271,0.050011,3.4854e-06,0,-17,9.3333,0
0.00015206,0.050021,6.3895e-06,0,-16.75,9.3333,0
0.00015137,0.050032,9.3016e-06,0,-16.5,9.3333,0
0.0001506,0.050044,1.2591e-05,0,-16.25,9.3333,0
0.00014979,0.050057,1.6091e-05,0,-16,9.3333,0
0.00014891,0.050071,1.9924e-05,0,-15.75,9.3333,0
0.00014797,0.050087,2.3973e-05,0,-15.5,9.3333,0
0.00014695,0.050104,2.8433e-05,0,-15.25,9.3333,0
0.00014585,0.050124,3.3212e-05,0,-15,9.3333,0
0.00014467,0.050144,3.8482e-05,0,-14.75,9.3333,0
0.0001434,0.050167,4.4044e-05,0,-14.5,9.3333,0
0.00014203,0.050191,5.0201e-05,0,-14.25,9.3333,0
0.00014056,0.050219,5.6729e-05,0,-14,9.3333,0
0.00013896,0.050248,6.4126e-05,0,-13.75,9.3333,0
0.00013725,0.050281,7.1872e-05,0,-13.5,9.3333,0
0.0001354,0.050315,8.0822e-05,0,-13.25,9.3333,0
0.0001334,0.050354,8.9957e-05,0,-13,9.3333,0
0.00013125,0.050394,0.00010089,0,-12.75,9.3333,0
0.00012893,0.05044,0.00011177,0,-12.5,9.3333,0
0.00012644,0.050488,0.0001254,0,-12.25,9.3333,0
0.00012375,0.050543,0.00013871,0,-12,9.3333,0
0.00012083,0.0506,0.00015614,0,-11.75,9.3333,0
0.00011775,0.050664,0.000173,0,-11.5,9.3333,0
0.00011433,0.05073,0.0001957,0,-11.25,9.3333,0
0.00011095,0.050808,0.00021841,0,-11,9.3333,0
0.00010685,0.050883,0.00024795,0,-10.75,9.3333,0
0.00010364,0.050981,0.00028363,0,-10.5,9.3333,0
9.8076e-05,0.051062,0.0003316,0,-10.25,9.3333,0
9.1904e-05,0.051167,0.0003718,2.5212e-24,-10,9.3333,0
0.00016375,0,0,0,-24.75,10,0
0.00016435,0.023084,0,0,-25,10,0
0.00016298,0,0,0,-24.5,10,0
0.00016259,0,0,0,-24.25,10,0
0.00016217,0,0,0,-24,10,0
0.0001618,0,0,0,-23.75,10,0
0.00016148,0,0,0,-23.5,10,0
0.00016119,0,0,0,-23.25,10,0
0.00016092,0,0,0,-23,10,0
0.00016066,0,0,0,-22.75,10,0
0.00016042,0,0,0,-22.5,10,0
0.00016018,0,0,0,-22.25,10,0
0.00015995,0,0,0,-22,10,0
0.00015971,0,0,0,-21.75,10,0
0.00015947,0,0,0,-21.5,10,0
0.00015923,0,0,0,-21.25,10,0
0.00015898,0,0,0,-21,10,0
0.00015873,0,0,0,-20.75,10,0
0.00015846,0,0,0,-20.5,10,0
0.00015818,0,0,0,-20.25,10,0
0.00015789,0,0,0,-20,10,0
0.00015758,0,0,0,-19.75,10,0
0.00015726,0,0,0,-19.5,10,0
0.00015692,0,0,0,-19.25,10,0
0.00015655,0,0,0,-19,10,0
0.00015616,0,0,0,-18.75,10,0
0.00015575,0,0,0,-18.5,10,0
0.00015531,0,0,0,-18.25,10,0
0.00015484,0,0,0,-18,10,0
0.00015433,0,0,0,-17.75,10,0
0.0001538,0,0,0,-17.5,10,0
0.00015318,0,0,0,-17.25,10,0
0.00015252,0,0,0,-17,10,0
0.00015186,0,0,0,-16.75,10,0
0.00015115,0,0,0,-16.5,10,0
0.00015037,0,0,0,-16.25,10,0
0.00014954,0,0,0,-16,10,0
0.00014863,0,0,0,-15.75,10,0
0.00014767,0,0,0,-15.5,10,0
0.00014662,0,0,0,-15.25,10,0
0.0001455,0,0,0,-15,10,0
0.00014429,0,0,0,-14.75,10,0
0.00014298,0,0,0,-14.5,10,0
0.00014157,0,0,0,-14.25,10,0
0.00014004,0,0,0,-14,10,0
0.0001384,0,0,0,-13.75,10,0
0.00013662,0,0,0,-13.5,10,0
0.00013471,0,0,0,-13.25,10,0
0.00013262,0,0,0,-13,10,0
0.00013039,0,0,0,-12.75,10,0
0.00012793,0,0,0,-12.5,10,0
0.00012531,0,0,0,-12.25,10,0
0.00012241,0,0,0,-12,10,0
0.0001193,0,0,0,-11.75,10,0
0.00011589,0,0,0,-11.5,10,0
0.00011212,0,0,0,-11.25,10,0
0.00010823,0,0,0,-11,10,0
0.00010348,0,0,0,-10.75,10,0
9.9689e-05,0,0,0,-10.5,10,0
9.2476e-05,0,0,0,-10.25,10,0
9.7852e-05,0,0,0,-10,10,0
7.2855e-05,0.050896,-8.0067e-05,2.2607e-22,-9.078,-9.7286,0
7.9349e-05,0,0,0,-9.3333,-10,0
7.7776e-05,0.050754,-0.00016571,2.8337e-22,-9.7256,-9.7256,0
4.2873e-05,0.051208,-0.0001262,-3.1912e-22,-8.4302,-9.7314,0
5.1009e-05,0,0,0,-8.6667,-10,0
1.8391e-05,0.051522,-0.00013103,4.521e-24,-7.7823,-9.7341,0
2.6095e-05,0,0,0,-8,-10,0
-7.7188e-06,0.051874,-0.00014641,1.0157e-22,-7.1343,-9.7366,0
-5.765e-08,0,0,0,-7.3333,-10,0
-3.7312e-05,0.052281,-0.00016619,-2.3987e-22,-6.4861,-9.7388,0
-2.9458e-05,0,0,0,-6.6667,-10,0
-7.0572e-05,0.052755,-0.00018285,-4.5696e-22,-5.8378,-9.7409,0
-6.2505e-05,0,0,0,-6,-10,0
-0.00010801,0.053276,-0.00019348,2.11e-22,-5.1895,-9.7428,0
-9.9834e-05,0,0,0,-5.3333,-10,0
-0.00014947,0.053849,-0.00020338,3.9357e-22,-4.541,-9.7445,0
-0.00014155,0,0,0,-4.6667,-10,0
-0.0001939,0.054454,-0.00021179,1.7809e-23,-3.8924,-9.7459,0
-0.00018665,0,0,0,-4,-10,0
-0.00024002,0.055087,-0.00022212,3.936e-22,-3.2438,-9.7472,0
-0.00023371,0,0,0,-3.3333,-10,0
-0.00028567,0.055735,-0.00022093,4.4577e-24,-2.5951,-9.7482,0
-0.00028034,0,0,0,-2.6667,-10,0
-0.00032989,0.056354,-0.00020004,-1.7049e-22,-1.9464,-9.749,0
-0.00032559,0,0,0,-2,-10,0
-0.0003709,0.056919,-0.0001677,1.5664e-22,-1.2976,-9.7495,0
-0.00036773,0,0,0,-1.3333,-10,0
-0.00040705,0.057395,-0.0001239,5.1748e-21,-0.64881,-9.7499,0
-0.00040494,0,0,0,-0.66667,-10,0
-0.0004365,0.057764,-7.5856e-05,-4.4765e-22,0,-9.75,0
-0.00043515,0,0,0,0,-10,0
-0.0004588,0.058012,-1.4082e-05,-5.9213e-21,0.64881,-9.7499,0
-0.00045803,0,0,0,0.66667,-10,0
-0.00047427,0.058118,4.3005e-05,1.6975e-22,1.2976,-9.7495,0
-0.00047391,0,0,0,1.3333,-10,0
-0.00048219,0.05812,8.0621e-05,-4.4354e-22,1.9464,-9.749,0
-0.00048171,0,0,0,2,-10,0
-0.00048266,0.058023,0.00011313,8.1521e-23,2.5951,-9.7482,0
-0.00048181,0,0,0,2.6667,-10,0
-0.00047766,0.057841,0.00014139,7.588e-22,3.2438,-9.7472,0
-0.00047607,0,0,0,3.3333,-10,0
-0.00046719,0.057598,0.00016497,-3.9363e-23,3.8924,-9.7459,0
-0.0004647,0,0,0,4,-10,0
-0.00045298,0.057304,0.00018805,1.2562e-21,4.541,-9.7445,0
-0.00044979,0,0,0,4.6667,-10,0
-0.00043615,0.056956,0.00020515,1.1092e-21,5.1895,-9.7428,0
-0.00043218,0,0,0,5.3333,-10,0
-0.0004176,0.056573,0.00022493,-2.4706e-21,5.8378,-9.7409,0
-0.00041283,0,0,0,6,-10,0
-0.000397,0.056139,0.0002288,-1.3094e-21,6.4861,-9.7388,0
-0.00039135,0,0,0,6.6667,-10,0
-0.00037529,0.055699,0.00027314,1.3337e-21,7.1343,-9.7366,0
-0.00036994,0,0,0,7.3333,-10,0
-0.00035953,0.055081,0.00022723,7.815e-23,7.7823,-9.7341,0
-0.00035363,0,0,0,8,-10,0
-0.00032558,0.054702,0.00036396,2.0548e-21,8.4302,-9.7314,0
-0.00032374,0,0,0,8.6667,-10,0
-0.00033831,0.053631,-2.4956e-05,3.2275e-22,9.078,-9.7286,0
-0.00035391,0,0,0,9.3333,-10,0
-0.00034039,0.054335,-0.00049812,-1.4077e-21,9.7256,-9.7256,0
-0.00028346,0,0,0,10,-10,0
6.3246e-05,0.051368,-0.00017404,-1.8396e-23,-8.8226,-9.4572,0
7.0844e-05,0.0511,-0.00025595,3.6463e-22,-9.4512,-9.4512,0
3.2866e-05,0.051759,-0.00023535,-2.3e-22,-8.1938,-9.4629,0
9.6464e-06,0.052181,-0.00026186,2.0423e-22,-7.5646,-9.4682,0
-1.6283e-05,0.052647,-0.00029792,-3.6986e-24,-6.9352,-9.4731,0
-4.6028e-05,0.053179,-0.00034173,-2.666e-22,-6.3056,-9.4777,0
-7.9445e-05,0.053773,-0.00038118,-3.3475e-22,-5.6757,-9.4818,0
-0.00011682,0.054432,-0.00041443,3.0129e-22,-5.0456,-9.4856,0
-0.00015778,0.055148,-0.00044389,6.6893e-22,-4.4153,-9.4889,0
-0.00020134,0.055901,-0.00046578,4.1702e-22,-3.7848,-9.4918,0
-0.0002464,0.056671,-0.00047966,-2.8997e-22,-3.1542,-9.4943,0
-0.00029102,0.057426,-0.00047224,-4.6627e-22,-2.5235,-9.4964,0
-0.00033419,0.058151,-0.00043936,2.8883e-22,-1.8927,-9.4979,0
-0.0003741,0.058815,-0.00038631,1.3517e-22,-1.2619,-9.4991,0
-0.00040927,0.059402,-0.00031438,1.0388e-20,-0.63094,-9.4998,0
-0.00043809,0.059886,-0.00023188,-2.4382e-22,0,-9.5,0
-0.00046,0.060263,-0.0001345,-1.0948e-20,0.63094,-9.4998,0
-0.00047518,0.060539,-4.1019e-05,1.4302e-22,1.2619,-9.4991,0
-0.00048325,0.060711,3.7162e-05,3.1946e-22,1.8927,-9.4979,0
-0.00048414,0.06078,0.00011024,-7.4411e-22,2.5235,-9.4964,0
-0.00047987,0.060768,0.00017342,-4.7439e-22,3.1542,-9.4943,0
-0.00047046,0.06069,0.0002204,5.9443e-22,3.7848,-9.4918,0
-0.0004571,0.060573,0.00026817,1.6352e-21,4.4153,-9.4889,0
-0.00044111,0.060398,0.00030961,1.127e-21,5.0456,-9.4856,0
-0.00042328,0.060195,0.00035656,-1.2122e-21,5.6757,-9.4818,0
-0.00040409,0.059932,0.00038067,-1.2623e-21,6.3056,-9.4777,0
-0.00038253,0.059661,0.00045517,1.9535e-22,6.9352,-9.4731,0
-0.00036798,0.059252,0.00047014,-2.4095e-21,7.5646,-9.4682,0
-0.00033688,0.058909,0.00067209,1.5807e-21,8.1938,-9.4629,0
-0.00033495,0.058492,0.00035802,2.7571e-21,8.8226,-9.4572,0
-0.00029827,0.058058,-0.00012735,-1.6554e-21,9.4512,-9.4512,0
5.5718e-05,0.05158,-0.00035467,-8.3632e-23,-8.5673,-9.1858,0
6.5309e-05,0.051301,-0.00038878,1.8463e-22,-9.1768,-9.1768,0
2.5767e-05,0.051976,-0.00046206,-1.3555e-22,-7.9573,-9.1943,0
3.0097e-06,0.052389,-0.00052275,3.0933e-22,-7.3469,-9.2023,0
-2.335e-05,0.052865,-0.00058364,-7.9053e-24,-6.7362,-9.2097,0
-5.3444e-05,0.053406,-0.00065164,-2.747e-23,-6.125,-9.2165,0
-8.7097e-05,0.054003,-0.00071302,1.1439e-23,-5.5135,-9.2228,0
-0.00012451,0.054666,-0.00076633,4.3311e-23,-4.9017,-9.2284,0
-0.00016528,0.055376,-0.00080898,3.0385e-22,-4.2896,-9.2334,0
-0.00020845,0.056126,-0.00083361,7.032e-22,-3.6773,-9.2378,0
-0.00025297,0.056886,-0.00083715,-7.0062e-22,-3.0647,-9.2415,0
-0.00029701,0.057636,-0.00081129,-6.9427e-22,-2.452,-9.2445,0
-0.00033954,0.058352,-0.00075043,6.8108e-22,-1.8391,-9.2469,0
-0.00037875,0.059011,-0.00066315,1.5618e-22,-1.2261,-9.2486,0
-0.00041326,0.059589,-0.00054974,1.5786e-20,-0.61308,-9.2497,0
-0.00044158,0.060071,-0.00042311,-1.9656e-22,0,-9.25,0
-0.00046316,0.060447,-0.0002826,-1.6281e-20,0.61308,-9.2497,0
-0.00047797,0.060724,-0.00014685,1.6918e-22,1.2261,-9.2486,0
-0.00048593,0.0609,-2.8099e-05,9.8999e-22,1.8391,-9.2469,0
-0.00048698,0.060978,7.6756e-05,-1.3429e-21,2.452,-9.2445,0
-0.00048296,0.06099,0.0001686,-1.3488e-21,3.0647,-9.2415,0
-0.00047413,0.060927,0.00023654,1.322e-21,3.6773,-9.2378,0
-0.00046146,0.060826,0.00030161,6.9173e-22,4.2896,-9.2334,0
-0.00044616,0.060672,0.00035475,-1.4972e-22,4.9017,-9.2284,0
-0.00042875,0.060491,0.00041822,-1.4977e-22,5.5135,-9.2228,0
-0.00041073,0.06026,0.00045165,-1.4244e-22,6.125,-9.2165,0
-0.00038923,0.060005,0.00053719,-1.604e-21,6.7362,-9.2097,0
-0.00037388,0.059658,0.00055347,-4.3007e-21,7.3469,-9.2023,0
-0.00034761,0.059355,0.00072433,2.7627e-21,7.9573,-9.1943,0
-0.00034139,0.059089,0.00069131,3.7639e-21,8.5673,-9.1858,0
-0.00031464,0.058554,0.00051908,-1.965e-21,9.1768,-9.1768,0
4.7413e-05,0.051787,-0.00052513,-4.1483e-23,-8.3119,-8.9144,0
5.8937e-05,0.051489,-0.0005384,1.9518e-22,-8.9024,-8.9024,0
1.7782e-05,0.052188,-0.00064696,-1.4273e-22,-7.7209,-8.9257,0
-4.7639e-06,0.052597,-0.00071687,2.8046e-23,-7.1293,-8.9363,0
-3.148e-05,0.053078,-0.00079488,-1.7242e-23,-6.5371,-8.9462,0
-6.1735e-05,0.053622,-0.0008806,-4.3448e-24,-5.9444,-8.9553,0
-9.5567e-05,0.05422,-0.00095959,-1.1606e-23,-5.3513,-8.9637,0
-0.00013302,0.054882,-0.0010273,-2.3439e-23,-4.7578,-8.9712,0
-0.0001736,0.055589,-0.0010788,-1.0697e-22,-4.1639,-8.9779,0
-0.00021635,0.056329,-0.0011068,2.8477e-22,-3.5697,-8.9837,0
-0.0002603,0.05708,-0.0011062,-4.8861e-23,-2.9752,-8.9886,0
-0.00030375,0.057819,-0.0010689,-3.9304e-22,-2.3804,-8.9927,0
-0.00034562,0.058523,-0.00099112,2.7883e-22,-1.7855,-8.9959,0
-0.00038412,0.059172,-0.00088001,1.4321e-22,-1.1904,-8.9982,0
-0.00041795,0.05974,-0.00073726,2.1263e-20,-0.59522,-8.9995,0
-0.00044574,0.060214,-0.0005779,-2.0513e-22,0,-9,0
-0.00046692,0.060584,-0.00040389,-2.1744e-20,0.59522,-8.9995,0
-0.00048137,0.060856,-0.00023531,1.7434e-22,1.1904,-8.9982,0
-0.00048924,0.06103,-8.0833e-05,3.4122e-22,1.7855,-8.9959,0
-0.00049049,0.061112,5.4212e-05,-6.0342e-22,2.3804,-8.9927,0
-0.00048671,0.061126,0.00017558,9.2313e-24,2.9752,-8.9886,0
-0.00047841,0.061076,0.00026736,9.6637e-22,3.5697,-8.9837,0
-0.00046637,0.060983,0.00035269,2.3591e-22,4.1639,-8.9779,0
-0.00045189,0.060843,0.0004243,8.3235e-23,4.7578,-8.9712,0
-0.00043491,0.060674,0.00050545,5.6013e-23,5.3513,-8.9637,0
-0.00041812,0.060463,0.00055971,2.3083e-23,5.9444,-8.9553,0
-0.00039729,0.060221,0.00066301,-2.847e-21,6.5371,-8.9462,0
-0.0003809,0.05991,0.00071371,-1.9854e-22,7.1293,-8.9363,0
-0.00035742,0.059587,0.00084031,2.7868e-21,7.7209,-8.9257,0
-0.00034508,0.059286,0.00082792,4.3263e-22,8.3119,-8.9144,0
-0.00031973,0.058899,0.00077821,-2.6391e-21,8.9024,-8.9024,0
3.9699e-05,0.05195,-0.00073057,7.0477e-23,-8.0566,-8.643,0
5.3086e-05,0.051646,-0.00070927,1.6156e-22,-8.628,-8.628,0
1.1258e-05,0.052342,-0.00088008,-2.4226e-22,-7.4844,-8.6571,0
-1.1178e-05,0.052745,-0.00098093,-4.6683e-23,-6.9116,-8.6704,0
-3.8322e-05,0.053237,-0.0010906,2.3736e-22,-6.338,-8.6828,0
-6.8895e-05,0.053782,-0.0012022,9.6728e-23,-5.7639,-8.6942,0
-0.00010308,0.054389,-0.001302,-6.2698e-22,-5.1892,-8.7046,0
-0.00014073,0.055051,-0.0013861,4.2743e-22,-4.6139,-8.714,0
-0.00018136,0.055759,-0.0014462,5.0438e-22,-4.0382,-8.7223,0
-0.00022403,0.056495,-0.0014755,-5.6284e-22,-3.4621,-8.7296,0
-0.0002678,0.057245,-0.0014651,-3.9998e-24,-2.8856,-8.7358,0
-0.00031102,0.057979,-0.0014096,-5.5812e-23,-2.3089,-8.7409,0
-0.00035257,0.05868,-0.0013061,2.1176e-22,-1.7318,-8.7449,0
-0.00039067,0.059323,-0.0011623,1.5752e-22,-1.1547,-8.7477,0
-0.00042409,0.059886,-0.00098094,2.6759e-20,-0.57736,-8.7494,0
-0.00045151,0.060356,-0.00078051,-2.3549e-22,0,-8.75,0
-0.00047238,0.060722,-0.00056543,-2.7297e-20,0.57736,-8.7494,0
-0.00048652,0.06099,-0.0003565,1.7205e-22,1.1547,-8.7477,0
-0.00049418,0.061161,-0.00016312,4.2208e-22,1.7318,-8.7449,0
-0.00049543,0.061245,4.3443e-06,7.9984e-23,2.3089,-8.7409,0
-0.00049164,0.061258,0.00015341,6.3268e-24,2.8856,-8.7358,0
-0.00048356,0.061216,0.00026746,-1.385e-21,3.4621,-8.7296,0
-0.00047192,0.061127,0.00037172,1.5382e-21,4.0382,-8.7223,0
-0.00045808,0.060996,0.0004573,1.3661e-21,4.6139,-8.714,0
-0.00044133,0.060838,0.00055099,-2.485e-21,5.1892,-8.7046,0
-0.00042528,0.060642,0.00061837,9.3919e-24,5.7639,-8.6942,0
-0.00040544,0.060416,0.0007276,1.3392e-21,6.338,-8.6828,0
-0.00038857,0.060157,0.00080373,-1.0205e-21,6.9116,-8.6704,0
-0.00036786,0.059867,0.00093874,3.2246e-21,7.4844,-8.6571,0
-0.00035392,0.059554,0.0010044,-9.8692e-22,8.0566,-8.643,0
-0.00033017,0.059187,0.001049,-2.5386e-21,8.628,-8.628,0
3.2315e-05,0.05211,-0.00094203,-9.0068e-23,-7.8012,-8.3716,0
4.7304e-05,0.051779,-0.00089783,1.6436e-22,-8.3536,-8.3536,0
4.9827e-06,0.052506,-0.0011117,-1.0908e-23,-7.248,-8.3886,0
-1.7922e-05,0.052917,-0.0012322,8.1688e-23,-6.6939,-8.4045,0
-4.5747e-05,0.053418,-0.0013606,8.5245e-23,-6.139,-8.4193,0
-7.6735e-05,0.05397,-0.0014852,-1.2891e-22,-5.5833,-8.433,0
-0.00011134,0.054583,-0.0015973,-5.0184e-22,-5.027,-8.4455,0
-0.00014927,0.055249,-0.0016887,6.2247e-22,-4.47,-8.4568,0
-0.00019004,0.055959,-0.0017513,4.3507e-22,-3.9125,-8.4668,0
-0.00023273,0.056696,-0.0017765,-5.3847e-22,-3.3545,-8.4755,0
-0.00027638,0.057441,-0.0017554,-9.5923e-23,-2.7961,-8.483,0
-0.00031941,0.058174,-0.0016832,-9.396e-24,-2.2373,-8.4891,0
-0.00036066,0.05887,-0.0015578,2.8525e-22,-1.6782,-8.4938,0
-0.00039837,0.059508,-0.0013862,1.0857e-22,-1.1189,-8.4973,0
-0.00043135,0.060064,-0.0011734,3.2239e-20,-0.5595,-8.4993,0
-0.00045834,0.06053,-0.00093877,-2.1529e-22,0,-8.5,0
-0.00047883,0.06089,-0.00068866,-3.2749e-20,0.5595,-8.4993,0
-0.00049258,0.061154,-0.0004464,1.9846e-22,1.1189,-8.4973,0
-0.00049997,0.06132,-0.00021925,3.4141e-22,1.6782,-8.4938,0
-0.00050114,0.061405,-2.227e-05,1.1839e-23,2.2373,-8.4891,0
-0.00049731,0.061416,0.00015338,1.7317e-22,2.7961,-8.483,0
-0.00048933,0.06138,0.00028954,-1.2389e-21,3.3545,-8.4755,0
-0.00047797,0.061294,0.00041382,9.5524e-22,3.9125,-8.4668,0
-0.00046479,0.061172,0.00051525,1.6502e-21,4.47,-8.4568,0
-0.00044834,0.061024,0.00062118,-7.4501e-22,5.027,-8.4455,0
-0.0004328,0.060843,0.00070711,-8.8451e-23,5.5833,-8.433,0
-0.00041394,0.06064,0.00082027,1.2993e-21,6.139,-8.4193,0
-0.00039689,0.060405,0.0009132,-3.62e-21,6.6939,-8.4045,0
-0.00037718,0.060145,0.0010427,-8.8087e-22,7.248,-8.3886,0
-0.00036127,0.059837,0.0011313,5.8482e-21,7.8012,-8.3716,0
-0.00033964,0.059504,0.0012057,-3.989e-22,8.3536,-8.3536,0
2.5826e-05,0.052238,-0.0011926,2.1013e-23,-7.5459,-8.1002,0
4.2037e-05,0.051899,-0.0011062,-3.9883e-23,-8.0791,-8.0791,0
-7.1158e-07,0.052653,-0.0013836,6.5101e-23,-7.0115,-8.12,0
-2.4156e-05,0.053069,-0.0015297,6.3159e-24,-6.4762,-8.1386,0
-5.2586e-05,0.053581,-0.0016849,-1.6887e-22,-5.9399,-8.1559,0
-8.3999e-05,0.054136,-0.0018311,-1.7162e-23,-5.4028,-8.1718,0
-0.00011912,0.054759,-0.0019613,1.9588e-22,-4.8648,-8.1864,0
-0.00015746,0.055428,-0.0020646,0,-4.3262,-8.1996,0
-0.00019858,0.056144,-0.0021323,0,-3.7868,-8.2113,0
-0.00024153,0.056884,-0.0021545,-4.0273e-22,-3.2469,-8.2214,0
-0.00028537,0.057632,-0.0021222,4.2499e-22,-2.7065,-8.2301,0
-0.00032852,0.058367,-0.0020312,3.1743e-22,-2.1657,-8.2373,0
-0.00036977,0.059061,-0.001879,-3.6463e-22,-1.6246,-8.2428,0
-0.00040737,0.059698,-0.0016753,2.6272e-22,-1.0832,-8.2468,0
-0.00044015,0.060251,-0.0014254,3.8392e-20,-0.54164,-8.2492,0
-0.00046687,0.060712,-0.001151,9.9728e-23,0,-8.25,0
-0.00048706,0.061066,-0.00086074,-3.8292e-20,0.54164,-8.2492,0
-0.00050047,0.061325,-0.00057971,3.5642e-22,1.0832,-8.2468,0
-0.00050752,0.061484,-0.00031507,-9.033e-22,1.6246,-8.2428,0
-0.00050848,0.061565,-8.5325e-05,2.2371e-22,2.1657,-8.2373,0
-0.00050444,0.061572,0.00011801,6.2458e-22,2.7065,-8.2301,0
-0.00049633,0.061535,0.0002768,-6.4815e-22,3.2469,-8.2214,0
-0.00048496,0.061448,0.00041997,0,3.7868,-8.2113,0
-0.00047214,0.061332,0.00053671,0,4.3262,-8.1996,0
-0.00045595,0.061191,0.00065162,1.2955e-21,4.8648,-8.1864,0
-0.00044057,0.061024,0.00074931,4.8518e-22,5.4028,-8.1718,0
-0.00042261,0.060842,0.00086617,-9.1282e-23,5.9399,-8.1559,0
-0.0004059,0.060633,0.00097375,-1.8176e-21,6.4762,-8.1386,0
-0.00038735,0.060404,0.0011154,-3.1215e-21,7.0115,-8.12,0
-0.00037098,0.06013,0.001242,2.0027e-21,7.5459,-8.1002,0
-0.00035103,0.059812,0.0013801,3.2779e-21,8.0791,-8.0791,0
2.0114e-05,0.052351,-0.0014643,-1.3634e-23,-7.2905,-7.8288,0
3.7026e-05,0.051994,-0.0013533,1.3446e-23,-7.8047,-7.8047,0
-6.1815e-06,0.05278,-0.00167,-1.7845e-22,-6.7751,-7.8514,0
-3.0346e-05,0.05321,-0.0018335,-1.4746e-22,-6.2585,-7.8727,0
-5.9563e-05,0.053733,-0.0020067,1.2862e-22,-5.7409,-7.8924,0
-9.1625e-05,0.054299,-0.0021639,2.7416e-22,-5.2222,-7.9107,0
-0.00012747,0.054931,-0.0023031,-3.916e-22,-4.7027,-7.9273,0
-0.00016641,0.05561,-0.0024089,-6.2677e-22,-4.1823,-7.9424,0
-0.00020808,0.056332,-0.0024748,3.6339e-22,-3.6611,-7.9557,0
-0.00025148,0.057078,-0.0024869,6.0175e-22,-3.1393,-7.9674,0
-0.00029566,0.057831,-0.0024396,6.7949e-22,-2.617,-7.9773,0
-0.00033902,0.058569,-0.0023262,-2.6305e-22,-2.0942,-7.9854,0
-0.00038033,0.059263,-0.0021466,-5.1455e-22,-1.571,-7.9918,0
-0.00041784,0.059899,-0.0019113,2.5773e-22,-1.0475,-7.9963,0
-0.0004504,0.060447,-0.0016261,4.4478e-20,-0.52378,-7.9991,0
-0.00047681,0.060902,-0.0013149,1.0221e-22,0,-8,0
-0.00049662,0.061249,-0.00098772,-4.4388e-20,0.52378,-7.9991,0
-0.0005096,0.0615,-0.00067167,3.4728e-22,1.0475,-7.9963,0
-0.00051621,0.061651,-0.00037317,-5.7686e-22,1.571,-7.9918,0
-0.00051684,0.061725,-0.00011383,-5.306e-22,2.0942,-7.9854,0
-0.00051249,0.061725,0.00011537,5.5574e-22,2.617,-7.9773,0
-0.00050414,0.061684,0.00029535,1.3365e-21,3.1393,-7.9674,0
-0.00049263,0.061594,0.00045639,1.3955e-21,3.6611,-7.9557,0
-0.00047992,0.061481,0.00058734,-1.3651e-21,4.1823,-7.9424,0
-0.00046407,0.061347,0.00070928,-1.4787e-21,4.7027,-7.9273,0
-0.00044883,0.061194,0.00081747,8.8197e-22,5.2222,-7.9107,0
-0.00043142,0.061029,0.00093625,1.9987e-21,5.7409,-7.8924,0
-0.00041497,0.060838,0.0010506,1.1909e-21,6.2585,-7.8727,0
-0.00039703,0.060634,0.0011895,-2.5973e-21,6.7751,-7.8514,0
-0.00038046,0.060386,0.0013325,-1.7725e-21,7.2905,-7.8288,0
-0.00036191,0.060104,0.0014852,3.0686e-22,7.8047,-7.8047,0
1.4493e-05,0.052431,-0.0017702,-6.6741e-23,-7.0352,-7.5574,0
3.2494e-05,0.052079,-0.0016201,3.5048e-23,-7.5303,-7.5303,0
-1.1724e-05,0.052873,-0.0019945,6.633e-23,-6.5387,-7.5829,0
-3.6601e-05,0.053315,-0.0021795,-2.9639e-22,-6.0408,-7.6068,0
-6.6602e-05,0.053852,-0.002374,4.1193e-24,-5.5418,-7.629,0
-9.9348e-05,0.054428,-0.002548,6.9081e-22,-5.0417,-7.6495,0
-0.00013597,0.055073,-0.0027,-4.4831e-22,-4.5405,-7.6683,0
-0.00017563,0.055762,-0.0028129,-8.8533e-22,-4.0384,-7.6852,0
-0.000218,0.056496,-0.0028792,5.8152e-22,-3.5354,-7.7002,0
-0.00026204,0.057251,-0.0028844,9.9648e-22,-3.0318,-7.7133,0
-0.00030677,0.058014,-0.0028226,-1.2966e-22,-2.5274,-7.7244,0
-0.00035058,0.058759,-0.0026871,-1.9711e-22,-2.0226,-7.7336,0
-0.00039219,0.05946,-0.0024792,-1.2278e-22,-1.5173,-7.7408,0
-0.00042983,0.060098,-0.0022099,-3.0726e-22,-1.0117,-7.7459,0
-0.00046235,0.060645,-0.0018863,5.0838e-20,-0.50592,-7.749,0
-0.00048858,0.061098,-0.0015351,1.0117e-22,0,-7.75,0
-0.00050809,0.061439,-0.0011673,-5.0743e-20,0.50592,-7.749,0
-0.00052067,0.061683,-0.00081204,-3.2031e-22,1.0117,-7.7459,0
-0.00052682,0.061823,-0.00047667,1.9063e-22,1.5173,-7.7408,0
-0.00052702,0.06189,-0.00018436,-2.314e-22,2.0226,-7.7336,0
-0.00052223,0.061881,7.3163e-05,1.3302e-22,2.5274,-7.7244,0
-0.00051348,0.061834,0.00027593,1.9671e-21,3.0318,-7.7133,0
-0.00050157,0.06174,0.00045443,1.2045e-21,3.5354,-7.7002,0
-0.00048858,0.06163,0.00059982,-2.8756e-21,4.0384,-7.6852,0
-0.0004729,0.061501,0.00072841,-1.1558e-21,4.5405,-7.6683,0
-0.0004577,0.061359,0.00084495,3.7309e-21,5.0417,-7.6495,0
-0.00044066,0.061209,0.00096628,-3.9474e-22,5.5418,-7.629,0
-0.00042454,0.061039,0.0010882,-2.4218e-22,6.0408,-7.6068,0
-0.00040738,0.060862,0.0012304,-1.5258e-21,6.5387,-7.5829,0
-0.00039123,0.060641,0.0013888,-1.7855e-21,7.0352,-7.5574,0
-0.0003733,0.060392,0.0015777,2.2086e-21,7.5303,-7.5303,0
9.5234e-06,0.052513,-0.0020945,-1.1497e-22,-6.7798,-7.286,0
2.8357e-05,0.052142,-0.0019217,6.5228e-23,-7.2559,-7.2559,0
-1.6801e-05,0.052963,-0.0023356,2.4403e-22,-6.3022,-7.3143,0
-4.2552e-05,0.053421,-0.0025376,-3.4416e-22,-5.8232,-7.3408,0
-7.3506e-05,0.053974,-0.0027482,-1.6956e-22,-5.3428,-7.3656,0
-0.0001072,0.054566,-0.0029312,8.4853e-22,-4.8611,-7.3884,0
-0.00014489,0.055228,-0.00309,-5.2342e-22,-4.3783,-7.4092,0
-0.00018556,0.055934,-0.003202,-4.5065e-22,-3.8945,-7.428,0
-0.00022892,0.056685,-0.0032627,6.4398e-22,-3.4098,-7.4447,0
-0.00027386,0.057455,-0.0032543,6.5842e-23,-2.9242,-7.4592,0
-0.00031937,0.058232,-0.0031727,5.6394e-24,-2.4379,-7.4716,0
-0.0003638,0.058986,-0.0030098,7.8701e-24,-1.951,-7.4818,0
-0.00040581,0.059695,-0.0027699,-2.4831e-22,-1.4637,-7.4897,0
-0.00044364,0.060335,-0.0024631,7.7314e-23,-0.976,-7.4954,0
-0.00047613,0.060882,-0.0020996,5.7808e-20,-0.48806,-7.4989,0
-0.00050213,0.06133,-0.0017076,8.8967e-23,0,-7.5,0
-0.00052126,0.061663,-0.0012991,-5.7055e-20,0.48806,-7.4989,0
-0.00053335,0.061898,-0.00090553,-8.4557e-23,0.976,-7.4954,0
-0.00053891,0.062027,-0.00053481,-4.6412e-22,1.4637,-7.4897,0
-0.00053856,0.062084,-0.0002116,1.3567e-23,1.951,-7.4818,0
-0.00053319,0.062063,7.2479e-05,-1.2023e-23,2.4379,-7.4716,0
-0.00052396,0.062007,0.00029555,-1.323e-22,2.9242,-7.4592,0
-0.00051151,0.061904,0.00048853,1.2366e-21,3.4098,-7.4447,0
-0.00049795,0.061793,0.00064508,-1.2236e-21,3.8945,-7.428,0
-0.00048231,0.061667,0.00077879,-1.4483e-21,4.3783,-7.4092,0
-0.00046704,0.061533,0.00090095,3.6516e-21,4.8611,-7.3884,0
-0.00045016,0.061395,0.0010208,-5.8784e-22,5.3428,-7.3656,0
-0.00043414,0.061244,0.0011437,-1.8889e-22,5.8232,-7.3408,0
-0.00041736,0.06109,0.0012808,-3.029e-21,6.3022,-7.3143,0
-0.00040175,0.060895,0.0014402,-2.0178e-21,6.7798,-7.286,0
-0.00038461,0.060686,0.0016306,4.6457e-21,7.2559,-7.2559,0
4.4166e-06,0.052578,-0.0024628,5.1666e-23,-6.5245,-7.0145,0
2.4422e-05,0.05221,-0.002252,1.3855e-22,-6.9815,-6.9815,0
-2.2253e-05,0.053043,-0.0027237,1.0606e-22,-6.0658,-7.0457,0
-4.9035e-05,0.053514,-0.0029476,-2.8509e-22,-5.6055,-7.0749,0
-8.1079e-05,0.054085,-0.0031766,4.9994e-23,-5.1437,-7.1021,0
-0.00011586,0.054694,-0.0033731,2.0419e-22,-4.6806,-7.1272,0
-0.00015473,0.055375,-0.0035402,-8.2881e-22,-4.2162,-7.1501,0
-0.00019653,0.056099,-0.0036539,-1.0129e-21,-3.7506,-7.1708,0
-0.00024104,0.056867,-0.0037091,-2.0714e-22,-3.2841,-7.1891,0
-0.00028705,0.057655,-0.0036882,5.8972e-22,-2.8166,-7.2051,0
-0.0003335,0.058448,-0.0035862,9.0597e-22,-2.3484,-7.2188,0
-0.00037872,0.059215,-0.0033958,-1.0751e-22,-1.8795,-7.23,0
-0.00042131,0.059934,-0.0031226,-8.8458e-22,-1.4101,-7.2387,0
-0.00045949,0.060579,-0.0027771,1.7654e-23,-0.94026,-7.245,0
-0.00049208,0.06113,-0.0023722,6.5083e-20,-0.4702,-7.2487,0
-0.00051796,0.061575,-0.0019368,1.0734e-22,0,-7.25,0
-0.00053675,0.061902,-0.0014856,-6.4318e-20,0.4702,-7.2487,0
-0.00054835,0.062129,-0.001051,-5.4109e-23,0.94026,-7.245,0
-0.00055328,0.062249,-0.00064229,-1.1763e-21,1.4101,-7.2387,0
-0.00055227,0.062295,-0.00028487,2.207e-23,1.8795,-7.23,0
-0.0005462,0.062265,2.9279e-05,1.4488e-21,2.3484,-7.2188,0
-0.00053633,0.062198,0.00027729,1.5175e-21,2.8166,-7.2051,0
-0.0005232,0.062086,0.00048581,1.039e-21,3.2841,-7.1891,0
-0.00050874,0.061972,0.00065394,-1.5738e-22,3.7506,-7.1708,0
-0.00049279,0.061847,0.00079254,-6.9371e-22,4.2162,-7.1501,0
-0.00047723,0.061724,0.00092002,1.0563e-21,4.6806,-7.1272,0
-0.00046034,0.061602,0.0010394,1.3486e-22,5.1437,-7.1021,0
-0.00044433,0.061473,0.0011642,-1.3729e-21,5.6055,-7.0749,0
-0.00042773,0.061345,0.0013005,-3.375e-21,6.0658,-7.0457,0
-0.00041254,0.061179,0.0014583,-1.0068e-22,6.5245,-7.0145,0
-0.00039554,0.061006,0.0016624,5.7059e-21,6.9815,-6.9815,0
1.2752e-07,0.052642,-0.0028506,1.3734e-22,-6.2691,-6.7431,0
2.1057e-05,0.052256,-0.0026204,-5.9541e-24,-6.7071,-6.7071,0
-2.7074e-05,0.053121,-0.0031296,-5.3262e-24,-5.8293,-6.7771,0
-5.5025e-05,0.053613,-0.0033684,-6.8262e-23,-5.3878,-6.809,0
-8.8363e-05,0.054202,-0.0036113,3.7553e-23,-4.9446,-6.8387,0
-0.00012451,0.054834,-0.0038138,-1.2383e-23,-4.5,-6.866,0
-0.00016488,0.055539,-0.003985,-5.4074e-24,-4.054,-6.891,0
-0.00020817,0.056288,-0.0040942,-7.2506e-22,-3.6067,-6.9135,0
-0.00025416,0.057082,-0.0041402,-7.5555e-22,-3.1584,-6.9336,0
-0.00030156,0.057895,-0.0041013,6.3764e-22,-2.709,-6.9511,0
-0.00034926,0.058709,-0.0039741,1.347e-21,-2.2588,-6.9659,0
-0.00039551,0.059495,-0.0037513,-1.6079e-22,-1.8079,-6.9781,0
-0.00043885,0.060229,-0.0034398,-6.7193e-22,-1.3564,-6.9877,0
-0.00047747,0.060882,-0.0030509,-7.0709e-23,-0.90453,-6.9945,0
-0.0005102,0.061437,-0.0026006,7.1927e-20,-0.45234,-6.9986,0
-0.00053591,0.06188,-0.0021177,1.2371e-22,0,-7,0
-0.00055427,0.062201,-0.0016223,-7.1793e-20,0.45234,-6.9986,0
-0.00056527,0.062417,-0.0011459,1.0728e-22,0.90453,-6.9945,0
-0.00056944,0.062522,-0.00069859,-5.5068e-22,1.3564,-6.9877,0
-0.00056763,0.062552,-0.00030853,1.5657e-22,1.8079,-6.9781,0
-0.0005607,0.062504,3.3972e-05,2.1499e-21,2.2588,-6.9659,0
-0.00054999,0.062422,0.00030601,1.3276e-21,2.709,-6.9511,0
-0.00053605,0.062293,0.00052836,-1.3229e-21,3.1584,-6.9336,0
-0.00052058,0.062169,0.00070219,-1.4141e-21,3.6067,-6.9135,0
-0.00050391,0.062037,0.00084141,-6.1296e-24,4.054,-6.891,0
-0.00048779,0.061916,0.0009673,2.6454e-23,4.5,-6.866,0
-0.00047087,0.061804,0.0010793,-2.0875e-22,4.9446,-6.8387,0
-0.00045483,0.061694,0.0011996,-2.2924e-21,5.3878,-6.809,0
-0.00043813,0.061586,0.0013291,-2.2016e-22,5.8293,-6.7771,0
-0.00042314,0.061451,0.001479,1.4119e-21,6.2691,-6.7431,0
-0.00040691,0.061327,0.0016579,3.2697e-22,6.7071,-6.7071,0
-4.6865e-06,0.052704,-0.0032976,-1.8997e-22,-6.0138,-6.4717,0
1.7751e-05,0.052317,-0.0030282,-7.8173e-24,-6.4327,-6.4327,0
-3.281e-05,0.053201,-0.0036012,-7.0246e-23,-5.5929,-6.5086,0
-6.2212e-05,0.053717,-0.0038613,-1.126e-22,-5.1701,-6.5431,0
-9.7106e-05,0.054327,-0.0041209,-8.4279e-23,-4.7456,-6.5752,0
-0.00013487,0.054986,-0.0043355,3.0452e-22,-4.3194,-6.6049,0
-0.00017694,0.055715,-0.0045107,2.4597e-22,-3.8918,-6.6319,0
-0.00022193,0.056492,-0.0046172,-2.9541e-22,-3.4629,-6.6563,0
-0.00026962,0.057311,-0.0046522,-1.3641e-22,-3.0327,-6.678,0
-0.00031861,0.05815,-0.0045935,1.6285e-21,-2.6014,-6.697,0
-0.00036774,0.058985,-0.0044381,1.0836e-21,-2.1693,-6.7131,0
-0.00041519,0.05979,-0.0041807,-9.587e-22,-1.7363,-6.7263,0
-0.00045943,0.060538,-0.0038275,-7.727e-22,-1.3028,-6.7367,0
-0.00049864,0.061199,-0.003393,5.9268e-22,-0.86879,-6.7441,0
-0.00053159,0.061757,-0.0028947,8.0906e-20,-0.43448,-6.7485,0
-0.00055717,0.062198,-0.0023629,1.8172e-22,0,-6.75,0
-0.0005751,0.062517,-0.0018197,-7.9992e-20,0.43448,-6.7485,0
-0.00058546,0.06272,-0.0012969,7.5677e-22,0.86879,-6.7441,0
-0.00058883,0.062812,-0.00080764,-1.1774e-21,1.3028,-6.7367,0
-0.00058612,0.062825,-0.00038002,-1.5025e-21,1.7363,-6.7263,0
-0.00057822,0.062759,-6.5575e-06,1.1105e-21,2.1693,-6.7131,0
-0.00056652,0.062659,0.00029344,1.5139e-21,2.6014,-6.697,0
-0.00055161,0.062514,0.00053436,-1.4984e-21,3.0327,-6.678,0
-0.00053504,0.062372,0.00071823,-2.353e-21,3.4629,-6.6563,0
-0.00051719,0.062225,0.00085809,-6.1485e-22,3.8918,-6.6319,0
-0.00049973,0.062096,0.00098242,9.8028e-22,4.3194,-6.6049,0
-0.00048257,0.061987,0.0010856,-1.021e-22,4.7456,-6.5752,0
-0.0004666,0.061891,0.0012006,1.6264e-21,5.1701,-6.5431,0
-0.00044945,0.061805,0.0013248,-1.6333e-22,5.5929,-6.5086,0
-0.00043401,0.061708,0.0014625,-8.3124e-22,6.0138,-6.4717,0
-0.00041712,0.06164,0.0016192,4.4725e-23,6.4327,-6.4327,0
-8.3873e-06,0.052772,-0.0037682,-8.3155e-23,-5.7584,-6.2003,0
1.5177e-05,0.052355,-0.0034841,1.4655e-22,-6.1583,-6.1583,0
-3.7657e-05,0.053287,-0.0040929,-2.6376e-22,-5.3564,-6.24,0
-6.8687e-05,0.053829,-0.0043622,-3.9073e-22,-4.9524,-6.2772,0
-0.00010538,0.054467,-0.0046319,2.4021e-22,-4.5465,-6.3118,0
-0.00014507,0.055157,-0.0048485,3.8013e-22,-4.1389,-6.3437,0
-0.0001892,0.055919,-0.0050223,-4.631e-22,-3.7297,-6.3728,0
-0.00023627,0.056729,-0.0051199,-8.659e-22,-3.319,-6.3991,0
-0.00028602,0.057582,-0.0051397,7.3387e-22,-2.907,-6.4225,0
-0.00033694,0.058453,-0.005056,7.5397e-22,-2.4939,-6.4429,0
-0.00038778,0.059317,-0.0048684,5.2859e-22,-2.0797,-6.4602,0
-0.00043666,0.060148,-0.0045711,-1.711e-22,-1.6648,-6.4745,0
-0.00048195,0.060915,-0.0041707,-7.4726e-22,-1.2492,-6.4856,0
-0.0005218,0.06159,-0.0036855,3.5614e-22,-0.83306,-6.4936,0
-0.00055497,0.062152,-0.0031344,8.977e-20,-0.41661,-6.4984,0
-0.0005804,0.062589,-0.0025496,1.8405e-22,0,-6.5,0
-0.0005978,0.062897,-0.001955,-8.8871e-20,0.41661,-6.4984,0
-0.00060735,0.063081,-0.0013831,2.4358e-22,0.83306,-6.4936,0
-0.0006097,0.063153,-0.00085092,-1.4248e-21,1.2492,-6.4856,0
-0.00060588,0.06314,-0.00038416,-5.8295e-22,1.6648,-6.4745,0
-0.00059685,0.063048,2.0075e-05,7.1573e-22,2.0797,-6.4602,0
-0.00058399,0.062924,0.00034548,1.4132e-21,2.4939,-6.4429,0
-0.00056796,0.062758,0.00060448,1.5184e-21,2.907,-6.4225,0
-0.00055018,0.062597,0.00079894,-1.5312e-21,3.319,-6.3991,0
-0.00053115,0.062428,0.00093676,-1.6862e-21,3.7297,-6.3728,0
-0.00051195,0.06229,0.0010483,9.5502e-22,4.1389,-6.3437,0
-0.00049367,0.062175,0.001134,1.5624e-21,4.5465,-6.3118,0
-0.00047772,0.06208,0.0012304,-2.5873e-21,4.9524,-6.2772,0
-0.000461,0.062012,0.0013304,-2.7229e-21,5.3564,-6.24,0
-0.00044504,0.061956,0.0014545,-4.3502e-22,5.7584,-6.2003,0
-0.00042789,0.061941,0.0015487,2.9611e-21,6.1583,-6.1583,0
-1.3451e-05,0.05283,-0.0043239,-8.5442e-23,-5.5031,-5.9289,0
1.217e-05,0.052392,-0.0039954,1.6849e-22,-5.8839,-5.8839,0
-4.4332e-05,0.053367,-0.0046717,-3.7819e-22,-5.12,-5.9714,0
-7.7508e-05,0.053943,-0.0049624,-1.6216e-22,-4.7347,-6.0113,0
-0.00011636,0.054612,-0.00525,5.8996e-22,-4.3475,-6.0483,0
-0.00015837,0.055336,-0.0054773,9.8299e-22,-3.9583,-6.0825,0
-0.00020493,0.056133,-0.005652,-5.973e-22,-3.5675,-6.1138,0
-0.00025444,0.05698,-0.0057427,-1.4733e-21,-3.1751,-6.1419,0
-0.00030658,0.05787,-0.005744,-4.0714e-22,-2.7813,-6.167,0
-0.00035975,0.058772,-0.0056319,3.4855e-23,-2.3863,-6.1888,0
-0.0004126,0.059668,-0.0054078,5.0005e-22,-1.9902,-6.2074,0
-0.00046316,0.060526,-0.0050656,1.828e-22,-1.5932,-6.2227,0
-0.00050968,0.061312,-0.0046137,-1.014e-21,-1.1955,-6.2346,0
-0.00055029,0.062005,-0.0040731,4.332e-22,-0.79733,-6.2432,0
-0.00058375,0.062574,-0.0034628,1.0016e-19,-0.39875,-6.2483,0
-0.00060903,0.063013,-0.0028189,2.4387e-22,0,-6.25,0
-0.00062588,0.06331,-0.0021665,-9.9135e-20,0.39875,-6.2483,0
-0.00063453,0.063479,-0.001541,3.1221e-22,0.79733,-6.2432,0
-0.00063576,0.063529,-0.00096178,-1.2631e-21,1.1955,-6.2346,0
-0.0006307,0.06349,-0.00045208,3.6726e-22,1.5932,-6.2227,0
-0.00062035,0.063373,-1.4336e-05,1.0262e-21,1.9902,-6.2074,0
-0.00060611,0.063221,0.00034005,1.3034e-21,2.3863,-6.1888,0
-0.00058875,0.063029,0.00062027,1.1875e-22,2.7813,-6.167,0
-0.0005695,0.062844,0.00083216,-1.9451e-21,3.1751,-6.1419,0
-0.000549,0.062653,0.00097698,-5.4992e-22,3.5675,-6.1138,0
-0.00052812,0.062494,0.0010818,2.8986e-21,3.9583,-6.0825,0
-0.00050764,0.062362,0.0011522,2.8832e-21,4.3475,-6.0483,0
-0.00048945,0.062254,0.0012352,-6.8439e-22,4.7347,-6.0113,0
-0.00047308,0.062193,0.0013071,-4.1203e-21,5.12,-5.9714,0
-0.00045717,0.062167,0.0014076,2.0035e-23,5.5031,-5.9289,0
-0.00043993,0.062197,0.0014772,1.5187e-21,5.8839,-5.8839,0
-1.6764e-05,0.052867,-0.004906,-2.6244e-22,-5.2477,-5.6575,0
1.0228e-05,0.052386,-0.004567,1.8276e-22,-5.6095,-5.6095,0
-4.9574e-05,0.05344,-0.005269,-7.3004e-24,-4.8835,-5.7029,0
-8.5074e-05,0.054059,-0.0055672,-4.4678e-22,-4.517,-5.7454,0
-0.00012642,0.054772,-0.0058598,4.8469e-22,-4.1484,-5.7849,0
-0.00017115,0.055541,-0.0060825,1.6972e-21,-3.7778,-5.8214,0
-0.00022052,0.056387,-0.0062487,2.1772e-22,-3.4053,-5.8547,0
-0.00027285,0.057278,-0.0063223,-2.1122e-21,-3.0312,-5.8847,0
-0.00032775,0.058215,-0.006298,-3.9405e-22,-2.6556,-5.9114,0
-0.00038346,0.059159,-0.0061515,5.972e-22,-2.2787,-5.9347,0
-0.00043854,0.060096,-0.0058866,2.9712e-22,-1.9006,-5.9546,0
-0.0004909,0.060983,-0.005493,2.9058e-22,-1.5217,-5.9709,0
-0.00053876,0.061792,-0.0049852,-7.9843e-22,-1.1419,-5.9836,0
-0.00058017,0.062497,-0.0043827,1.7605e-24,-0.76159,-5.9927,0
-0.00061387,0.063065,-0.0037071,1.1126e-19,-0.38089,-5.9982,0
-0.00063886,0.063496,-0.0029984,-1.1078e-23,0,-6,0
-0.000655,0.063775,-0.0022823,-1.1061e-19,0.38089,-5.9982,0
-0.00066261,0.063922,-0.0015989,-1.924e-23,0.76159,-5.9927,0
-0.00066256,0.063945,-0.00096827,-1.3244e-21,1.1419,-5.9836,0
-0.00065606,0.063876,-0.00041339,-4.7839e-22,1.5217,-5.9709,0
-0.00064426,0.063729,5.8621e-05,-1.7947e-22,1.9006,-5.9546,0
-0.00062852,0.063547,0.00044199,1.8952e-21,2.2787,-5.9347,0
-0.00060974,0.063323,0.00074029,-1.2043e-22,2.6556,-5.9114,0
-0.00058899,0.063109,0.00096405,-4.4167e-21,3.0312,-5.8847,0
-0.00056703,0.06289,0.0011119,5.0963e-22,3.4053,-5.8547,0
-0.00054458,0.062706,0.0012093,5.3488e-21,3.7778,-5.8214,0
-0.00052249,0.062548,0.0012546,1.2893e-21,4.1484,-5.7849,0
-0.00050175,0.062445,0.0012994,6.9369e-22,4.517,-5.7454,0
-0.00048335,0.062374,0.0013346,-7.6568e-22,4.8835,-5.7029,0
-0.00046627,0.062324,0.0013972,-2.8701e-21,5.2477,-5.6575,0
-0.00044909,0.06239,0.0014054,3.1963e-21,5.6095,-5.6095,0
-2.3111e-05,0.052886,-0.0056123,-2.1607e-22,-4.9924,-5.3861,0
6.8549e-06,0.052373,-0.0052221,2.2284e-22,-5.3351,-5.3351,0
-5.8487e-05,0.053499,-0.0059995,-3.955e-23,-4.6471,-5.4343,0
-9.7048e-05,0.05417,-0.0063236,8.8572e-23,-4.2994,-5.4794,0
-0.00014147,0.054933,-0.0066325,5.5979e-22,-3.9493,-5.5215,0
-0.00018954,0.055756,-0.0068639,1.2894e-21,-3.5972,-5.5602,0
-0.00024236,0.056655,-0.0070265,-5.0772e-22,-3.2432,-5.5956,0
-0.00029818,0.057601,-0.0070876,-1.711e-21,-2.8873,-5.6275,0
-0.00035641,0.058591,-0.0070364,1.6032e-22,-2.5299,-5.6559,0
-0.00041513,0.059587,-0.0068523,8.4602e-22,-2.1711,-5.6807,0
-0.00047281,0.060569,-0.0065375,-3.4443e-22,-1.8111,-5.7017,0
-0.00052729,0.061494,-0.0060828,-3.2701e-23,-1.4501,-5.719,0
-0.00057669,0.062331,-0.0055086,-5.2875e-22,-1.0883,-5.7326,0
-0.00061903,0.063051,-0.0048327,-2.6306e-22,-0.72586,-5.7422,0
-0.00065303,0.063622,-0.0040837,1.2378e-19,-0.36303,-5.7481,0
-0.00067771,0.064046,-0.0033027,-2.243e-22,0,-5.75,0
-0.00069304,0.064305,-0.002518,-1.2312e-19,0.36303,-5.7481,0
-0.00069939,0.064427,-0.0017729,3.6747e-22,0.72586,-5.7422,0
-0.0006978,0.064418,-0.0010872,-3.5382e-22,1.0883,-5.7326,0
-0.00068956,0.064316,-0.00048332,-1.7005e-23,1.4501,-5.719,0
-0.00067599,0.064132,2.7764e-05,-7.7519e-22,1.8111,-5.7017,0
-0.00065844,0.063913,0.00044788,2.0054e-21,2.1711,-5.6807,0
-0.00063791,0.063653,0.00077391,1.1485e-21,2.5299,-5.6559,0
-0.00061531,0.063401,0.0010195,-3.1822e-21,2.8873,-5.6275,0
-0.00059143,0.063147,0.0011827,-2.5945e-21,3.2432,-5.5956,0
-0.00056684,0.062925,0.0012861,1.9781e-21,3.5972,-5.5602,0
-0.00054241,0.062738,0.0013207,1.1534e-21,3.9493,-5.5215,0
-0.00051913,0.0626,0.0013416,1.6453e-21,4.2994,-5.4794,0
-0.00049902,0.062507,0.001354,-2.8268e-21,4.6471,-5.4343,0
-0.00048052,0.062459,0.0013652,-3.5394e-21,4.9924,-5.3861,0
-0.00045967,0.062557,0.001348,2.4541e-21,5.3351,-5.3351,0
-2.6525e-05,0.052867,-0.0063472,-3.8674e-22,-4.737,-5.1147,0
5.1478e-06,0.05231,-0.0059509,4.5742e-22,-5.0607,-5.0607,0
-6.4911e-05,0.053532,-0.006747,-2.2847e-22,-4.4106,-5.1657,0
-0.00010669,0.054259,-0.0070745,-6.2103e-23,-4.0817,-5.2135,0
-0.00015467,0.055087,-0.0073789,5.357e-22,-3.7503,-5.258,0
-0.00020649,0.055979,-0.0075958,3.996e-22,-3.4167,-5.299,0
-0.00026308,0.05695,-0.0077379,-5.5462e-22,-3.081,-5.3365,0
-0.00032256,0.057963,-0.0077688,-1.0078e-21,-2.7434,-5.3703,0
-0.00038424,0.059012,-0.007678,2.7514e-22,-2.4042,-5.4004,0
-0.00044621,0.06006,-0.0074447,1.3439e-21,-2.0635,-5.4266,0
-0.00050675,0.061084,-0.0070701,7.0731e-22,-1.7216,-5.4489,0
-0.00056353,0.062042,-0.0065459,-8.724e-22,-1.3785,-5.4672,0
-0.00061461,0.062901,-0.0058969,-1.207e-21,-1.0347,-5.4815,0
-0.0006579,0.063633,-0.0051391,6.621e-22,-0.69013,-5.4918,0
-0.00069214,0.064207,-0.0043075,1.3754e-19,-0.34517,-5.4979,0
-0.00071636,0.064622,-0.003445,-4.9471e-23,0,-5.5,0
-0.00073063,0.064863,-0.0025828,-1.3662e-19,0.34517,-5.4979,0
-0.00073545,0.06496,-0.0017681,1.1533e-21,0.69013,-5.4918,0
-0.00073205,0.064916,-0.0010226,-1.2709e-21,1.0347,-5.4815,0
-0.00072186,0.06478,-0.00036765,-6.9103e-22,1.3785,-5.4672,0
-0.00070641,0.064559,0.00018186,8.6212e-22,1.7216,-5.4489,0
-0.000687,0.064301,0.00063268,9.4173e-22,2.0635,-5.4266,0
-0.00066482,0.064008,0.00098055,-2.6077e-22,2.4042,-5.4004,0
-0.00064053,0.063717,0.0012395,-1.6414e-21,2.7434,-5.3703,0
-0.00061505,0.063426,0.0014096,-1.289e-21,3.081,-5.3365,0
-0.00058847,0.063167,0.0015103,1.1628e-21,3.4167,-5.299,0
-0.00056212,0.062935,0.0015278,1.3184e-21,3.7503,-5.258,0
-0.00053563,0.062764,0.0015112,2.0643e-21,4.0817,-5.2135,0
-0.00051172,0.062596,0.0014804,-3.3595e-21,4.4106,-5.1657,0
-0.00049181,0.062526,0.0014189,-3.5458e-21,4.737,-5.1147,0
-0.00046826,0.062644,0.0012936,5.5137e-21,5.0607,-5.0607,0
-3.6038e-05,0.05288,-0.0072665,3.7707e-23,-4.4817,-4.8433,0
2.6555e-08,0.052277,-0.0068125,5.5766e-22,-4.7863,-4.7863,0
-7.8446e-05,0.0536,-0.0076985,-4.634e-22,-4.1742,-4.8971,0
-0.00012459,0.054392,-0.0080579,-5.3773e-22,-3.864,-4.9476,0
-0.00017707,0.055286,-0.0083807,6.8128e-22,-3.5512,-4.9946,0
-0.00023362,0.056253,-0.0086056,2.9822e-22,-3.2361,-5.0379,0
-0.00029491,0.057299,-0.0087385,-1.5953e-21,-2.9188,-5.0774,0
-0.00035898,0.058393,-0.0087429,3.6793e-22,-2.5996,-5.1131,0
-0.00042513,0.059515,-0.0086087,1.5446e-21,-2.2785,-5.1448,0
-0.00049122,0.060633,-0.0083184,9.2126e-23,-1.9559,-5.1725,0
-0.00055527,0.061712,-0.007874,1.3314e-21,-1.632,-5.196,0
-0.00061487,0.062717,-0.0072691,-3.7979e-22,-1.307,-5.2154,0
-0.00066794,0.063607,-0.0065343,-1.2967e-21,-0.98102,-5.2305,0
-0.00071229,0.064356,-0.0056843,7.0105e-22,-0.65439,-5.2413,0
-0.00074673,0.064931,-0.0047616,1.5418e-19,-0.32731,-5.2478,0
-0.00077027,0.065333,-0.0038095,-1.583e-22,0,-5.25,0
-0.00078318,0.065551,-0.0028637,-1.5435e-19,0.32731,-5.2478,0
-0.00078604,0.065613,-0.0019722,9.4692e-23,0.65439,-5.2413,0
-0.00078038,0.065529,-0.00116,-2.1026e-21,0.98102,-5.2305,0
-0.00076769,0.065347,-0.00044654,-2.3347e-22,1.307,-5.2154,0
-0.0007498,0.065083,0.00015373,2.3588e-21,1.632,-5.196,0
-0.000728,0.064775,0.00064679,-1.7628e-22,1.9559,-5.1725,0
-0.00070364,0.064442,0.0010342,8.6565e-22,2.2785,-5.1448,0
-0.00067721,0.064103,0.0013275,-4.914e-22,2.5996,-5.1131,0
-0.00064964,0.063771,0.0015262,-2.8046e-21,2.9188,-5.0774,0
-0.00062071,0.06346,0.0016543,1.6702e-21,3.2361,-5.0379,0
-0.0005917,0.063182,0.0016858,1.5408e-21,3.5512,-4.9946,0
-0.00056272,0.062931,0.0016737,-7.5906e-22,3.864,-4.9476,0
-0.00053453,0.06272,0.0016243,-3.8959e-21,4.1742,-4.8971,0
-0.00050936,0.062593,0.0014999,-4.7441e-22,4.4817,-4.8433,0
-0.00048092,0.062641,0.0013229,5.7855e-21,4.7863,-4.7863,0
-4.0439e-05,0.052881,-0.0082289,-6.267e-23,-4.2263,-4.5719,0
-1.7455e-06,0.05221,-0.0077797,2.9893e-22,-4.5118,-4.5118,0
-8.7346e-05,0.053676,-0.0086714,-3.3616e-22,-3.9378,-4.6286,0
-0.00013806,0.054548,-0.0090253,3.5768e-23,-3.6463,-4.6817,0
-0.00019564,0.055527,-0.0093302,6.7938e-22,-3.3522,-4.7311,0
-0.00025732,0.056588,-0.0095262,3.7895e-22,-3.0556,-4.7767,0
-0.00032372,0.057719,-0.009619,-1.8141e-21,-2.7567,-4.8183,0
-0.00039283,0.058904,-0.0095702,-4.7376e-22,-2.4557,-4.8559,0
-0.00046367,0.060109,-0.0093692,9.3372e-22,-2.1528,-4.8893,0
-0.0005339,0.061307,-0.0090019,6.8092e-22,-1.8484,-4.9184,0
-0.00060144,0.062451,-0.008468,1.1633e-21,-1.5425,-4.9432,0
-0.00066375,0.06351,-0.0077653,-1.4048e-21,-1.2354,-4.9636,0
-0.00071863,0.064437,-0.0069258,-1.2222e-21,-0.92739,-4.9795,0
-0.00076385,0.065204,-0.0059658,6.6527e-22,-0.61866,-4.9909,0
-0.00079821,0.065782,-0.0049336,1.7114e-19,-0.30945,-4.9977,0
-0.00082074,0.066166,-0.0038755,-2.2262e-22,0,-5,0
-0.0008319,0.066354,-0.0028314,-1.7039e-19,0.30945,-4.9977,0
-0.0008324,0.066372,-0.0018534,2.418e-22,0.61866,-4.9909,0
-0.00082406,0.06624,-0.00096851,-1.5089e-21,0.92739,-4.9795,0
-0.00080855,0.065999,-0.00019821,-1.2488e-21,1.2354,-4.9636,0
-0.00078804,0.065684,0.00044611,2.4212e-21,1.5425,-4.9432,0
-0.00076388,0.06532,0.00096808,8.884e-22,1.8484,-4.9184,0
-0.00073762,0.064939,0.0013759,-1.5693e-22,2.1528,-4.8893,0
-0.00070962,0.064552,0.0016842,-1.9406e-21,2.4557,-4.8559,0
-0.0006807,0.064174,0.0018913,-2.6494e-21,2.7567,-4.8183,0
-0.00065042,0.063813,0.002023,2.1204e-21,3.0556,-4.7767,0
-0.00061944,0.063484,0.0020697,1.8804e-21,3.3522,-4.7311,0
-0.00058797,0.063148,0.0020449,3.4067e-22,3.6463,-4.6817,0
-0.00055767,0.06291,0.0019735,-1.2612e-21,3.9378,-4.6286,0
-0.00052986,0.062715,0.0018133,1.8112e-21,4.2263,-4.5719,0
-0.00049809,0.062609,0.0015644,5.0711e-21,4.5118,-4.5118,0
-5.6991e-05,0.052932,-0.0094798,-1.0447e-22,-3.971,-4.3005,0
-1.09e-05,0.052175,-0.0089579,8.0288e-24,-4.2374,-4.2374,0
-0.0001099,0.05381,-0.0099633,-5.7827e-22,-3.7013,-4.36,0
-0.00016722,0.054775,-0.01035,-1.103e-23,-3.4286,-4.4158,0
-0.0002314,0.055846,-0.010673,6.8769e-22,-3.1531,-4.4677,0
-0.00029982,0.057006,-0.01087,2.0259e-21,-2.875,-4.5155,0
-0.00037301,0.058235,-0.010943,-1.4151e-21,-2.5945,-4.5593,0
-0.00044867,0.059519,-0.010853,-2.1205e-21,-2.3118,-4.5987,0
-0.00052562,0.060816,-0.010591,6.5143e-22,-2.0271,-4.6338,0
-0.00060126,0.062101,-0.010144,7.4654e-23,-1.7408,-4.6643,0
-0.0006734,0.063319,-0.0095128,1.4765e-21,-1.4529,-4.6904,0
-0.00073921,0.064436,-0.0087004,1.9029e-23,-1.1638,-4.7118,0
-0.00079644,0.065403,-0.0077418,-2.1959e-21,-0.87376,-4.7285,0
-0.00084269,0.066189,-0.0066572,-3.2632e-22,-0.58292,-4.7404,0
-0.00087689,0.066768,-0.0055021,1.9476e-19,-0.29159,-4.7476,0
-0.00089802,0.06713,-0.0043243,-4.1181e-22,0,-4.75,0
-0.00090683,0.067284,-0.0031703,-1.9307e-19,0.29159,-4.7476,0
-0.00090413,0.067249,-0.0020934,1.8799e-22,0.58292,-4.7404,0
-0.00089216,0.067062,-0.0011212,-2.2124e-21,0.87376,-4.7285,0
-0.00087277,0.066752,-0.00027909,1.7818e-23,1.1638,-4.7118,0
-0.00084851,0.066376,0.00042899,1.7028e-21,1.4529,-4.6904,0
-0.0008209,0.065944,0.0010045,-2.5565e-22,1.7408,-4.6643,0
-0.00079165,0.065511,0.0014585,9.2776e-22,2.0271,-4.6338,0
-0.00076119,0.065065,0.0018146,-2.9809e-21,2.3118,-4.5987,0
-0.00073022,0.064646,0.0020695,-1.435e-21,2.5945,-4.5593,0
-0.00069826,0.064229,0.0022389,2.855e-21,2.875,-4.5155,0
-0.00066538,0.063847,0.002352,1.1465e-21,3.1531,-4.4677,0
-0.00063143,0.063473,0.0023481,-1.0161e-22,3.4286,-4.4158,0
-0.00059651,0.063171,0.0022889,-7.0079e-22,3.7013,-4.36,0
-0.00056524,0.062825,0.002206,1.5081e-21,3.971,-4.3005,0
-0.00053013,0.062576,0.0019912,1.3015e-21,4.2374,-4.2374,0
-6.4081e-05,0.052914,-0.010797,2.6821e-23,-3.7156,-4.0291,0
-1.3455e-05,0.052043,-0.010285,1.4219e-22,-3.963,-3.963,0
-0.00012383,0.053922,-0.011279,-4.0332e-22,-3.4649,-4.0914,0
-0.00018814,0.055018,-0.011639,1.2244e-22,-3.2109,-4.1499,0
-0.00025969,0.056229,-0.011922,1.3356e-21,-2.9541,-4.2042,0
-0.0003354,0.05752,-0.01206,1.4801e-21,-2.6944,-4.2544,0
-0.00041567,0.058882,-0.012058,-1.9253e-21,-2.4323,-4.3002,0
-0.00049793,0.060286,-0.011879,-1.2126e-21,-2.1679,-4.3415,0
-0.00058089,0.061698,-0.01151,5.3439e-22,-1.9015,-4.3782,0
-0.00066172,0.063081,-0.010944,-1.0257e-21,-1.6332,-4.4103,0
-0.00073808,0.064382,-0.010178,1.1734e-21,-1.3634,-4.4375,0
-0.00080696,0.065563,-0.0092225,1.8585e-21,-1.0923,-4.4599,0
-0.00086603,0.066571,-0.0081111,-1.6184e-21,-0.82013,-4.4774,0
-0.00091281,0.067375,-0.0068736,-1.1311e-21,-0.54719,-4.49,0
-0.00094623,0.067949,-0.0055661,2.1526e-19,-0.27373,-4.4975,0
-0.00096534,0.068282,-0.0042455,-4.5256e-22,0,-4.5,0
-0.00097108,0.068388,-0.0029597,-2.1459e-19,0.27373,-4.4975,0
-0.00096448,0.068285,-0.001772,-9.8109e-22,0.54719,-4.49,0
-0.00094813,0.068023,-0.00070636,-1.8595e-21,0.82013,-4.4774,0
-0.00092427,0.067628,0.00020063,1.8348e-21,1.0923,-4.4599,0
-0.00089587,0.067171,0.00095303,9.4345e-22,1.3634,-4.4375,0
-0.00086481,0.066661,0.0015513,-8.7883e-22,1.6332,-4.4103,0
-0.00083307,0.066164,0.0020126,2.7482e-21,1.9015,-4.3782,0
-0.00080116,0.065657,0.0023633,-1.1807e-21,2.1679,-4.3415,0
-0.00076966,0.065198,0.0026218,-3.9999e-21,2.4323,-4.3002,0
-0.00073805,0.064731,0.0027842,1.0898e-21,2.6944,-4.2544,0
-0.00070578,0.064311,0.0029037,2.4929e-21,2.9541,-4.2042,0
-0.00067262,0.063887,0.0029322,-5.6636e-22,3.2109,-4.1499,0
-0.00063764,0.063503,0.0028714,-1.7876e-21,3.4649,-4.0914,0
-0.00060318,0.063041,0.0028454,-1.5137e-21,3.7156,-4.0291,0
-0.00057042,0.062646,0.0026963,-2.5695e-21,3.963,-3.963,0
-9.6153e-05,0.052932,-0.012593,2.9074e-23,-3.4603,-3.7577,0
-3.3964e-05,0.051932,-0.011994,4.0031e-23,-3.6886,-3.6886,0
-0.00016542,0.054076,-0.013116,1.4603e-23,-3.2284,-3.8229,0
-0.00023979,0.055313,-0.013502,9.1491e-22,-2.9933,-3.8839,0
-0.00032127,0.056671,-0.013794,7.0542e-22,-2.755,-3.9408,0
-0.00040696,0.058108,-0.013914,-2.4874e-21,-2.5139,-3.9932,0
-0.00049698,0.059619,-0.013873,-5.6756e-22,-2.2701,-4.0411,0
-0.00058843,0.061162,-0.013624,1.7123e-21,-2.024,-4.0843,0
-0.00067981,0.062705,-0.013164,1.0307e-22,-1.7758,-4.1227,0
-0.00076785,0.064202,-0.012479,0,-1.5256,-4.1562,0
-0.00085012,0.065601,-0.011574,2.2906e-22,-1.2738,-4.1847,0
-0.0009232,0.066856,-0.010463,1.358e-21,-1.0207,-4.2081,0
-0.00098478,0.067913,-0.0091843,1.2977e-22,-0.7665,-4.2264,0
-0.0010322,0.068738,-0.0077747,-1.009e-21,-0.51146,-4.2395,0
-0.0010644,0.069307,-0.0062954,2.477e-19,-0.25587,-4.2474,0
-0.0010807,0.069608,-0.00481,-8.5225e-22,0,-4.25,0
-0.0010821,0.069659,-0.0033704,-2.4856e-19,0.25587,-4.2474,0
-0.00107,0.069481,-0.0020464,-1.3641e-21,0.51146,-4.2395,0
-0.0010473,0.069128,-0.00086081,1.314e-22,0.7665,-4.2264,0
-0.0010168,0.068635,0.00014354,1.2297e-21,1.0207,-4.2081,0
-0.00098186,0.06808,0.00097714,-2.6741e-22,1.2738,-4.1847,0
-0.00094483,0.067476,0.0016391,0,1.5256,-4.1562,0
-0.00090799,0.066896,0.0021579,-8.7773e-23,1.7758,-4.1227,0
-0.0008722,0.066322,0.0025532,1.5929e-21,2.024,-4.0843,0
-0.00083796,0.065801,0.0028693,-2.0405e-21,2.2701,-4.0411,0
-0.00080472,0.065296,0.0030914,-3.5159e-21,2.5139,-3.9932,0
-0.00077169,0.064829,0.00327,2.0602e-21,2.755,-3.9408,0
-0.00073772,0.064355,0.0034012,1.7306e-21,2.9933,-3.8839,0
-0.00070229,0.063901,0.0034346,-2.0035e-23,3.2284,-3.8229,0
-0.00066453,0.063386,0.0034625,-7.5833e-22,3.4603,-3.7577,0
-0.00062761,0.062917,0.0034355,-1.2112e-21,3.6886,-3.6886,0
-0.00011134,0.052988,-0.01452,-8.9814e-24,-3.2049,-3.4863,0
-4.244e-05,0.051807,-0.01395,-5.5812e-22,-3.4142,-3.4142,0
-0.00019168,0.054337,-0.015017,3.1614e-22,-2.992,-3.5543,0
-0.00027665,0.055778,-0.015342,8.5285e-22,-2.7756,-3.618,0
-0.00036885,0.057347,-0.01555,9.6957e-22,-2.5559,-3.6773,0
-0.00046474,0.058983,-0.015557,-1.8667e-21,-2.3333,-3.7321,0
-0.00056442,0.060689,-0.015381,-6.0615e-22,-2.108,-3.782,0
-0.0006646,0.062406,-0.014973,1.3315e-21,-1.8801,-3.8271,0
-0.00076372,0.06411,-0.014334,-1.0843e-23,-1.6501,-3.8672,0
-0.00085816,0.065738,-0.013453,0,-1.418,-3.9021,0
-0.0009454,0.067247,-0.012336,3.253e-22,-1.1843,-3.9319,0
-0.0010218,0.068577,-0.011006,9.665e-22,-0.94916,-3.9563,0
-0.001085,0.069682,-0.0094978,-4.5172e-22,-0.71287,-3.9754,0
-0.0011321,0.070519,-0.0078647,-4.4553e-22,-0.47572,-3.989,0
-0.0011623,0.071066,-0.0061629,2.7572e-19,-0.23801,-3.9973,0
-0.0011746,0.071313,-0.0044737,-1.0006e-21,0,-4,0
-0.0011705,0.071278,-0.0028456,-2.7545e-19,0.23801,-3.9973,0
-0.0011515,0.070988,-0.0013665,-8.5744e-22,0.47572,-3.989,0
-0.0011211,0.070504,-5.3586e-05,-5.2703e-22,0.71287,-3.9754,0
-0.0010826,0.06987,0.0010321,6.4392e-22,0.94916,-3.9563,0
-0.00104,0.069172,0.0019098,-3.305e-22,1.1843,-3.9319,0
-0.00099667,0.068438,0.0025748,-3.0048e-22,1.418,-3.9021,0
-0.0009553,0.067747,0.0030647,-2.9244e-22,1.6501,-3.8672,0
-0.00091737,0.067093,0.0034128,1.9327e-21,1.8801,-3.8271,0
-0.00088354,0.066508,0.0036687,-1.6364e-21,2.108,-3.782,0
-0.00085315,0.065983,0.0038515,-3.7268e-21,2.3333,-3.7321,0
-0.00082519,0.065488,0.0039966,1.5295e-21,2.5559,-3.6773,0
-0.00079765,0.065008,0.0041403,2.1605e-21,2.7756,-3.618,0
-0.00076948,0.064529,0.0042293,3.0439e-21,2.992,-3.5543,0
-0.0007379,0.063986,0.0043054,1.3438e-23,3.2049,-3.4863,0
-0.00070638,0.063451,0.0043371,-4.3177e-21,3.4142,-3.4142,0
-0.00017782,0.05311,-0.017285,-2.0744e-23,-2.9496,-3.2149,0
-9.0065e-05,0.051712,-0.016637,-5.6126e-22,-3.1398,-3.1398,0
-0.00027422,0.054687,-0.017806,3.4158e-22,-2.7555,-3.2857,0
-0.00037484,0.056347,-0.018134,0,-2.5579,-3.3521,0
-0.00048258,0.058138,-0.018312,1.0495e-21,-2.3569,-3.4139,0
-0.00059365,0.059993,-0.018261,3.4016e-24,-2.1528,-3.4709,0
-0.00070771,0.061909,-0.017993,-9.8512e-22,-1.9458,-3.5229,0
-0.00082102,0.063822,-0.01746,-2.2291e-21,-1.7363,-3.5699,0
-0.00093174,0.065703,-0.016664,-1.2103e-21,-1.5244,-3.6116,0
-0.0010356,0.067482,-0.015593,3.799e-21,-1.3105,-3.648,0
-0.0011301,0.069112,-0.014262,-1.3576e-22,-1.0948,-3.679,0
-0.001211,0.070528,-0.012696,-1.4512e-21,-0.87759,-3.7045,0
-0.0012761,0.071684,-0.010939,9.2527e-22,-0.65924,-3.7244,0
-0.0013223,0.072533,-0.0090495,1.1263e-23,-0.43999,-3.7386,0
-0.001349,0.073055,-0.0070925,3.2471e-19,-0.22014,-3.7471,0
-0.0013553,0.073238,-0.0051575,-1.7565e-21,0,-3.75,0
-0.0013429,0.073107,-0.0032964,-3.2521e-19,0.22014,-3.7471,0
-0.0013139,0.07269,-0.0016118,9.1015e-24,0.43999,-3.7386,0
-0.0012717,0.072052,-0.00011619,9.4463e-22,0.65924,-3.7244,0
-0.0012206,0.07125,0.0011136,-1.5166e-21,0.87759,-3.7045,0
-0.001165,0.070371,0.0021052,-1.1223e-22,1.0948,-3.679,0
-0.0011092,0.069469,0.0028507,3.8223e-21,1.3105,-3.648,0
-0.0010566,0.068611,0.0033896,-1.8257e-21,1.5244,-3.6116,0
-0.0010095,0.067828,0.0037746,-2.6377e-21,1.7363,-3.5699,0
-0.00096904,0.067136,0.0040436,-1.6868e-21,1.9458,-3.5229,0
-0.00093499,0.066547,0.0042595,-1.0659e-22,2.1528,-3.4709,0
-0.00090627,0.066011,0.0044407,1.7289e-21,2.3569,-3.4139,0
-0.0008807,0.065523,0.0046489,0,2.5579,-3.3521,0
-0.00085641,0.065002,0.0048723,2.8357e-21,2.7555,-3.2857,0
-0.00082953,0.064415,0.005075,4.1698e-22,2.9496,-3.2149,0
-0.00080479,0.06385,0.0052769,-5.0251e-21,3.1398,-3.1398,0
-0.00021975,0.053303,-0.020312,-1.6199e-22,-2.6942,-2.9435,0
-0.00011866,0.051574,-0.01974,-7.5309e-23,-2.8654,-2.8654,0
-0.00033305,0.055239,-0.02076,0,-2.5191,-3.0171,0
-0.00044972,0.057236,-0.020951,-7.2586e-22,-2.3402,-3.0862,0
-0.00057333,0.059369,-0.020964,-1.0175e-21,-2.1578,-3.1505,0
-0.00069871,0.06154,-0.0207,2.3609e-21,-1.9722,-3.2097,0
-0.00082607,0.06376,-0.020182,1.1141e-21,-1.7836,-3.2638,0
-0.00095108,0.06594,-0.019366,-4.0594e-21,-1.5924,-3.3127,0
-0.001072,0.068064,-0.018256,-1.2688e-21,-1.3987,-3.3561,0
-0.0011838,0.070033,-0.016855,3.4184e-21,-1.2029,-3.394,0
-0.0012842,0.071818,-0.015175,-1.0016e-21,-1.0052,-3.4262,0
-0.0013685,0.073331,-0.013258,-1.6908e-21,-0.80603,-3.4527,0
-0.0014346,0.074542,-0.011141,1.3428e-21,-0.60561,-3.4733,0
-0.001479,0.075388,-0.0089063,-1.7682e-22,-0.40426,-3.4881,0
-0.0015013,0.075862,-0.0066084,3.6211e-19,-0.20228,-3.497,0
-0.0015003,0.07594,-0.0043633,-2.0331e-21,0,-3.5,0
-0.0014779,0.075659,-0.0022124,-3.6415e-19,0.20228,-3.497,0
-0.001436,0.07504,-0.00028295,1.8164e-22,0.40426,-3.4881,0
-0.0013791,0.074159,0.0014105,1.7421e-21,0.60561,-3.4733,0
-0.0013121,0.073094,0.0027722,-1.1121e-21,0.80603,-3.4527,0
-0.0012406,0.071924,0.0038162,4.7855e-22,1.0052,-3.4262,0
-0.0011702,0.070758,0.0045486,4.7996e-21,1.2029,-3.394,0
-0.0011059,0.069639,0.0049873,-1.0352e-21,1.3987,-3.3561,0
-0.0010515,0.068665,0.0052254,-4.6114e-21,1.5924,-3.3127,0
-0.0010093,0.067827,0.0052921,1.8808e-21,1.7836,-3.2638,0
-0.00097951,0.067165,0.00531,3.6529e-21,1.9722,-3.2097,0
-0.00096137,0.066619,0.0053079,-2.2859e-21,2.1578,-3.1505,0
-0.00095148,0.066134,0.0053826,-2.2166e-21,2.3402,-3.0862,0
-0.00094532,0.065582,0.0056097,0,2.5191,-3.0171,0
-0.00092999,0.064993,0.0057892,5.6569e-22,2.6942,-2.9435,0
-0.00092315,0.064341,0.0060937,9.9984e-22,2.8654,-2.8654,0
-0.00037046,0.053661,-0.02495,-3.3014e-22,-2.4389,-2.6721,0
-0.00023771,0.0515,-0.024384,-1.2957e-21,-2.591,-2.591,0
-0.00051009,0.055989,-0.025353,2.3519e-22,-2.2826,-2.7486,0
-0.00065273,0.05837,-0.025448,9.2976e-22,-2.1225,-2.8203,0
-0.00080168,0.06087,-0.025341,2.8899e-21,-1.9588,-2.887,0
-0.00095105,0.063385,-0.024909,7.5747e-22,-1.7917,-2.9486,0
-0.0010999,0.065922,-0.024183,-1.1148e-21,-1.6215,-3.0048,0
-0.0012435,0.068375,-0.023115,-2.1557e-21,-1.4485,-3.0555,0
-0.0013794,0.070739,-0.021702,-1.0804e-22,-1.273,-3.1006,0
-0.0015023,0.07289,-0.01996,2.3331e-21,-1.0953,-3.1399,0
-0.0016098,0.074817,-0.01791,-4.9267e-22,-0.91568,-3.1733,0
-0.001697,0.076406,-0.0156,-3.5469e-21,-0.73447,-3.2008,0
-0.001762,0.077654,-0.013074,-1.3666e-21,-0.55198,-3.2223,0
-0.0018012,0.078461,-0.010426,7.0181e-22,-0.36852,-3.2377,0
-0.0018145,0.078865,-0.0077116,4.4051e-19,-0.18442,-3.2469,0
-0.0018008,0.078795,-0.0050654,-3.5584e-21,0,-3.25,0
-0.0017624,0.078337,-0.0025227,-4.4185e-19,0.18442,-3.2469,0
-0.0017015,0.077472,-0.00024012,1.4205e-21,0.36852,-3.2377,0
-0.0016213,0.076291,0.0017655,-8.5632e-22,0.55198,-3.2223,0
-0.0015282,0.074882,0.0033926,-2.9113e-21,0.73447,-3.2008,0
-0.0014279,0.073324,0.004625,5.3028e-24,0.91568,-3.1733,0
-0.0013276,0.071767,0.0054849,1.7567e-21,1.0953,-3.1399,0
-0.0012336,0.07024,0.0059606,4.8361e-22,1.273,-3.1006,0
-0.0011515,0.068922,0.006162,-1.3086e-21,1.4485,-3.0555,0
-0.0010861,0.067758,0.0061253,-7.3029e-22,1.6215,-3.0048,0
-0.0010394,0.066888,0.0059841,9.4354e-22,1.7917,-2.9486,0
-0.0010126,0.066139,0.0058368,1.8174e-21,1.9588,-2.887,0
-0.001004,0.065532,0.0057544,-8.8595e-22,2.1225,-2.8203,0
-0.0010115,0.064702,0.0059633,1.1482e-21,2.2826,-2.7486,0
-0.001012,0.06381,0.0059199,-5.1031e-22,2.4389,-2.6721,0
-0.0010295,0.06238,0.0061689,-8.2997e-21,2.591,-2.591,0
-0.00050656,0.054169,-0.030189,-2.0322e-21,-2.1835,-2.4007,0
-0.00034746,0.051318,-0.029807,-1.2461e-21,-2.3166,-2.3166,0
-0.00066965,0.057087,-0.030381,3.8317e-22,-2.0462,-2.48,0
-0.00083665,0.060063,-0.03019,2.3424e-21,-1.9048,-2.5544,0
-0.0010065,0.063131,-0.029743,1.7158e-21,-1.7597,-2.6236,0
-0.0011761,0.066185,-0.028876,-2.7317e-21,-1.6111,-2.6874,0
-0.0013427,0.069228,-0.027658,-2.9858e-21,-1.4593,-2.7457,0
-0.0015035,0.07214,-0.026053,2.3575e-21,-1.3046,-2.7983,0
-0.0016544,0.074922,-0.024073,3.2663e-21,-1.1473,-2.845,0
-0.0017873,0.077363,-0.021749,2.9184e-21,-0.98771,-2.8858,0
-0.0019023,0.079537,-0.019098,3.0956e-22,-0.82613,-2.9205,0
-0.0019928,0.08125,-0.016198,-3.0543e-21,-0.66291,-2.949,0
-0.0020575,0.08258,-0.013069,-1.1058e-21,-0.49835,-2.9713,0
-0.0020924,0.083353,-0.0098615,1.0843e-21,-0.33279,-2.9872,0
-0.0020969,0.083677,-0.0065841,5.0145e-19,-0.16656,-2.9968,0
-0.00207,0.083418,-0.0034271,-4.052e-21,0,-3,0
-0.0020132,0.082698,-0.00039408,-5.033e-19,0.16656,-2.9968,0
-0.0019284,0.081472,0.0023659,1.0637e-21,0.33279,-2.9872,0
-0.0018201,0.079857,0.0047614,-1.0769e-21,0.49835,-2.9713,0
-0.0016945,0.077937,0.0066959,-2.8926e-21,0.66291,-2.949,0
-0.0015586,0.0758,0.0080895,-3.9924e-22,0.82613,-2.9205,0
-0.0014212,0.073613,0.0089882,1.0741e-21,0.98771,-2.8858,0
-0.0012916,0.07144,0.0093048,1.7012e-21,1.1473,-2.845,0
-0.0011788,0.069487,0.0091867,1.9271e-21,1.3046,-2.7983,0
-0.0010914,0.067708,0.0086454,-2.6154e-21,1.4593,-2.7457,0
-0.0010363,0.066284,0.0078912,-2.3406e-21,1.6111,-2.6874,0
-0.0010154,0.064886,0.007076,3.0029e-21,1.7597,-2.6236,0
-0.0010286,0.06363,0.0063678,5.1094e-21,1.9048,-2.5544,0
-0.0010711,0.061305,0.0062622,1.2964e-21,2.0462,-2.48,0
-0.001081,0.05789,0.0057222,-5.3025e-21,2.1835,-2.4007,0
-0.0010835,0.052419,0.0053374,-9.5494e-21,2.3166,-2.3166,0
-0.00088906,0.055066,-0.038895,3.6436e-21,-1.9282,-2.1293,0
-0.00068735,0.05118,-0.038687,0,-2.0422,-2.0422,0
-0.0010907,0.058834,-0.03879,8.5126e-22,-1.8097,-2.2114,0
-0.0013051,0.062575,-0.038282,-7.2388e-21,-1.6871,-2.2885,0
-0.0015201,0.066254,-0.03744,2.1261e-21,-1.5607,-2.3601,0
-0.001731,0.069823,-0.036063,2.5117e-21,-1.4306,-2.4262,0
-0.0019293,0.073273,-0.034339,-4.2946e-21,-1.2971,-2.4866,0
-0.0021145,0.076415,-0.032171,2.3935e-21,-1.1607,-2.5411,0
-0.0022758,0.079456,-0.029479,2.2982e-21,-1.0216,-2.5895,0
-0.0024133,0.082026,-0.026427,2.4825e-21,-0.88012,-2.6317,0
-0.0025278,0.084274,-0.023033,4.2175e-22,-0.73659,-2.6677,0
-0.0026125,0.085952,-0.019403,-2.0765e-21,-0.59134,-2.6972,0
-0.0026662,0.087168,-0.01554,6.3673e-22,-0.44472,-2.7202,0
-0.0026855,0.087741,-0.011617,3.7583e-22,-0.29705,-2.7368,0
-0.0026688,0.087745,-0.0076252,6.3791e-19,-0.1487,-2.7467,0
-0.0026149,0.087077,-0.0037515,-1.0471e-20,0,-2.75,0
-0.0025237,0.085783,-4.4132e-05,-6.4837e-19,0.1487,-2.7467,0
-0.0023969,0.083842,0.0033312,-3.561e-22,0.29705,-2.7368,0
-0.0022397,0.081336,0.0062496,-5.9476e-22,0.44472,-2.7202,0
-0.0020551,0.078254,0.0086309,-2.9198e-21,0.59134,-2.6972,0
-0.0018516,0.07474,0.01031,1.2733e-22,0.73659,-2.6677,0
-0.0016375,0.070769,0.011253,3.0829e-21,0.88012,-2.6317,0
-0.0014256,0.066594,0.011332,2.5059e-21,1.0216,-2.5895,0
-0.0012305,0.062128,0.010542,1.954e-21,1.1607,-2.5411,0
-0.0010681,0.057676,0.0089281,-3.6023e-21,1.2971,-2.4866,0
-0.00095845,0.053023,0.0065767,4.9236e-21,1.4306,-2.4262,0
-0.00091221,0.048412,0.0038498,7.461e-22,1.5607,-2.3601,0
-0.00094519,0.043144,0.0011286,-1.9606e-20,1.6871,-2.2885,0
-0.001036,0.035378,0.00099709,3.2213e-20,1.8097,-2.2114,0
-0.0010732,0.02722,0.0026017,4.368e-20,1.9282,-2.1293,0
-0.0010711,0.019497,0.0021062,0,2.0422,-2.0422,0
-0.001344,0,0,0,-1.6728,-1.8579,0
-0.0011106,0,0,0,-1.7678,-1.7678,0
-0.0015829,0,0,0,-1.5733,-1.9429,0
-0.0018427,0,0,0,-1.4695,-2.0225,0
-0.0021031,0,0,0,-1.3616,-2.0967,0
-0.0023562,0,0,0,-1.25,-2.1651,0
-0.0025883,0,0,0,-1.135,-2.2275,0
-0.0027987,0,0,0,-1.0168,-2.2839,0
-0.0029705,0,0,0,-0.89592,-2.334,0
-0.0031143,0,0,0,-0.77254,-2.3776,0
-0.0032289,0,0,0,-0.64705,-2.4148,0
-0.0033087,0,0,0,-0.51978,-2.4454,0
-0.0033524,0,0,0,-0.39109,-2.4692,0
-0.0033574,0,0,0,-0.26132,-2.4863,0
-0.0033221,0,0,0,-0.13084,-2.4966,0
-0.0032453,0,0,0,0,-2.5,0
-0.0031273,0,0,0,0.13084,-2.4966,0
-0.0029694,0,0,0,0.26132,-2.4863,0
-0.0027751,0,0,0,0.39109,-2.4692,0
-0.0025446,0,0,0,0.51978,-2.4454,0
-0.0022864,0,0,0,0.64705,-2.4148,0
-0.0020063,0,0,0,0.77254,-2.3776,0
-0.0017186,0,0,0,0.89592,-2.334,0
-0.0014403,0,0,0,1.0168,-2.2839,0
-0.0011925,0,0,0,1.135,-2.2275,0
-0.0010056,0,0,0,1.25,-2.1651,0
-0.00090008,0,0,0,1.3616,-2.0967,0
-0.00090852,0,0,0,1.4695,-2.0225,0
-0.0010016,0,0,0,1.5733,-1.9429,0
-0.0010537,0,0,0,1.6728,-1.8579,0
-0.0010682,0,0,0,1.7678,-1.7678,0
7.4131e-05,0.051069,-0.0004235,5.0776e-24,-9.7286,-9.078,0
6.8869e-05,0.051255,-0.00053233,2.1899e-22,-9.4572,-8.8226,0
6.4959e-05,0.051394,-0.00065582,3.5685e-22,-9.1858,-8.5673,0
6.079e-05,0.05153,-0.00079692,1.1335e-22,-8.9144,-8.3119,0
5.7836e-05,0.051625,-0.00095836,-3.1701e-23,-8.643,-8.0566,0
5.5237e-05,0.051713,-0.0011408,3.0332e-22,-8.3716,-7.8012,0
5.2253e-05,0.051775,-0.0013656,2.6569e-22,-8.1002,-7.5459,0
4.897e-05,0.05184,-0.001613,3.2953e-23,-7.8288,-7.2905,0
4.5703e-05,0.051878,-0.0018916,-1.3666e-22,-7.5574,-7.0352,0
4.2893e-05,0.051925,-0.002194,-1.3751e-22,-7.286,-6.7798,0
4.0269e-05,0.051952,-0.0025342,-1.6975e-22,-7.0145,-6.5245,0
3.8555e-05,0.051978,-0.002901,-4.1185e-24,-6.7431,-6.2691,0
3.674e-05,0.051996,-0.0033234,-1.2599e-22,-6.4717,-6.0138,0
3.6089e-05,0.051996,-0.0037781,-2.2307e-22,-6.2003,-5.7584,0
3.4671e-05,0.05197,-0.0043023,-1.7145e-22,-5.9289,-5.5031,0
3.4983e-05,0.051922,-0.0048672,-1.6633e-22,-5.6575,-5.2477,0
3.3479e-05,0.051846,-0.00553,-9.3379e-23,-5.3861,-4.9924,0
3.474e-05,0.051757,-0.0062504,-2.0563e-22,-5.1147,-4.737,0
3.2304e-05,0.051678,-0.0071287,-1.9693e-23,-4.8433,-4.4817,0
3.4858e-05,0.051561,-0.0080951,-1.8e-23,-4.5719,-4.2263,0
2.9485e-05,0.051438,-0.0093003,-5.5546e-23,-4.3005,-3.971,0
3.2125e-05,0.051191,-0.010626,-3.3229e-23,-4.0291,-3.7156,0
1.7426e-05,0.050959,-0.01236,-8.0358e-24,-3.7577,-3.4603,0
1.797e-05,0.050651,-0.014315,4.4601e-23,-3.4863,-3.2049,0
-1.9749e-05,0.050319,-0.017038,3.938e-23,-3.2149,-2.9496,0
-3.2619e-05,0.049809,-0.020134,8.3747e-23,-2.9435,-2.6942,0
-0.00013416,0.049248,-0.024831,3.0073e-23,-2.6721,-2.4389,0
-0.00021278,0.04837,-0.030162,-1.5167e-22,-2.4007,-2.1835,0
-0.00050461,0.047398,-0.0388,-2.2032e-21,-2.1293,-1.9282,0
-0.00087172,0,0,0,-1.8579,-1.6728,0
8.4723e-05,0.05125,-0.00062714,1.7288e-22,-9.7314,-8.4302,0
8.0946e-05,0.051329,-0.00075009,1.9079e-22,-9.4629,-8.1938,0
7.7593e-05,0.051387,-0.00089014,1.9323e-22,-9.1943,-7.9573,0
7.4232e-05,0.051438,-0.0010441,1.7401e-22,-8.9257,-7.7209,0
7.1587e-05,0.05147,-0.0012179,8.8126e-23,-8.6571,-7.4844,0
6.8734e-05,0.051507,-0.0014194,-2.3487e-22,-8.3886,-7.248,0
6.6142e-05,0.051531,-0.001655,-2.1061e-22,-8.12,-7.0115,0
6.3822e-05,0.051558,-0.0019078,-2.1174e-22,-7.8514,-6.7751,0
6.1838e-05,0.051567,-0.0021921,-9.7714e-23,-7.5829,-6.5387,0
6.052e-05,0.051587,-0.0025016,-1.0196e-22,-7.3143,-6.3022,0
5.9499e-05,0.051581,-0.0028463,-1.5485e-22,-7.0457,-6.0658,0
5.9348e-05,0.051582,-0.003225,3.4103e-23,-6.7771,-5.8293,0
5.9187e-05,0.051554,-0.0036505,-2.5529e-23,-6.5086,-5.5929,0
6.0095e-05,0.0515,-0.0041041,-2.4609e-22,-6.24,-5.3564,0
6.0782e-05,0.051423,-0.0046297,-2.446e-22,-5.9714,-5.12,0
6.2944e-05,0.051323,-0.0051948,-2.2175e-23,-5.7029,-4.8835,0
6.4451e-05,0.051205,-0.005865,-4.5251e-24,-5.4343,-4.6471,0
6.814e-05,0.051079,-0.006598,-1.9076e-22,-5.1657,-4.4106,0
6.9921e-05,0.050931,-0.0074862,-2.5243e-22,-4.8971,-4.1742,0
7.5218e-05,0.050723,-0.0084558,-1.1563e-22,-4.6286,-3.9378,0
7.4943e-05,0.050443,-0.0096588,-2.8152e-22,-4.36,-3.7013,0
8.0644e-05,0.050053,-0.010985,-1.8299e-22,-4.0914,-3.4649,0
7.4933e-05,0.049687,-0.012736,3.9669e-24,-3.8229,-3.2284,0
8.0771e-05,0.049206,-0.01469,1.6519e-22,-3.5543,-2.992,0
5.6853e-05,0.048612,-0.017393,1.8063e-22,-3.2857,-2.7555,0
5.4351e-05,0.047784,-0.020439,0,-3.0171,-2.5191,0
-2.3754e-05,0.046852,-0.025035,-9.3669e-22,-2.7486,-2.2826,0
-7.5863e-05,0.04539,-0.030224,-9.8625e-22,-2.48,-2.0462,0
-0.00031412,0.043583,-0.038454,1.3453e-22,-2.2114,-1.8097,0
-0.00062221,0,0,0,-1.9429,-1.5733,0
9.1355e-05,0.051087,-0.00083611,-5.3196e-24,-9.7341,-7.7823,0
8.9362e-05,0.05111,-0.00096891,-1.873e-22,-9.4682,-7.5646,0
8.6865e-05,0.051135,-0.0011236,-3.1846e-22,-9.2023,-7.3469,0
8.4756e-05,0.051157,-0.0012914,7.0495e-23,-8.9363,-7.1293,0
8.2658e-05,0.051178,-0.0014828,-1.9965e-23,-8.6704,-6.9116,0
8.0693e-05,0.051204,-0.0016895,-2.9956e-22,-8.4045,-6.6939,0
7.9507e-05,0.051221,-0.0019206,-3.2883e-22,-8.1386,-6.4762,0
7.8861e-05,0.051238,-0.0021709,-8.2174e-23,-7.8727,-6.2585,0
7.8953e-05,0.051242,-0.0024526,-4.529e-23,-7.6068,-6.0408,0
7.9538e-05,0.05124,-0.0027572,-1.0354e-22,-7.3408,-5.8232,0
8.0553e-05,0.051207,-0.0030981,-7.3285e-24,-7.0749,-5.6055,0
8.2216e-05,0.05117,-0.0034724,3.853e-23,-6.809,-5.3878,0
8.3724e-05,0.051078,-0.0038851,-1.4317e-23,-6.5431,-5.1701,0
8.6358e-05,0.050983,-0.004336,-4.6247e-23,-6.2772,-4.9524,0
8.9396e-05,0.050856,-0.0048591,1.467e-23,-6.0113,-4.7347,0
9.419e-05,0.050719,-0.0054286,-2.2248e-22,-5.7454,-4.517,0
9.8599e-05,0.050559,-0.0061005,6.4102e-23,-5.4794,-4.2994,0
0.00010512,0.050375,-0.0068383,-6.8352e-23,-5.2135,-4.0817,0
0.00011058,0.050126,-0.0077184,-3.0909e-22,-4.9476,-3.864,0
0.00011922,0.0498,-0.0086784,-4.0086e-23,-4.6817,-3.6463,0
0.00012456,0.049398,-0.0098663,-9.9708e-25,-4.4158,-3.4286,0
0.00013556,0.048948,-0.011202,1.0775e-22,-4.1499,-3.2109,0
0.00013841,0.048457,-0.012939,3.5156e-22,-3.8839,-2.9933,0
0.00015062,0.04776,-0.014871,-1.5259e-22,-3.618,-2.7756,0
0.00014036,0.046888,-0.01752,-1.1498e-22,-3.3521,-2.5579,0
0.00014852,0.045756,-0.020518,4.878e-22,-3.0862,-2.3402,0
9.4837e-05,0.044384,-0.024966,3.6983e-22,-2.8203,-2.1225,0
6.6842e-05,0.04227,-0.029976,-4.2156e-22,-2.5544,-1.9048,0
-0.00012185,0.039642,-0.037759,1.8021e-21,-2.2885,-1.6871,0
-0.00037517,0,0,0,-2.0225,-1.4695,0
0.00010099,0.050912,-0.0010494,1.2228e-22,-9.7366,-7.1343,0
0.00010002,0.050929,-0.0011874,-1.3112e-23,-9.4731,-6.9352,0
9.8538e-05,0.050949,-0.0013462,1.452e-23,-9.2097,-6.7362,0
9.7808e-05,0.050963,-0.001516,-7.1793e-23,-8.9462,-6.5371,0
9.7113e-05,0.050972,-0.0017084,1.1186e-22,-8.6828,-6.338,0
9.7073e-05,0.050976,-0.001917,8.1579e-23,-8.4193,-6.139,0
9.7447e-05,0.050965,-0.002152,-4.5716e-23,-8.1559,-5.9399,0
9.8286e-05,0.050945,-0.0024041,1.6944e-22,-7.8924,-5.7409,0
9.9629e-05,0.050903,-0.0026839,2.178e-23,-7.629,-5.5418,0
0.00010149,0.050843,-0.0029808,-1.1512e-22,-7.3656,-5.3428,0
0.00010404,0.050757,-0.0033153,3.2266e-23,-7.1021,-5.1437,0
0.00010719,0.050656,-0.0036739,2.2719e-23,-6.8387,-4.9446,0
0.00011109,0.05052,-0.0040812,9.3698e-24,-6.5752,-4.7456,0
0.00011612,0.050395,-0.0045357,1.6452e-22,-6.3118,-4.5465,0
0.00012171,0.050229,-0.0050568,2.4042e-22,-6.0483,-4.3475,0
0.00012881,0.050055,-0.005628,2.7228e-22,-5.7849,-4.1484,0
0.00013603,0.049835,-0.0062938,3.3655e-22,-5.5215,-3.9493,0
0.00014564,0.049562,-0.0070179,2.8348e-22,-5.258,-3.7503,0
0.00015513,0.049205,-0.0078772,3.6541e-22,-4.9946,-3.5512,0
0.00016783,0.048786,-0.0088263,2.7102e-22,-4.7311,-3.3522,0
0.000179,0.048304,-0.010006,3.0175e-22,-4.4677,-3.1531,0
0.00019508,0.04774,-0.011324,8.0327e-22,-4.2042,-2.9541,0
0.00020602,0.047045,-0.013009,4.3139e-22,-3.9408,-2.755,0
0.00022538,0.04611,-0.014885,6.4041e-22,-3.6773,-2.5559,0
0.00022874,0.045003,-0.017454,7.4579e-22,-3.4139,-2.3569,0
0.00024753,0.043561,-0.020346,-8.4792e-22,-3.1505,-2.1578,0
0.00021701,0.041767,-0.024597,-5.4194e-23,-2.887,-1.9588,0
0.00021001,0.039137,-0.02936,-4.6172e-22,-2.6236,-1.7597,0
6.9945e-05,0.035778,-0.036602,-1.1523e-21,-2.3601,-1.5607,0
-0.00013027,0,0,0,-2.0967,-1.3616,0
0.00011247,0.050703,-0.0012271,-1.4225e-22,-9.7388,-6.4861,0
0.00011263,0.050696,-0.0013649,-1.4434e-22,-9.4777,-6.3056,0
0.00011236,0.050689,-0.0015242,1.4707e-23,-9.2165,-6.125,0
0.00011292,0.050672,-0.0016938,-2.7487e-24,-8.9553,-5.9444,0
0.00011352,0.050646,-0.001886,1.7568e-23,-8.6942,-5.7639,0
0.00011481,0.050612,-0.0020915,-6.9456e-23,-8.433,-5.5833,0
0.00011641,0.05056,-0.0023188,-1.179e-24,-8.1718,-5.4028,0
0.00011869,0.050499,-0.0025616,1.6888e-22,-7.9107,-5.2222,0
0.00012149,0.050415,-0.0028309,3.7823e-22,-7.6495,-5.0417,0
0.00012508,0.050323,-0.0031208,4.5021e-22,-7.3884,-4.8611,0
0.00012931,0.05021,-0.0034496,1.2348e-22,-7.1272,-4.6806,0
0.00013442,0.050089,-0.0038056,-3.5817e-24,-6.866,-4.5,0
0.00014072,0.049946,-0.0042157,2.1466e-22,-6.6049,-4.3194,0
0.00014817,0.049793,-0.0046647,2.0315e-22,-6.3437,-4.1389,0
0.00015625,0.049583,-0.0051708,4.5377e-22,-6.0825,-3.9583,0
0.00016601,0.049354,-0.0057298,9.26e-22,-5.8214,-3.7778,0
0.00017659,0.04904,-0.0063723,7.2523e-22,-5.5602,-3.5972,0
0.0001895,0.048673,-0.0070725,6.3532e-22,-5.299,-3.4167,0
0.00020302,0.048228,-0.0079121,5.9142e-22,-5.0379,-3.2361,0
0.00022017,0.047737,-0.0088476,2.6126e-22,-4.7767,-3.0556,0
0.00023686,0.047141,-0.0099906,1.2201e-21,-4.5155,-2.875,0
0.00025878,0.046441,-0.011271,8.014e-22,-4.2544,-2.6944,0
0.00027791,0.04556,-0.012897,-1.2816e-21,-3.9932,-2.5139,0
0.00030509,0.044448,-0.014711,-6.1171e-22,-3.7321,-2.3333,0
0.00032142,0.043108,-0.017168,-3.3406e-24,-3.4709,-2.1528,0
0.00035124,0.041366,-0.019929,-3.7227e-22,-3.2097,-1.9722,0
0.00034378,0.03916,-0.023932,-1.238e-22,-2.9486,-1.7917,0
0.00035682,0.035956,-0.028398,-1.1842e-21,-2.6874,-1.6111,0
0.00025966,0.03189,-0.03504,-1.2648e-21,-2.4262,-1.4306,0
0.00010564,0,0,0,-2.1651,-1.25,0
0.00012634,0.050446,-0.0013698,-2.6436e-22,-9.7409,-5.8378,0
0.00012765,0.050417,-0.0015053,-1.3361e-22,-9.4818,-5.6757,0
0.00012858,0.050388,-0.0016635,1.9335e-23,-9.2228,-5.5135,0
0.00013039,0.050349,-0.0018303,-8.5913e-24,-8.9637,-5.3513,0
0.00013233,0.0503,-0.0020191,-3.1187e-22,-8.7046,-5.1892,0
0.00013502,0.050243,-0.002219,-2.1114e-22,-8.4455,-5.027,0
0.0001381,0.050169,-0.002441,1.1631e-22,-8.1864,-4.8648,0
0.00014197,0.050086,-0.0026773,-1.7116e-22,-7.9273,-4.7027,0
0.0001464,0.049982,-0.0029418,-2.1234e-22,-7.6683,-4.5405,0
0.00015174,0.049869,-0.0032265,-2.5641e-22,-7.4092,-4.3783,0
0.00015781,0.049729,-0.0035491,-3.9246e-22,-7.1501,-4.2162,0
0.000165,0.049571,-0.003897,4.4908e-24,-6.891,-4.054,0
0.00017321,0.049377,-0.0042943,1.2586e-22,-6.6319,-3.8918,0
0.00018269,0.049148,-0.0047189,-2.5469e-22,-6.3728,-3.7297,0
0.0001936,0.048861,-0.0052055,-4.3166e-22,-6.1138,-3.5675,0
0.00020614,0.04854,-0.005738,7.9693e-23,-5.8547,-3.4053,0
0.00022026,0.048134,-0.0063485,-8.7215e-23,-5.5956,-3.2432,0
0.00023679,0.047701,-0.0070312,-2.8265e-22,-5.3365,-3.081,0
0.00025452,0.047188,-0.0078461,-1.0898e-21,-5.0774,-2.9188,0
0.00027604,0.046607,-0.0087468,-1.0875e-21,-4.8183,-2.7567,0
0.0002982,0.0459,-0.0098473,-9.6306e-22,-4.5593,-2.5945,0
0.00032604,0.045059,-0.011072,-1.2798e-21,-4.3002,-2.4323,0
0.00035296,0.043985,-0.012605,-3.2554e-22,-4.0411,-2.2701,0
0.00038799,0.042664,-0.014319,-6.667e-22,-3.782,-2.108,0
0.0004163,0.04109,-0.016632,-7.2232e-22,-3.5229,-1.9458,0
0.00045671,0.039038,-0.019206,9.8878e-22,-3.2638,-1.7836,0
0.00046988,0.036431,-0.022888,2.2281e-22,-3.0048,-1.6215,0
0.00049921,0.03281,-0.027016,-1.5378e-21,-2.7457,-1.4593,0
0.0004414,0.02821,-0.033023,-1.1072e-21,-2.4866,-1.2971,0
0.00032943,0,0,0,-2.2275,-1.135,0
0.00014171,0.050162,-0.0014603,1.2806e-22,-9.7428,-5.1895,0
0.00014411,0.050112,-0.00159,1.6428e-22,-9.4856,-5.0456,0
0.00014622,0.050063,-0.0017435,1.9332e-23,-9.2284,-4.9017,0
0.00014924,0.05,-0.0019038,-1.2286e-23,-8.9712,-4.7578,0
0.00015247,0.049925,-0.0020844,1.7059e-22,-8.714,-4.6139,0
0.00015649,0.049838,-0.0022742,2.5375e-22,-8.4568,-4.47,0
0.00016099,0.049731,-0.0024846,0,-8.1996,-4.3262,0
0.00016634,0.049614,-0.0027088,-2.6535e-22,-7.9424,-4.1823,0
0.00017236,0.04947,-0.0029595,-3.9321e-22,-7.6852,-4.0384,0
0.00017945,0.049313,-0.0032297,-2.0692e-22,-7.428,-3.8945,0
0.00018737,0.049121,-0.0035341,-4.6682e-22,-7.1708,-3.7506,0
0.00019666,0.048909,-0.0038622,-3.3125e-22,-6.9135,-3.6067,0
0.00020701,0.048653,-0.0042352,-1.4513e-22,-6.6563,-3.4629,0
0.00021905,0.048366,-0.0046361,-4.2256e-22,-6.3991,-3.319,0
0.00023251,0.048032,-0.0051005,-8.88e-22,-6.1419,-3.1751,0
0.00024782,0.04766,-0.0056038,-1.1938e-21,-5.8847,-3.0312,0
0.00026515,0.047222,-0.0061917,-8.1197e-22,-5.6275,-2.8873,0
0.00028525,0.046751,-0.0068487,-1.0592e-21,-5.3703,-2.7434,0
0.00030734,0.046158,-0.007616,-2.6154e-22,-5.1131,-2.5996,0
0.00033332,0.04549,-0.0084685,-3.2223e-22,-4.8559,-2.4557,0
0.00036121,0.04464,-0.0094983,-1.3261e-21,-4.5987,-2.3118,0
0.00039493,0.043632,-0.010633,-7.105e-22,-4.3415,-2.1679,0
0.00042926,0.042369,-0.012057,1.0461e-21,-4.0843,-2.024,0
0.00047238,0.040904,-0.013678,7.574e-22,-3.8271,-1.8801,0
0.00051178,0.039127,-0.015815,6.6262e-23,-3.5699,-1.7363,0
0.00056298,0.036789,-0.018178,-3.4731e-23,-3.3127,-1.5924,0
0.00059558,0.033864,-0.02153,-4.6414e-22,-3.0555,-1.4485,0
0.00064079,0.029791,-0.025275,1.9624e-21,-2.7983,-1.3046,0
0.00061682,0.024626,-0.030573,1.9977e-21,-2.5411,-1.1607,0
0.00053972,0,0,0,-2.2839,-1.0168,0
0.00015856,0.049852,-0.0014956,1.7049e-22,-9.7445,-4.541,0
0.00016204,0.049781,-0.0016176,2.6588e-22,-9.4889,-4.4153,0
0.00016535,0.049709,-0.0017627,1.0714e-22,-9.2334,-4.2896,0
0.00016956,0.049619,-0.00191,-4.091e-23,-8.9779,-4.1639,0
0.00017408,0.049518,-0.0020777,2.0954e-22,-8.7223,-4.0382,0
0.00017943,0.049401,-0.0022524,1.79e-22,-8.4668,-3.9125,0
0.0001854,0.049267,-0.0024507,0,-8.2113,-3.7868,0
0.00019225,0.04912,-0.0026608,1.8726e-22,-7.9557,-3.6611,0
0.00019996,0.048945,-0.0028981,2.8467e-22,-7.7002,-3.5354,0
0.00020876,0.048757,-0.0031524,3.1489e-22,-7.4447,-3.4098,0
0.00021861,0.048531,-0.0034382,-7.1396e-23,-7.1891,-3.2841,0
0.00022988,0.048287,-0.0037465,-3.522e-22,-6.9336,-3.1584,0
0.0002424,0.047995,-0.0040947,-4.4399e-23,-6.678,-3.0327,0
0.00025683,0.047676,-0.0044728,4.3451e-22,-6.4225,-2.907,0
0.00027277,0.047299,-0.0049066,-1.887e-22,-6.167,-2.7813,0
0.00029118,0.046875,-0.0053761,-1.6498e-22,-5.9114,-2.6556,0
0.00031163,0.046374,-0.0059288,1.5619e-22,-5.6559,-2.5299,0
0.00033518,0.045797,-0.0065254,2.338e-22,-5.4004,-2.4042,0
0.00036158,0.045089,-0.0072325,1.0069e-21,-5.1448,-2.2785,0
0.00039194,0.044279,-0.008009,5.2994e-22,-4.8893,-2.1528,0
0.00042542,0.043275,-0.0089443,3.1282e-22,-4.6338,-2.0271,0
0.00046475,0.042132,-0.0099879,2.636e-22,-4.3782,-1.9015,0
0.00050607,0.040754,-0.011304,6.9797e-23,-4.1227,-1.7758,0
0.00055642,0.039157,-0.012797,1.8632e-22,-3.8672,-1.6501,0
0.00060533,0.037133,-0.014708,-7.0445e-22,-3.6116,-1.5244,0
0.0006665,0.034487,-0.016828,-1.3991e-21,-3.3561,-1.3987,0
0.00071507,0.031244,-0.019755,-3.8561e-22,-3.1006,-1.273,0
0.0007721,0.026818,-0.023096,2.8087e-21,-2.845,-1.1473,0
0.00077636,0.02135,-0.027725,1.9482e-21,-2.5895,-1.0216,0
0.00072808,0,0,0,-2.334,-0.89592,0
0.00017588,0.04953,-0.0014614,6.2222e-24,-9.7459,-3.8924,0
0.00018037,0.049437,-0.0015714,1.3611e-22,-9.4918,-3.7848,0
0.00018478,0.049343,-0.0017013,2.3026e-22,-9.2378,-3.6773,0
0.0001901,0.049228,-0.0018332,9.1778e-23,-8.9837,-3.5697,0
0.00019583,0.049105,-0.0019865,-2.299e-22,-8.7296,-3.4621,0
0.00020246,0.048962,-0.0021456,-2.2106e-22,-8.4755,-3.3545,0
0.00020977,0.048805,-0.0023281,-1.6177e-22,-8.2214,-3.2469,0
0.00021808,0.048627,-0.0025175,2.8531e-22,-7.9674,-3.1393,0
0.00022732,0.048424,-0.0027334,4.4507e-22,-7.7133,-3.0318,0
0.00023777,0.048199,-0.0029611,2.9902e-23,-7.4592,-2.9242,0
0.00024943,0.047935,-0.0032191,3.0538e-22,-7.2051,-2.8166,0
0.00026261,0.047646,-0.0034955,3.4366e-22,-6.9511,-2.709,0
0.00027731,0.047304,-0.003809,6.8432e-22,-6.697,-2.6014,0
0.00029398,0.04693,-0.0041499,8.2659e-23,-6.4429,-2.4939,0
0.00031252,0.046482,-0.0045381,1.016e-23,-6.1888,-2.3863,0
0.00033372,0.045988,-0.0049616,6.8659e-22,-5.9347,-2.2787,0
0.0003572,0.045398,-0.0054522,8.2079e-22,-5.6807,-2.1711,0
0.00038428,0.044733,-0.0059869,8.8396e-22,-5.4266,-2.0635,0
0.00041427,0.043944,-0.0066199,4.3177e-23,-5.1725,-1.9559,0
0.0004487,0.043051,-0.0073144,-3.7028e-24,-4.9184,-1.8484,0
0.00048684,0.041986,-0.0081592,-5.1807e-22,-4.6643,-1.7408,0
0.00053139,0.040782,-0.0091086,-8.1868e-22,-4.4103,-1.6332,0
0.00057956,0.039297,-0.010283,0,-4.1562,-1.5256,0
0.00063671,0.037528,-0.011604,2.333e-22,-3.9021,-1.418,0
0.00069518,0.035227,-0.013243,1.6531e-21,-3.648,-1.3105,0
0.00076509,0.032343,-0.015121,8.08e-22,-3.394,-1.2029,0
0.0008278,0.028939,-0.017665,1.9773e-21,-3.1399,-1.0953,0
0.00089653,0.024255,-0.02057,2.7092e-21,-2.8858,-0.98771,0
0.00092474,0.018366,-0.024465,2.2119e-21,-2.6317,-0.88012,0
0.00090108,0,0,0,-2.3776,-0.77254,0
0.00019328,0.049205,-0.0013491,1.1748e-22,-9.7472,-3.2438,0
0.00019864,0.049094,-0.001445,-1.1577e-22,-9.4943,-3.1542,0
0.00020408,0.048979,-0.00156,-2.468e-22,-9.2415,-3.0647,0
0.00021046,0.048844,-0.001678,-2.3494e-23,-8.9886,-2.9752,0
0.00021734,0.0487,-0.001813,-6.633e-25,-8.7358,-2.8856,0
0.00022518,0.048532,-0.0019526,-3.9998e-23,-8.483,-2.7961,0
0.00023377,0.04835,-0.0021124,1.8193e-22,-8.2301,-2.7065,0
0.00024347,0.04814,-0.0022765,2.7733e-22,-7.9773,-2.617,0
0.00025417,0.04791,-0.0024648,-6.8016e-23,-7.7244,-2.5274,0
0.00026622,0.047646,-0.0026631,4.9569e-24,-7.4716,-2.4379,0
0.00027954,0.047353,-0.0028891,4.5429e-22,-7.2188,-2.3484,0
0.00029458,0.04702,-0.0031303,7.0093e-22,-6.9659,-2.2588,0
0.00031122,0.046645,-0.0034056,6.4983e-22,-6.7131,-2.1693,0
0.00033004,0.046222,-0.0037024,-2.6502e-23,-6.4602,-2.0797,0
0.00035092,0.045735,-0.0040427,-1.3996e-23,-6.2074,-1.9902,0
0.00037465,0.04519,-0.0044122,1.5532e-22,-5.9546,-1.9006,0
0.000401,0.044553,-0.0048405,-3.6905e-22,-5.7017,-1.8111,0
0.00043111,0.043836,-0.0053097,5.5585e-22,-5.4489,-1.7216,0
0.00046453,0.042994,-0.0058618,8.9175e-22,-5.196,-1.632,0
0.00050296,0.042027,-0.00647,9.5436e-22,-4.9432,-1.5425,0
0.00054555,0.040881,-0.0072064,1.5346e-21,-4.6904,-1.4529,0
0.00059487,0.039528,-0.0080168,1.1162e-21,-4.4375,-1.3634,0
0.00064907,0.037866,-0.0090117,2.3241e-22,-4.1847,-1.2738,0
0.00071195,0.035866,-0.010112,3.5026e-22,-3.9319,-1.1843,0
0.00077867,0.033345,-0.011476,-7.1103e-22,-3.679,-1.0948,0
0.00085549,0.030393,-0.013131,-1.5991e-21,-3.4262,-1.0052,0
0.00092853,0.026792,-0.015232,-3.1239e-22,-3.1733,-0.91568,0
0.0010052,0.021769,-0.017623,2.7301e-23,-2.9205,-0.82613,0
0.0010514,0.015689,-0.020854,-5.8745e-22,-2.6677,-0.73659,0
0.0010466,0,0,0,-2.4148,-0.64705,0
0.0002094,0.048906,-0.0011629,-4.4078e-24,-9.7482,-2.5951,0
0.00021548,0.048782,-0.0012442,-1.5379e-22,-9.4964,-2.5235,0
0.00022183,0.048647,-0.0013392,-2.373e-22,-9.2445,-2.452,0
0.00022914,0.048497,-0.0014367,-1.3994e-22,-8.9927,-2.3804,0
0.00023702,0.048329,-0.0015468,-2.0302e-23,-8.7409,-2.3089,0
0.0002459,0.048142,-0.0016613,-3.8124e-24,-8.4891,-2.2373,0
0.00025563,0.047935,-0.0017923,1.2878e-22,-8.2373,-2.1657,0
0.00026651,0.047702,-0.0019283,-1.2908e-22,-7.9854,-2.0942,0
0.0002785,0.047444,-0.0020839,-8.7302e-23,-7.7336,-2.0226,0
0.00029191,0.047153,-0.0022477,-5.8981e-24,-7.4818,-1.951,0
0.00030672,0.046829,-0.0024339,6.17e-24,-7.23,-1.8795,0
0.00032334,0.046462,-0.0026331,-1.1443e-22,-6.9781,-1.8079,0
0.00034171,0.046051,-0.00286,-3.4547e-22,-6.7263,-1.7363,0
0.00036244,0.045585,-0.003104,2.0523e-22,-6.4745,-1.6648,0
0.00038536,0.045055,-0.0033842,1.2127e-22,-6.2227,-1.5932,0
0.00041136,0.044456,-0.0036884,-1.9253e-22,-5.9709,-1.5217,0
0.00044017,0.043763,-0.0040394,-4.2687e-22,-5.719,-1.4501,0
0.000473,0.042976,-0.0044257,-7.1393e-22,-5.4672,-1.3785,0
0.00050946,0.042054,-0.0048746,-5.8611e-22,-5.2154,-1.307,0
0.00055118,0.040991,-0.0053735,-6.5379e-22,-4.9636,-1.2354,0
0.00059747,0.039736,-0.0059643,9.8623e-22,-4.7118,-1.1638,0
0.00065075,0.038253,-0.0066195,2.0464e-21,-4.4599,-1.0923,0
0.00070932,0.036497,-0.0074215,1.21e-21,-4.2081,-1.0207,0
0.00077669,0.034388,-0.0083077,7.2881e-22,-3.9563,-0.94916,0
0.00084914,0.031878,-0.0094528,-1.4624e-21,-3.7045,-0.87759,0
0.00093217,0.02889,-0.010842,-1.7153e-21,-3.4527,-0.80603,0
0.0010152,0.024969,-0.012451,-3.7706e-21,-3.2008,-0.73447,0
0.0010999,0.019801,-0.014392,-5.7338e-21,-2.949,-0.66291,0
0.0011616,0.013571,-0.016926,-4.6615e-21,-2.6972,-0.59134,0
0.001172,0,0,0,-2.4454,-0.51978,0
0.00022349,0.04865,-0.00090647,-6.1629e-23,-9.749,-1.9464,0
0.00023021,0.048511,-0.00096827,9.111e-23,-9.4979,-1.8927,0
0.00023737,0.048361,-0.0010394,2.2309e-22,-9.2469,-1.8391,0
0.00024543,0.048193,-0.0011126,8.8886e-23,-8.9959,-1.7855,0
0.00025418,0.048008,-0.0011968,7.4901e-23,-8.7449,-1.7318,0
0.00026395,0.047804,-0.0012844,1.0349e-22,-8.4938,-1.6782,0
0.00027463,0.047576,-0.0013832,-1.5172e-22,-8.2428,-1.6246,0
0.00028653,0.047323,-0.001487,-2.1644e-22,-7.9918,-1.571,0
0.0002996,0.047041,-0.0016049,-6.0821e-23,-7.7408,-1.5173,0
0.00031417,0.046726,-0.0017289,-1.2277e-22,-7.4897,-1.4637,0
0.00033023,0.046375,-0.0018708,-3.8634e-22,-7.2387,-1.4101,0
0.00034819,0.04598,-0.0020211,-3.6172e-22,-6.9877,-1.3564,0
0.00036802,0.045537,-0.002196,-5.1214e-22,-6.7367,-1.3028,0
0.00039029,0.045038,-0.0023799,4.3032e-24,-6.4856,-1.2492,0
0.00041493,0.044471,-0.0025962,-2.9644e-22,-6.2346,-1.1955,0
0.00044274,0.043832,-0.0028258,-5.7821e-22,-5.9836,-1.1419,0
0.00047359,0.043095,-0.0030959,-4.1759e-22,-5.7326,-1.0883,0
0.00050858,0.042263,-0.0033894,-9.4362e-22,-5.4815,-1.0347,0
0.00054746,0.041287,-0.003733,-1.0738e-21,-5.2305,-0.98102,0
0.00059179,0.040179,-0.0041138,-1.087e-21,-4.9795,-0.92739,0
0.00064109,0.038864,-0.0045631,-1.9987e-21,-4.7285,-0.87376,0
0.00069746,0.037342,-0.0050703,-1.4462e-21,-4.4774,-0.82013,0
0.00075993,0.03553,-0.0056809,-2.8543e-22,-4.2264,-0.7665,0
0.00083131,0.033362,-0.0063787,-1.1545e-21,-3.9754,-0.71287,0
0.00090905,0.030768,-0.0072555,8.4822e-22,-3.7244,-0.65924,0
0.00099647,0.027489,-0.0082468,1.5637e-21,-3.4733,-0.60561,0
0.0010868,0.023276,-0.0093721,-2.1449e-21,-3.2223,-0.55198,0
0.0011771,0.018,-0.010869,-8.2472e-22,-2.9713,-0.49835,0
0.001247,0.011761,-0.012708,1.9549e-21,-2.7202,-0.44472,0
0.0012664,0,0,0,-2.4692,-0.39109,0
0.00023434,0.048457,-0.00058772,4.0306e-23,-9.7495,-1.2976,0
0.00024151,0.048308,-0.00062702,3.9733e-23,-9.4991,-1.2619,0
0.00024926,0.048146,-0.0006737,4.5537e-23,-9.2486,-1.2261,0
0.00025787,0.047967,-0.00071973,3.5622e-23,-8.9982,-1.1904,0
0.00026725,0.047769,-0.00077404,5.1959e-23,-8.7477,-1.1547,0
0.00027765,0.04755,-0.00082998,3.2898e-23,-8.4973,-1.1189,0
0.00028903,0.047308,-0.00089301,1.1216e-22,-8.2468,-1.0832,0
0.00030164,0.04704,-0.00095971,1.0843e-22,-7.9963,-1.0475,0
0.00031551,0.046741,-0.0010362,-1.4599e-22,-7.7459,-1.0117,0
0.00033091,0.046409,-0.0011165,5.6483e-23,-7.4954,-0.976,0
0.00034787,0.046038,-0.0012096,7.8405e-24,-7.245,-0.94026,0
0.00036679,0.045623,-0.0013067,-2.5123e-23,-6.9945,-0.90453,0
0.00038767,0.045158,-0.0014225,3.6862e-22,-6.7441,-0.86879,0
0.00041107,0.044633,-0.0015413,2.858e-22,-6.4936,-0.83306,0
0.00043695,0.044041,-0.0016851,3.1522e-22,-6.2432,-0.79733,0
0.0004661,0.04337,-0.0018344,4.5718e-25,-5.9927,-0.76159,0
0.00049841,0.042604,-0.0020142,-1.9197e-22,-5.7422,-0.72586,0
0.000535,0.041731,-0.0022055,5.1309e-22,-5.4918,-0.69013,0
0.00057565,0.040721,-0.0024332,6.4312e-22,-5.2413,-0.65439,0
0.0006219,0.03956,-0.0026846,7.2302e-22,-4.9909,-0.61866,0
0.00067334,0.038195,-0.0029794,-2.5506e-22,-4.7404,-0.58292,0
0.00073204,0.036609,-0.0033151,-1.2441e-21,-4.49,-0.54719,0
0.00079713,0.034708,-0.0037101,-1.2659e-21,-4.2395,-0.51146,0
0.00087115,0.032453,-0.0041638,-3.7131e-22,-3.989,-0.47572,0
0.00095206,0.029693,-0.0047074,-6.9162e-23,-3.7386,-0.43999,0
0.001042,0.026306,-0.0053198,-2.5055e-22,-3.4881,-0.40426,0
0.0011349,0.022117,-0.0060489,1.7395e-21,-3.2377,-0.36852,0
0.0012292,0.017135,-0.0072619,5.2607e-21,-2.9872,-0.33279,0
0.0013085,0.010787,-0.0083945,3.7156e-21,-2.7368,-0.29705,0
0.0013354,0,0,0,-2.4863,-0.26132,0
0.00024138,0.048338,-0.00022486,-8.2734e-23,-9.7499,-0.64881,0
0.00024882,0.048184,-0.0002399,-7.5183e-23,-9.4998,-0.63094,0
0.00025695,0.048014,-0.0002584,-8.807e-23,-9.2497,-0.61308,0
0.0002659,0.047827,-0.00027586,-9.3989e-23,-8.9995,-0.59522,0
0.00027568,0.047621,-0.00029812,-1.0572e-22,-8.7494,-0.57736,0
0.00028646,0.047393,-0.0003205,-1.2737e-22,-8.4993,-0.5595,0
0.00029829,0.047142,-0.00034701,-6.9112e-24,-8.2492,-0.54164,0
0.00031136,0.046863,-0.0003742,2.7352e-23,-7.9991,-0.52378,0
0.00032572,0.046555,-0.00040671,2.2539e-23,-7.749,-0.50592,0
0.00034164,0.046209,-0.00044092,1.8026e-22,-7.4989,-0.48806,0
0.00035918,0.045829,-0.00048056,1.3393e-22,-7.2487,-0.4702,0
0.00037868,0.045397,-0.00052297,-5.7887e-23,-6.9986,-0.45234,0
0.00040024,0.044921,-0.00057428,2.142e-22,-6.7485,-0.43448,0
0.0004243,0.044375,-0.00062643,2.349e-22,-6.4984,-0.41661,0
0.00045097,0.043773,-0.00069181,3.3731e-22,-6.2483,-0.39875,0
0.00048089,0.043072,-0.0007586,3.5869e-22,-5.9982,-0.38089,0
0.00051412,0.042299,-0.00084173,2.204e-22,-5.7481,-0.36303,0
0.00055163,0.041386,-0.00092946,2.3616e-22,-5.4979,-0.34517,0
0.00059334,0.04037,-0.0010343,7.65e-23,-5.2478,-0.32731,0
0.00064067,0.039162,-0.0011514,4.9674e-22,-4.9977,-0.30945,0
0.00069335,0.037789,-0.0012885,1.1329e-21,-4.7476,-0.29159,0
0.00075331,0.036147,-0.0014449,6.122e-22,-4.4975,-0.27373,0
0.00081988,0.034236,-0.0016309,7.7706e-23,-4.2474,-0.25587,0
0.00089537,0.031928,-0.0018428,1.2073e-21,-3.9973,-0.23801,0
0.00097809,0.029172,-0.0021049,7.5392e-22,-3.7471,-0.22014,0
0.0010698,0.025794,-0.0024161,-8.941e-23,-3.497,-0.20228,0
0.0011655,0.021672,-0.0028301,2.5832e-21,-3.2469,-0.18442,0
0.0012622,0.01653,-0.0034764,2.7737e-21,-2.9968,-0.16656,0
0.0013433,0.0094609,-0.0036476,4.1753e-22,-2.7467,-0.1487,0
0.0013722,0,0,0,-2.4966,-0.13084,0
0.0002438,0.048312,0.00016079,-8.5306e-23,-9.75,7.4015e-18,0
0.00025131,0.048155,0.00017138,-8.4606e-23,-9.5,1.4803e-17,0
0.00025953,0.047984,0.00018214,-9.061e-23,-9.25,2.2204e-17,0
0.00026857,0.047793,0.0001931,-8.9678e-23,-9,2.9606e-17,0
0.00027844,0.047587,0.0002053,-1.0737e-22,-8.75,3.7007e-17,0
0.00028932,0.047354,0.00021681,-1.2557e-22,-8.5,4.4409e-17,0
0.00030126,0.047103,0.00022978,-2.3201e-23,-8.25,1.9984e-16,0
0.00031442,0.046818,0.00024228,-9.6958e-24,-8,5.9212e-17,0
0.00032892,0.04651,0.0002566,1.3896e-23,-7.75,6.6613e-17,0
0.00034497,0.046159,0.00026954,2.9855e-23,-7.5,7.4015e-17,0
0.00036264,0.045776,0.0002853,-5.8446e-25,-7.25,8.1416e-17,0
0.00038232,0.04534,0.00029902,-2.473e-23,-7,8.8818e-17,0
0.000404,0.044859,0.00031509,7.7468e-25,-6.75,9.6219e-17,0
0.00042825,0.04431,0.00033016,3.0607e-23,-6.5,1.0362e-16,0
0.00045509,0.043702,0.00034799,-1.077e-24,-6.25,1.1102e-16,0
0.00048522,0.042998,0.00036298,2.5417e-23,-6,1.1842e-16,0
0.00051865,0.042218,0.00038298,9.529e-23,-5.75,1.2583e-16,0
0.00055641,0.041301,0.00039922,-5.3557e-23,-5.5,1.3323e-16,0
0.00059836,0.040276,0.00042002,-3.8909e-23,-5.25,6.6613e-17,0
0.00064598,0.039061,0.00044084,-4.5793e-23,-5,7.4015e-17,0
0.00069897,0.037681,0.00046691,-6.7951e-23,-4.75,1.5543e-16,0
0.00075926,0.036029,0.00049223,-1.4038e-23,-4.5,1.6283e-16,0
0.0008262,0.034116,0.00052558,7.8246e-23,-4.25,1.7023e-16,0
0.00090209,0.031787,0.00055575,1.3988e-22,-4,1.7764e-16,0
0.00098539,0.029034,0.00059908,-2.1241e-22,-3.75,1.4803e-16,0
0.0010777,0.025586,0.00063956,-3.7948e-22,-3.5,1.9244e-16,0
0.0011747,0.021398,0.00070726,2.3627e-22,-3.25,1.9984e-16,0
0.0012718,0.015871,0.00073916,6.996e-23,-3,1.7023e-16,0
0.0013508,0.008498,0.00077551,2.4562e-23,-2.75,2.1464e-16,0
0.0013781,0,0,0,-2.5,2.2204e-16,0
0.0002417,0.048376,0.00054504,-8.0528e-23,-9.7499,0.64881,0
0.00024911,0.048219,0.00058066,-8.1298e-23,-9.4998,0.63094,0
0.00025716,0.048052,0.00062069,-9.1091e-23,-9.2497,0.61308,0
0.00026606,0.047863,0.0006612,-8.8895e-23,-8.9995,0.59522,0
0.00027577,0.04766,0.0007067,-1.0269e-22,-8.7494,0.57736,0
0.00028649,0.047429,0.00075292,-9.8646e-23,-8.4993,0.5595,0
0.00029825,0.047182,0.00080418,-1.6648e-23,-8.2492,0.54164,0
0.00031121,0.046899,0.00085808,-3.6822e-23,-7.9991,0.52378,0
0.00032551,0.046595,0.00091663,-8.5208e-24,-7.749,0.50592,0
0.00034133,0.046247,0.00097996,1.6279e-22,-7.4989,0.48806,0
0.00035877,0.045868,0.0010473,1.7285e-22,-7.2487,0.4702,0
0.00037817,0.045436,0.0011208,3.2667e-23,-6.9986,0.45234,0
0.0003996,0.044961,0.0012012,2.1069e-22,-6.7485,0.43448,0
0.00042348,0.044416,0.0012866,2.1323e-22,-6.4984,0.41661,0
0.00045004,0.043812,0.0013835,1.9305e-22,-6.2483,0.39875,0
0.0004798,0.043118,0.0014832,2.6807e-22,-5.9982,0.38089,0
0.00051283,0.042338,0.0016041,5.474e-22,-5.7481,0.36303,0
0.00055014,0.04144,0.0017279,2.9932e-22,-5.4979,0.34517,0
0.00059157,0.040412,0.0018741,-1.1433e-22,-5.2478,0.32731,0
0.00063862,0.039218,0.0020308,5.2274e-22,-4.9977,0.30945,0
0.00069097,0.037835,0.002218,1.0991e-21,-4.7476,0.29159,0
0.00075055,0.036202,0.0024198,6.0886e-22,-4.4975,0.27373,0
0.00081665,0.034293,0.0026703,0,-4.2474,0.25587,0
0.00089164,0.03199,0.0029412,1.1941e-21,-3.9973,0.23801,0
0.00097366,0.02926,0.0032935,1.0828e-21,-3.7471,0.22014,0
0.0010647,0.025868,0.0036734,-2.5137e-22,-3.497,0.20228,0
0.0011596,0.021793,0.0042184,2.64e-21,-3.2469,0.18442,0
0.0012554,0.016639,0.0049302,2.0565e-21,-2.9968,0.16656,0
0.0013356,0.0096148,0.0053946,-3.6396e-22,-2.7467,0.1487,0
0.0013637,0,0,0,-2.4966,0.13084,0
0.00023508,0.04853,0.00090272,4.0267e-23,-9.7495,1.2976,0
0.00024217,0.04838,0.00096318,3.8508e-23,-9.4991,1.2619,0
0.0002498,0.04822,0.0010311,4.501e-23,-9.2486,1.2261,0
0.00025831,0.048039,0.0011001,4.0783e-23,-8.9982,1.1904,0
0.00026757,0.047845,0.001178,5.1211e-23,-8.7477,1.1547,0
0.00027783,0.047624,0.0012575,6.0806e-23,-8.4973,1.1189,0
0.00028908,0.047386,0.0013463,1.1085e-22,-8.2468,1.0832,0
0.00030154,0.047114,0.0014392,1.0731e-22,-7.9963,1.0475,0
0.00031524,0.046821,0.0015421,-1.5072e-22,-7.7459,1.0117,0
0.00033046,0.046485,0.0016515,-1.5503e-23,-7.4954,0.976,0
0.00034723,0.04612,0.0017712,1.2011e-23,-7.245,0.94026,0
0.00036591,0.0457,0.0019,6.6533e-23,-6.9945,0.90453,0
0.00038657,0.045242,0.0020434,3.641e-22,-6.7441,0.86879,0
0.00040963,0.044713,0.0021974,1.7569e-22,-6.4936,0.83306,0
0.00043528,0.044128,0.0023692,1.782e-22,-6.2432,0.79733,0
0.0004641,0.043454,0.0025557,-1.2107e-23,-5.9927,0.76159,0
0.00049604,0.04269,0.0027654,2.9991e-22,-5.7422,0.72586,0
0.00053223,0.04182,0.0029952,7.4497e-22,-5.4918,0.69013,0
0.00057237,0.040815,0.0032658,4.3261e-23,-5.2413,0.65439,0
0.00061807,0.039656,0.0035568,2.8679e-22,-4.9909,0.61866,0
0.00066885,0.038303,0.0039093,2.8544e-22,-4.7404,0.58292,0
0.00072683,0.036704,0.0042828,-9.7718e-22,-4.49,0.54719,0
0.00079101,0.034824,0.0047489,-1.5274e-21,-4.2395,0.51146,0
0.00086413,0.032544,0.005248,-8.5706e-22,-3.989,0.47572,0
0.00094376,0.02982,0.0058938,1.8043e-22,-3.7386,0.43999,0
0.0010325,0.026427,0.0065787,2.7313e-22,-3.4881,0.40426,0
0.0011236,0.022227,0.007447,2.9905e-21,-3.2377,0.36852,0
0.0012162,0.017279,0.0087365,4.4366e-21,-2.9872,0.33279,0
0.0012918,0.01073,0.010052,1.4295e-21,-2.7368,0.29705,0
0.0013154,0,0,0,-2.4863,0.26132,0
0.00022478,0.048757,0.001212,-6.2314e-23,-9.749,1.9464,0
0.00023135,0.048619,0.0012954,9.5597e-23,-9.4979,1.8927,0
0.00023838,0.048471,0.0013895,2.2319e-22,-9.2469,1.8391,0
0.00024629,0.048303,0.0014846,8.8639e-23,-8.9959,1.7855,0
0.00025488,0.04812,0.0015926,1.2083e-22,-8.7449,1.7318,0
0.00026446,0.047916,0.0017027,9.9295e-23,-8.4938,1.6782,0
0.00027496,0.04769,0.0018278,-2.5001e-22,-8.2428,1.6246,0
0.00028662,0.047438,0.001956,-1.497e-22,-7.9918,1.571,0
0.00029947,0.047157,0.002101,2.5401e-23,-7.7408,1.5173,0
0.00031376,0.046846,0.0022533,-1.8769e-22,-7.4897,1.4637,0
0.00032956,0.046494,0.0024245,-3.4381e-22,-7.2387,1.4101,0
0.00034717,0.046103,0.0026053,-2.0012e-22,-6.9877,1.3564,0
0.00036668,0.045659,0.0028073,-5.9314e-22,-6.7367,1.3028,0
0.00038854,0.045165,0.0030263,-2.1576e-22,-6.4856,1.2492,0
0.00041277,0.0446,0.0032698,-2.9032e-22,-6.2346,1.1955,0
0.00044005,0.043965,0.0035398,-7.6204e-22,-5.9836,1.1419,0
0.00047038,0.043232,0.0038396,-2.3165e-22,-5.7326,1.0883,0
0.00050471,0.042395,0.0041671,-8.1706e-22,-5.4815,1.0347,0
0.00054289,0.041433,0.0045525,-1.5878e-21,-5.2305,0.98102,0
0.00058638,0.040317,0.0049679,-1.1346e-21,-4.9795,0.92739,0
0.0006347,0.039032,0.0054774,-1.4744e-21,-4.7285,0.87376,0
0.00069003,0.037506,0.0060241,-1.4257e-21,-4.4774,0.82013,0
0.00075111,0.035716,0.0067072,-2.9458e-22,-4.2264,0.7665,0
0.00082112,0.033554,0.0074519,-1.2944e-21,-3.9754,0.71287,0
0.00089683,0.030945,0.0084098,8.4309e-22,-3.7244,0.65924,0
0.00098255,0.027738,0.0094956,2.0336e-21,-3.4733,0.60561,0
0.0010695,0.023492,0.010727,-1.0247e-21,-3.2223,0.55198,0
0.0011574,0.018321,0.012364,-1.0369e-21,-2.9713,0.49835,0
0.0012229,0.011998,0.014402,-5.57e-22,-2.7202,0.44472,0
0.0012373,0,0,0,-2.4692,0.39109,0
0.00021129,0.049047,0.0014565,8.7807e-24,-9.7482,2.5951,0
0.00021725,0.048925,0.0015604,-1.4223e-22,-9.4964,2.5235,0
0.00022345,0.048791,0.0016768,-2.5745e-22,-9.2445,2.452,0
0.00023059,0.048642,0.0017973,-1.1624e-22,-8.9927,2.3804,0
0.00023828,0.048474,0.00193,2.0511e-23,-8.7409,2.3089,0
0.00024693,0.048292,0.0020696,4.0382e-24,-8.4891,2.2373,0
0.00025642,0.048083,0.0022243,2.3698e-23,-8.2373,2.1657,0
0.00026702,0.047857,0.0023878,-1.7522e-22,-7.9854,2.0942,0
0.00027871,0.047595,0.0025681,-3.3469e-23,-7.7336,2.0226,0
0.00029178,0.047313,0.0027601,-5.5841e-24,-7.4818,1.951,0
0.0003062,0.046984,0.0029751,7.4803e-23,-7.23,1.8795,0
0.00032243,0.046628,0.0032043,4.2103e-23,-6.9781,1.8079,0
0.00034033,0.046211,0.0034603,-4.2235e-22,-6.7263,1.7363,0
0.00036058,0.045753,0.0037334,2.7865e-23,-6.4745,1.6648,0
0.00038303,0.045225,0.0040426,1.1923e-22,-6.2227,1.5932,0
0.00040831,0.044627,0.0043823,-6.4926e-22,-5.9709,1.5217,0
0.00043647,0.04395,0.0047723,-3.9303e-22,-5.719,1.4501,0
0.00046848,0.043153,0.0051907,-5.3038e-22,-5.4672,1.3785,0
0.00050402,0.042248,0.0056814,-5.8349e-22,-5.2154,1.307,0
0.00054471,0.041173,0.0062078,-3.0299e-22,-4.9636,1.2354,0
0.00058972,0.039937,0.0068516,1.1659e-21,-4.7118,1.1638,0
0.00064159,0.038468,0.0075511,1.6674e-21,-4.4599,1.0923,0
0.00069836,0.036721,0.008419,1.0162e-21,-4.2081,1.0207,0
0.000764,0.034651,0.0093727,3.2718e-22,-3.9563,0.94916,0
0.0008339,0.032112,0.010588,-1.2796e-21,-3.7045,0.87759,0
0.00091463,0.029149,0.012053,-8.6738e-22,-3.4527,0.80603,0
0.00099386,0.025251,0.013799,-2.9176e-21,-3.2008,0.73447,0
0.0010753,0.020131,0.015851,-5.4187e-21,-2.949,0.66291,0
0.0011307,0.013881,0.01858,-6.0027e-21,-2.6972,0.59134,0
0.0011349,0,0,0,-2.4454,0.51978,0
0.00019592,0.049374,0.0016276,1.2976e-22,-9.7472,3.2438,0
0.00020119,0.049268,0.0017475,-1.0309e-22,-9.4943,3.1542,0
0.00020642,0.049153,0.0018843,-2.6848e-22,-9.2415,3.0647,0
0.00021265,0.049025,0.0020253,-4.6065e-24,-8.9886,2.9752,0
0.00021931,0.048878,0.0021819,9.4168e-25,-8.7358,2.8856,0
0.0002269,0.048717,0.0023458,4.0583e-23,-8.483,2.7961,0
0.0002352,0.048531,0.0025275,1.7441e-22,-8.2301,2.7065,0
0.00024459,0.04833,0.0027203,1.5528e-22,-7.9773,2.617,0
0.00025493,0.048097,0.0029343,2.8695e-23,-7.7244,2.5274,0
0.00026661,0.047842,0.0031597,-5.385e-24,-7.4716,2.4379,0
0.00027947,0.047547,0.0034141,4.6705e-22,-7.2188,2.3484,0
0.00029402,0.047222,0.0036842,6.7917e-22,-6.9659,2.2588,0
0.00031012,0.04685,0.0039937,4.5947e-22,-6.7131,2.1693,0
0.00032831,0.046428,0.0043145,-2.1638e-23,-6.4602,2.0797,0
0.00034865,0.04595,0.0046876,1.3637e-22,-6.2074,1.9902,0
0.0003715,0.0454,0.005083,-6.2057e-23,-5.9546,1.9006,0
0.00039706,0.044783,0.0055525,-4.4184e-22,-5.7017,1.8111,0
0.00042614,0.044067,0.0060548,5.3372e-22,-5.4489,1.7216,0
0.00045852,0.043238,0.0066505,1.3104e-21,-5.196,1.632,0
0.00049568,0.042274,0.0072919,1.4349e-21,-4.9432,1.5425,0
0.00053683,0.041121,0.008069,1.4268e-21,-4.6904,1.4529,0
0.00058444,0.039789,0.0089256,7.5219e-22,-4.4375,1.3634,0
0.00063638,0.038127,0.009982,-2.2437e-22,-4.1847,1.2738,0
0.00069725,0.036179,0.01115,-3.3651e-22,-3.9319,1.1843,0
0.00076023,0.033668,0.012605,-6.0938e-22,-3.679,1.0948,0
0.00083474,0.030742,0.014325,1.2462e-23,-3.4262,1.0052,0
0.00090301,0.027108,0.016534,2.6281e-22,-3.1733,0.91568,0
0.00097483,0.022176,0.019078,-8.1256e-22,-2.9205,0.82613,0
0.0010135,0.016133,0.02248,-1.1805e-21,-2.6677,0.73659,0
0.001001,0,0,0,-2.4148,0.64705,0
0.00017948,0.049724,0.0017192,-6.2858e-24,-9.7459,3.8924,0
0.00018387,0.049638,0.0018532,1.1256e-22,-9.4918,3.7848,0
0.00018805,0.049544,0.0020052,2.4517e-22,-9.2378,3.6773,0
0.0001932,0.049438,0.0021635,1.7553e-22,-8.9837,3.5697,0
0.00019869,0.049315,0.0023387,-2.3843e-22,-8.7296,3.4621,0
0.00020505,0.049181,0.0025239,-2.0596e-22,-8.4755,3.3545,0
0.00021204,0.049022,0.002727,-1.5606e-22,-8.2214,3.2469,0
0.00022,0.04885,0.0029429,2.8739e-22,-7.9674,3.1393,0
0.00022884,0.048648,0.0031837,4.488e-22,-7.7133,3.0318,0
0.00023886,0.048426,0.0034381,-3.0047e-23,-7.4592,2.9242,0
0.00025005,0.048168,0.0037244,3.8818e-22,-7.2051,2.8166,0
0.00026264,0.047879,0.0040269,3.4332e-22,-6.9511,2.709,0
0.00027681,0.047548,0.0043759,2.6506e-22,-6.697,2.6014,0
0.00029273,0.047173,0.0047421,1.0808e-22,-6.4429,2.4939,0
0.00031063,0.046734,0.0051638,3.8163e-22,-6.1888,2.3863,0
0.00033086,0.046238,0.0056123,9.8584e-22,-5.9347,2.2787,0
0.00035347,0.045653,0.0061371,1.0305e-21,-5.6807,2.1711,0
0.00037935,0.045,0.0067096,2.9696e-22,-5.4266,2.0635,0
0.00040808,0.044219,0.007385,-4.41e-23,-5.1725,1.9559,0
0.00044119,0.043342,0.0081237,2.4146e-23,-4.9184,1.8484,0
0.00047764,0.042275,0.0090087,-7.4314e-22,-4.6643,1.7408,0
0.00052022,0.041077,0.009999,-6.0853e-22,-4.4103,1.6332,0
0.00056583,0.039587,0.011225,0,-4.1562,1.5256,0
0.0006204,0.037848,0.012604,0,-3.9021,1.418,0
0.00067468,0.035574,0.014336,1.3254e-21,-3.648,1.3105,0
0.00074146,0.032773,0.016291,1.7737e-21,-3.394,1.2029,0
0.00079886,0.029387,0.018948,1.3966e-21,-3.1399,1.0953,0
0.00086263,0.024704,0.021956,1.0374e-21,-2.8858,0.98771,0
0.00088154,0.018861,0.026067,2.8047e-21,-2.6317,0.88012,0
0.0008485,0,0,0,-2.3776,0.77254,0
0.00016318,0.050072,0.0017342,1.6233e-22,-9.7445,4.541,0
0.00016661,0.050006,0.0018788,2.3668e-22,-9.4889,4.4153,0
0.0001697,0.049935,0.0020438,1.2031e-22,-9.2334,4.2896,0
0.00017373,0.049852,0.0022153,4.1396e-23,-8.9779,4.1639,0
0.000178,0.049755,0.0024061,2.1918e-22,-8.7223,4.0382,0
0.00018308,0.049646,0.0026074,1.2208e-22,-8.4668,3.9125,0
0.00018872,0.049517,0.0028304,0,-8.2113,3.7868,0
0.0001952,0.049374,0.0030652,2.6277e-22,-7.9557,3.6611,0
0.00020249,0.049206,0.0033295,2.184e-22,-7.7002,3.5354,0
0.00021079,0.049018,0.0036084,2.3376e-22,-7.4447,3.4098,0
0.00022016,0.048801,0.003924,1.7649e-22,-7.1891,3.2841,0
0.00023075,0.048556,0.0042559,-3.7223e-22,-6.9336,3.1584,0
0.00024267,0.048274,0.0046368,-4.1377e-22,-6.678,3.0327,0
0.00025627,0.047962,0.0050446,4.2333e-22,-6.4225,2.907,0
0.00027147,0.047592,0.0055109,5.2712e-23,-6.167,2.7813,0
0.00028886,0.047173,0.0060103,1.288e-22,-5.9114,2.6556,0
0.00030827,0.046671,0.0065909,4.8662e-22,-5.6559,2.5299,0
0.00033062,0.046099,0.007221,-9.179e-23,-5.4004,2.4042,0
0.00035547,0.045406,0.0079694,2.5905e-22,-5.1448,2.2785,0
0.0003843,0.044608,0.0087862,-3.3535e-22,-4.8893,2.1528,0
0.00041582,0.04362,0.0097671,2.2965e-22,-4.6338,2.0271,0
0.00045298,0.042495,0.010859,1.2316e-21,-4.3782,1.9015,0
0.0004917,0.041115,0.01222,-6.3226e-23,-4.1227,1.7758,0
0.00053903,0.039531,0.013769,3.9684e-23,-3.8672,1.6501,0
0.00058362,0.037501,0.015754,-1.0638e-21,-3.6116,1.5244,0
0.00064049,0.034906,0.017943,-9.5382e-22,-3.3561,1.3987,0
0.00068247,0.031709,0.021016,8.9331e-23,-3.1006,1.273,0
0.00073403,0.027404,0.024478,1.8643e-21,-2.845,1.1473,0
0.00072738,0.021942,0.029266,2.5762e-21,-2.5895,1.0216,0
0.00066875,0,0,0,-2.334,0.89592,0
0.00014745,0.050408,0.0016784,1.3478e-22,-9.7428,5.1895,0
0.00014983,0.050365,0.0018306,1.3822e-22,-9.4856,5.0456,0
0.00015178,0.050318,0.002004,-2.0025e-23,-9.2284,4.9017,0
0.0001546,0.05026,0.0021856,1.2642e-23,-8.9712,4.7578,0
0.0001576,0.050189,0.002387,2.1071e-22,-8.714,4.6139,0
0.00016131,0.050108,0.0026,2.5657e-22,-8.4568,4.47,0
0.00016551,0.050009,0.0028363,0,-8.1996,4.3262,0
0.00017044,0.049897,0.0030862,-2.6602e-22,-7.9424,4.1823,0
0.00017607,0.049761,0.0033649,-5.1297e-22,-7.6852,4.0384,0
0.00018258,0.049607,0.003661,-1.961e-22,-7.428,3.8945,0
0.00019003,0.049422,0.0039944,-8.0765e-23,-7.1708,3.7506,0
0.00019862,0.049211,0.0043476,-3.4358e-22,-6.9135,3.6067,0
0.00020831,0.048959,0.0047478,-5.8945e-22,-6.6563,3.4629,0
0.0002195,0.04868,0.0051789,-3.9895e-22,-6.3991,3.319,0
0.0002321,0.048355,0.005678,-6.3794e-22,-6.1419,3.1751,0
0.0002464,0.047992,0.006214,-1.1868e-21,-5.8847,3.0312,0
0.00026255,0.047563,0.0068347,-7.6781e-22,-5.6275,2.8873,0
0.00028129,0.047092,0.0075177,-1.0416e-21,-5.3703,2.7434,0
0.0003019,0.046511,0.0083206,-7.0187e-22,-5.1131,2.5996,0
0.00032618,0.045861,0.0092159,-6.9477e-22,-4.8559,2.4557,0
0.00035203,0.045016,0.010282,-9.8112e-22,-4.5987,2.3118,0
0.00038349,0.044034,0.011468,-2.9152e-22,-4.3415,2.1679,0
0.00041472,0.042782,0.012943,5.3441e-22,-4.0843,2.024,0
0.00045482,0.041352,0.014627,7.4106e-22,-3.8271,1.8801,0
0.00048934,0.039591,0.016834,-5.4156e-23,-3.5699,1.7363,0
0.00053615,0.037286,0.01927,3.612e-23,-3.3127,1.5924,0
0.0005613,0.034364,0.022726,4.3469e-22,-3.0555,1.4485,0
0.00059982,0.030361,0.026581,1.7472e-21,-2.7983,1.3046,0
0.00056312,0.025307,0.032108,1.7799e-21,-2.5411,1.1607,0
0.00047334,0,0,0,-2.2839,1.0168,0
0.0001333,0.050714,0.0015622,-2.7415e-22,-9.7409,5.8378,0
0.00013459,0.050692,0.0017183,-1.4787e-22,-9.4818,5.6757,0
0.00013545,0.050669,0.0018982,-1.3124e-24,-9.2228,5.5135,0
0.00013705,0.050635,0.0020862,5.6783e-24,-8.9637,5.3513,0
0.0001388,0.050592,0.0022964,-3.3744e-22,-8.7046,5.1892,0
0.00014118,0.050539,0.0025183,-1.2641e-22,-8.4455,5.027,0
0.00014399,0.050471,0.0027658,1.4802e-22,-8.1864,4.8648,0
0.00014743,0.050394,0.0030281,-2.4713e-22,-7.9273,4.7027,0
0.00015146,0.050299,0.0033218,-2.2203e-22,-7.6683,4.5405,0
0.00015623,0.050193,0.0036339,-2.7971e-22,-7.4092,4.3783,0
0.00016172,0.050063,0.0039868,-1.3656e-22,-7.1501,4.2162,0
0.00016823,0.049911,0.0043622,-4.1425e-24,-6.891,4.054,0
0.0001757,0.049722,0.0047848,-1.2613e-22,-6.6319,3.8918,0
0.00018428,0.049496,0.0052346,-4.121e-22,-6.3728,3.7297,0
0.00019422,0.049217,0.0057532,-1.4247e-22,-6.1138,3.5675,0
0.0002057,0.048903,0.0063167,1.8329e-22,-5.8547,3.4053,0
0.00021861,0.04851,0.0069616,-3.931e-22,-5.5956,3.2432,0
0.00023368,0.048085,0.0076745,-2.4783e-22,-5.3365,3.081,0
0.00024989,0.047572,0.0085176,-9.9979e-22,-5.0774,2.9188,0
0.00026965,0.047013,0.0094632,-8.0483e-22,-4.8183,2.7567,0
0.00028956,0.046321,0.010607,-6.0877e-22,-4.5593,2.5945,0
0.0003151,0.045496,0.011876,-1.4659e-21,-4.3002,2.4323,0
0.00033847,0.044422,0.013457,-6.8611e-22,-4.0411,2.2701,0
0.00037023,0.043112,0.015228,-8.1207e-22,-3.782,2.108,0
0.00039337,0.041564,0.017611,-6.6224e-22,-3.5229,1.9458,0
0.00042856,0.039564,0.020262,1.0833e-21,-3.2638,1.7836,0
0.0004332,0.037012,0.024069,2.6379e-22,-3.0048,1.6215,0
0.00045536,0.033468,0.028302,-1.3995e-21,-2.7457,1.4593,0
0.00038314,0.028915,0.034477,-8.8271e-22,-2.4866,1.2971,0
0.00025655,0,0,0,-2.2275,1.135,0
0.00012076,0.050989,0.0013927,-1.5099e-22,-9.7388,6.4861,0
0.0001209,0.05099,0.0015507,-1.4163e-22,-9.4777,6.3056,0
0.00012063,0.05099,0.0017316,1.6284e-23,-9.2165,6.125,0
0.000121,0.05098,0.0019236,1.774e-24,-8.9553,5.9444,0
0.00012145,0.05096,0.0021373,-2.2058e-23,-8.6942,5.7639,0
0.00012241,0.050932,0.0023656,-2.4734e-24,-8.433,5.5833,0
0.00012374,0.050885,0.0026169,4.9532e-23,-8.1718,5.4028,0
0.00012558,0.050829,0.002884,9.5116e-23,-7.9107,5.2222,0
0.00012798,0.050752,0.003181,4.847e-22,-7.6495,5.0417,0
0.00013102,0.050664,0.0034968,4.7843e-22,-7.3884,4.8611,0
0.0001346,0.050562,0.0038545,1.2897e-22,-7.1272,4.6806,0
0.00013906,0.050452,0.0042402,3.8559e-24,-6.866,4.5,0
0.00014472,0.050321,0.0046786,1.742e-22,-6.6049,4.3194,0
0.00015124,0.050176,0.0051536,9.6525e-23,-6.3437,4.1389,0
0.00015827,0.049975,0.0056895,4.8967e-22,-6.0825,3.9583,0
0.00016684,0.049754,0.0062776,1.0609e-21,-5.8214,3.7778,0
0.00017625,0.04945,0.006952,3.9923e-22,-5.5602,3.5972,0
0.00018772,0.049099,0.0076867,6.1686e-22,-5.299,3.4167,0
0.00019949,0.048654,0.0085552,7.6359e-22,-5.0379,3.2361,0
0.00021482,0.048171,0.0095261,6.6305e-22,-4.7767,3.0556,0
0.00022909,0.047588,0.010713,9.7091e-22,-4.5155,2.875,0
0.00024869,0.046929,0.012048,3.7422e-22,-4.2544,2.6944,0
0.00026428,0.046082,0.013723,-9.9299e-22,-3.9932,2.5139,0
0.00028794,0.044986,0.015589,-7.5914e-22,-3.7321,2.3333,0
0.0002989,0.043636,0.018112,1.6208e-23,-3.4709,2.1528,0
0.00032354,0.041926,0.020947,-1.2023e-22,-3.2097,1.9722,0
0.00030668,0.039749,0.025049,-1.6921e-22,-2.9486,1.7917,0
0.00031127,0.03664,0.029624,-1.0182e-21,-2.6874,1.6111,0
0.00019813,0.032705,0.036473,-1.2337e-21,-2.4262,1.4306,0
2.8061e-05,0,0,0,-2.1651,1.25,0
0.00011063,0.051215,0.0011867,1.2819e-22,-9.7366,7.1343,0
0.00010967,0.05124,0.0013437,1.4368e-23,-9.4731,6.9352,0
0.00010826,0.051267,0.0015232,-2.3007e-24,-9.2097,6.7362,0
0.00010739,0.051291,0.0017156,-1.3542e-22,-8.9462,6.5371,0
0.00010661,0.051308,0.0019303,1.4185e-22,-8.6828,6.338,0
0.00010632,0.051318,0.0021633,8.7685e-23,-8.4193,6.139,0
0.00010644,0.051317,0.0024243,-3.7196e-23,-8.1559,5.9399,0
0.0001069,0.051303,0.0027023,2.1662e-22,-7.8924,5.7409,0
0.00010777,0.05127,0.0030103,-4.252e-23,-7.629,5.5418,0
0.00010915,0.051216,0.0033306,-5.227e-23,-7.3656,5.3428,0
0.00011105,0.051134,0.0036892,1.308e-23,-7.1021,5.1437,0
0.00011342,0.051041,0.004075,-2.4381e-23,-6.8387,4.9446,0
0.00011653,0.050916,0.0045116,2.6507e-23,-6.5752,4.7456,0
0.00012061,0.050799,0.0049932,1.6795e-22,-6.3118,4.5465,0
0.00012516,0.050647,0.0055444,3.3371e-22,-6.0483,4.3475,0
0.000131,0.050483,0.0061453,2.632e-22,-5.7849,4.1484,0
0.00013694,0.05027,0.0068404,2.926e-22,-5.5215,3.9493,0
0.00014511,0.050017,0.0076006,2.7938e-22,-5.258,3.7503,0
0.00015266,0.049669,0.0084929,3.5293e-22,-4.9946,3.5512,0
0.00016359,0.049264,0.0094799,3.6523e-22,-4.7311,3.3522,0
0.00017221,0.048772,0.010695,1.1619e-22,-4.4677,3.1531,0
0.00018588,0.048207,0.012056,6.4029e-22,-4.2042,2.9541,0
0.00019321,0.047547,0.013795,6.1592e-22,-3.9408,2.755,0
0.00020873,0.046676,0.015731,5.9572e-22,-3.6773,2.5559,0
0.00020617,0.045592,0.018366,6.9269e-22,-3.4139,2.3569,0
0.00021934,0.044174,0.021326,-9.0198e-22,-3.1505,2.1578,0
0.00017881,0.042429,0.025682,-3.9891e-22,-2.887,1.9588,0
0.00016298,0.03986,0.030542,-3.6794e-22,-2.6236,1.7597,0
4.8366e-06,0.036592,0.037953,-6.5059e-22,-2.3601,1.5607,0
-0.00021387,0,0,0,-2.0967,1.3616,0
0.00010239,0.051401,0.00094541,6.0592e-24,-9.7341,7.7823,0
0.00010053,0.051433,0.0010969,-1.9373e-22,-9.4682,7.5646,0
9.8164e-05,0.051466,0.0012721,-3.51e-22,-9.2023,7.3469,0
9.5938e-05,0.051497,0.0014618,2.1067e-23,-8.9363,7.1293,0
9.3693e-05,0.051529,0.0016758,-7.3325e-23,-8.6704,6.9116,0
9.1465e-05,0.05156,0.0019049,-3.4329e-22,-8.4045,6.6939,0
9.0009e-05,0.051586,0.0021598,-3.6994e-22,-8.1386,6.4762,0
8.9088e-05,0.051612,0.0024345,-5.6169e-23,-7.8727,6.2585,0
8.8801e-05,0.051626,0.0027438,-6.5833e-23,-7.6068,6.0408,0
8.8966e-05,0.051638,0.0030774,-9.996e-23,-7.3408,5.8232,0
8.9367e-05,0.051612,0.0034455,3.0509e-24,-7.0749,5.6055,0
9.0101e-05,0.051582,0.0038444,-4.0768e-23,-6.809,5.3878,0
9.0809e-05,0.051502,0.0042867,7.7334e-23,-6.5431,5.1701,0
9.2419e-05,0.051413,0.004763,9.433e-24,-6.2772,4.9524,0
9.4451e-05,0.051298,0.0053132,1.0335e-23,-6.0113,4.7347,0
9.8102e-05,0.051179,0.0059149,-2.0063e-22,-5.7454,4.517,0
0.00010112,0.051024,0.0066148,-4.6521e-23,-5.4794,4.2994,0
0.00010627,0.050856,0.007384,-3.77e-23,-5.2135,4.0817,0
0.00010976,0.050625,0.0082944,-1.836e-22,-4.9476,3.864,0
0.00011659,0.050331,0.0092924,-2.0512e-23,-4.6817,3.6463,0
0.00011953,0.04996,0.010526,-1.0011e-23,-4.4158,3.4286,0
0.00012794,0.049511,0.011903,1.0658e-23,-4.1499,3.2109,0
0.00012701,0.048998,0.013684,3.2196e-22,-3.8839,2.9933,0
0.00013553,0.048336,0.015673,-6.5331e-23,-3.618,2.7756,0
0.00011917,0.047516,0.018389,-1.2871e-22,-3.3521,2.5579,0
0.00012164,0.046424,0.021451,2.879e-22,-3.0862,2.3402,0
5.7188e-05,0.045076,0.025999,1.8609e-22,-2.8203,2.1225,0
1.9164e-05,0.04306,0.031109,-4.6645e-22,-2.5544,1.9048,0
-0.00018862,0.040558,0.039073,2.5657e-21,-2.2885,1.6871,0
-0.00046142,0,0,0,-2.0225,1.4695,0
9.7095e-05,0.051575,0.00070704,2.0029e-22,-9.7314,8.4302,0
9.3632e-05,0.051664,0.00084692,2.2848e-22,-9.4629,8.1938,0
9.0545e-05,0.051733,0.0010056,2.526e-22,-9.1943,7.9573,0
8.7225e-05,0.051794,0.0011795,1.6245e-22,-8.9257,7.7209,0
8.4536e-05,0.051839,0.0013793,3.7094e-23,-8.6571,7.4844,0
8.1492e-05,0.051887,0.001608,-2.456e-22,-8.3886,7.248,0
7.8529e-05,0.051918,0.0018664,-2.5009e-22,-8.12,7.0115,0
7.5843e-05,0.051952,0.0021422,-2.7209e-22,-7.8514,6.7751,0
7.3406e-05,0.051966,0.0024516,-6.1488e-23,-7.5829,6.5387,0
7.1472e-05,0.051995,0.0027904,-1.7462e-22,-7.3143,6.3022,0
6.9941e-05,0.052001,0.0031664,-2.3565e-22,-7.0457,6.0658,0
6.8957e-05,0.052008,0.0035693,2.0625e-23,-6.7771,5.8293,0
6.7954e-05,0.051993,0.0040223,-3.1573e-23,-6.5086,5.5929,0
6.793e-05,0.051952,0.0045037,-1.1727e-22,-6.24,5.3564,0
6.7404e-05,0.051878,0.0050527,-2.5658e-22,-5.9714,5.12,0
6.8317e-05,0.051798,0.00565,-1.2074e-22,-5.7029,4.8835,0
6.8324e-05,0.051689,0.0063524,-2.2434e-22,-5.4343,4.6471,0
7.0643e-05,0.051572,0.0071159,-2.0237e-22,-5.1657,4.4106,0
7.0404e-05,0.051429,0.0080315,-1.4108e-22,-4.8971,4.1742,0
7.3712e-05,0.051235,0.0090304,-2.9663e-23,-4.6286,3.9378,0
7.0976e-05,0.050988,0.010272,-1.6091e-22,-4.36,3.7013,0
7.4444e-05,0.050657,0.011643,-2.7672e-22,-4.0914,3.4649,0
6.4822e-05,0.050298,0.013444,-3.465e-24,-3.8229,3.2284,0
6.6882e-05,0.049821,0.015448,1.64e-22,-3.5543,2.992,0
3.6445e-05,0.04926,0.018217,1.31e-22,-3.2857,2.7555,0
2.7561e-05,0.048491,0.021332,0,-3.0171,2.5191,0
-6.1691e-05,0.047604,0.026019,-1.1468e-21,-2.7486,2.2826,0
-0.00012407,0.046193,0.031297,-1.0244e-21,-2.48,2.0462,0
-0.00038354,0.044497,0.039688,2.969e-22,-2.2114,1.8097,0
-0.00071337,0,0,0,-1.9429,1.5733,0
8.7314e-05,0.051405,0.00046617,-5.0492e-24,-9.7286,9.078,0
8.2369e-05,0.051602,0.00059024,2.6591e-22,-9.4572,8.8226,0
7.8902e-05,0.051754,0.00073249,4.2428e-22,-9.1858,8.5673,0
7.5125e-05,0.0519,0.00089151,8.3229e-23,-8.9144,8.3119,0
7.2393e-05,0.052006,0.001076,-9.6071e-23,-8.643,8.0566,0
6.9783e-05,0.052109,0.0012877,4.0055e-22,-8.3716,7.8012,0
6.654e-05,0.052183,0.0015425,3.2253e-22,-8.1002,7.5459,0
6.2882e-05,0.052259,0.0018179,2.5247e-23,-7.8288,7.2905,0
5.9225e-05,0.052306,0.0021237,-1.3556e-22,-7.5574,7.0352,0
5.5767e-05,0.052358,0.0024509,-1.6452e-22,-7.286,6.7798,0
5.2627e-05,0.052397,0.0028197,-1.6881e-22,-7.0145,6.5245,0
5.0259e-05,0.052432,0.003213,-5.9864e-23,-6.7431,6.2691,0
4.7494e-05,0.052458,0.0036597,-1.2457e-22,-6.4717,6.0138,0
4.5884e-05,0.052477,0.0041426,-1.5553e-22,-6.2003,5.7584,0
4.338e-05,0.05246,0.0046897,-1.344e-22,-5.9289,5.5031,0
4.24e-05,0.052432,0.0052786,-2.2633e-22,-5.6575,5.2477,0
3.9294e-05,0.052381,0.0059711,-2.5008e-22,-5.3861,4.9924,0
3.9173e-05,0.052312,0.0067239,-2.1697e-22,-5.1147,4.737,0
3.4857e-05,0.052242,0.0076357,-3.4014e-23,-4.8433,4.4817,0
3.5526e-05,0.052132,0.0086349,-8.2874e-24,-4.5719,4.2263,0
2.7422e-05,0.052011,0.0098774,5.6635e-23,-4.3005,3.971,0
2.7524e-05,0.051796,0.011249,2.1694e-23,-4.0291,3.7156,0
9.1256e-06,0.051592,0.013045,1.0554e-23,-3.7577,3.4603,0
5.9622e-06,0.051297,0.01506,-2.2399e-23,-3.4863,3.2049,0
-3.8361e-05,0.050975,0.017855,1.1778e-23,-3.2149,2.9496,0
-5.7519e-05,0.050515,0.021015,-9.6468e-23,-2.9435,2.6942,0
-0.00017096,0.050029,0.02579,-1.3217e-22,-2.6721,2.4389,0
-0.0002607,0.049259,0.031197,1.9274e-22,-2.4007,2.1835,0
-0.00057443,0.048398,0.03999,-2.109e-21,-2.1293,1.9282,0
-0.00096415,0,0,0,-1.8579,1.6728,0
9.2826e-05,0.051097,0.00018141,-6.3681e-22,-9.7256,9.7256,0
8.6166e-05,0.051455,0.00028701,-7.693e-22,-9.4512,9.4512,0
8.0939e-05,0.05167,0.00043839,-4.8668e-22,-9.1768,9.1768,0
7.4742e-05,0.051869,0.00060829,-6.6273e-22,-8.9024,8.9024,0
6.8999e-05,0.052037,0.00079753,-5.8736e-23,-8.628,8.628,0
6.3245e-05,0.052184,0.0010115,3.8817e-22,-8.3536,8.3536,0
5.7938e-05,0.052317,0.0012505,5.5829e-22,-8.0791,8.0791,0
5.2716e-05,0.05242,0.0015298,4.5907e-23,-7.8047,7.8047,0
4.7852e-05,0.052517,0.0018253,2.6835e-22,-7.5303,7.5303,0
4.3209e-05,0.052586,0.0021539,4.8588e-22,-7.2559,7.2559,0
3.8644e-05,0.052667,0.002511,5.1303e-22,-6.9815,6.9815,0
3.453e-05,0.052721,0.0029085,2.9149e-24,-6.7071,6.7071,0
3.0302e-05,0.052784,0.0033427,-1.2013e-22,-6.4327,6.4327,0
2.6662e-05,0.05283,0.0038285,1.5805e-22,-6.1583,6.1583,0
2.2436e-05,0.052873,0.0043644,-1.3908e-23,-5.8839,5.8839,0
1.9239e-05,0.052877,0.004958,8.7981e-23,-5.6095,5.6095,0
1.4234e-05,0.052893,0.0056347,-4.2501e-23,-5.3351,5.3351,0
1.098e-05,0.052866,0.0063868,-2.0983e-23,-5.0607,5.0607,0
3.954e-06,0.05286,0.007275,-1.268e-22,-4.7863,4.7863,0
2.5677e-07,0.052816,0.0082666,-2.1156e-22,-4.5118,4.5118,0
-1.1595e-05,0.052802,0.0094783,-3.7908e-22,-4.2374,4.2374,0
-1.7047e-05,0.05271,0.010844,-2.7195e-22,-3.963,3.963,0
-4.131e-05,0.052637,0.012603,6.5237e-23,-3.6886,3.6886,0
-5.3393e-05,0.052536,0.014609,1.8255e-22,-3.4142,3.4142,0
-0.00010722,0.052457,0.017359,2.3175e-22,-3.1398,3.1398,0
-0.00014166,0.05234,0.020531,-2.6625e-22,-2.8654,2.8654,0
-0.00027255,0.052309,0.025257,3.3499e-21,-2.591,2.591,0
-0.00039502,0.052203,0.030765,3.7091e-21,-2.3166,2.3166,0
-0.00075864,0.052188,0.039796,0,-2.0422,2.0422,0
-0.001206,0,0,0,-1.7678,1.7678,0
-0.00096204,0.056137,0.039968,-3.1781e-21,-1.9282,2.1293,0
-0.0014422,0,0,0,-1.6728,1.8579,0
-0.001166,0.059942,0.03977,-3.8063e-22,-1.8097,2.2114,0
-0.001682,0,0,0,-1.5733,1.9429,0
-0.0013833,0.063728,0.039255,7.3839e-21,-1.6871,2.2885,0
-0.0019476,0,0,0,-1.4695,2.0225,0
-0.0015996,0.067451,0.038266,-2.2466e-21,-1.5607,2.3601,0
-0.002209,0,0,0,-1.3616,2.0967,0
-0.0018114,0.071056,0.036931,-2.8302e-21,-1.4306,2.4262,0
-0.0024639,0,0,0,-1.25,2.1651,0
-0.0020133,0.074488,0.035069,4.2171e-21,-1.2971,2.4866,0
-0.0027009,0,0,0,-1.135,2.2275,0
-0.0021947,0.077794,0.032804,-2.4474e-21,-1.1607,2.5411,0
-0.0029021,0,0,0,-1.0168,2.2839,0
-0.002354,0.080755,0.030014,-3.0658e-21,-1.0216,2.5895,0
-0.0030729,0,0,0,-0.89592,2.334,0
-0.0024913,0.083467,0.026895,-3.2515e-21,-0.88012,2.6317,0
-0.0032148,0,0,0,-0.77254,2.3776,0
-0.0026021,0.085632,0.023444,5.1277e-22,-0.73659,2.6677,0
-0.0033257,0,0,0,-0.64705,2.4148,0
-0.002684,0.087443,0.019704,3.9897e-21,-0.59134,2.6972,0
-0.0034014,0,0,0,-0.51978,2.4454,0
-0.0027326,0.088605,0.015792,-1.5207e-22,-0.44472,2.7202,0
-0.0034401,0,0,0,-0.39109,2.4692,0
-0.0027464,0.089295,0.011696,-5.7472e-22,-0.29705,2.7368,0
-0.0034384,0,0,0,-0.26132,2.4863,0
-0.0027219,0.089293,0.007637,1.3741e-22,-0.1487,2.7467,0
-0.0033954,0,0,0,-0.13084,2.4966,0
-0.0026591,0.088722,0.0035911,7.247e-23,-2.1464e-16,2.75,0
-0.0033096,0,0,0,-2.2204e-16,2.5,0
-0.0025564,0.087467,-0.00020133,-5.8085e-23,0.1487,2.7467,0
-0.0031806,0,0,0,0.13084,2.4966,0
-0.002416,0.085613,-0.0037553,-1.1655e-21,0.29705,2.7368,0
-0.003011,0,0,0,0.26132,2.4863,0
-0.0022416,0.083163,-0.0068494,1.2419e-22,0.44472,2.7202,0
-0.0028008,0,0,0,0.39109,2.4692,0
-0.0020364,0.080174,-0.009452,3.6537e-21,0.59134,2.6972,0
-0.0025536,0,0,0,0.51978,2.4454,0
-0.001807,0.076696,-0.011378,-1.106e-22,0.73659,2.6677,0
-0.0022723,0,0,0,0.64705,2.4148,0
-0.0015621,0.072836,-0.012587,-2.174e-21,0.88012,2.6317,0
-0.0019658,0,0,0,0.77254,2.3776,0
-0.0013124,0.068652,-0.012931,-1.2615e-21,1.0216,2.5895,0
-0.0016432,0,0,0,0.89592,2.334,0
-0.001072,0.064292,-0.012459,-1.4019e-21,1.1607,2.5411,0
-0.0013212,0,0,0,1.0168,2.2839,0
-0.00085675,0.059777,-0.011097,2.7918e-21,1.2971,2.4866,0
-0.0010194,0,0,0,1.135,2.2275,0
-0.00068373,0.055269,-0.008994,-1.8732e-21,1.4306,2.4262,0
-0.00076275,0,0,0,1.25,2.1651,0
-0.00057146,0.050644,-0.0062479,4.062e-22,1.5607,2.3601,0
-0.00058157,0,0,0,1.3616,2.0967,0
-0.00052973,0.045927,-0.0033095,8.9582e-21,1.6871,2.2885,0
-0.0004968,0,0,0,1.4695,2.0225,0
-0.00056814,0.039979,-0.0009595,-8.0516e-21,1.8097,2.2114,0
-0.00052879,0,0,0,1.5733,1.9429,0
-0.00062145,0.031871,-0.0014946,-1.2041e-20,1.9282,2.1293,0
-0.00060035,0,0,0,1.6728,1.8579,0
-0.00062218,0.02334,-0.0023422,0,2.0422,2.0422,0
-0.00062579,0,0,0,1.7678,1.7678,0
-0.00055559,0.055149,0.03116,2.435e-21,-2.1835,2.4007,0
-0.00072128,0.058084,0.031248,-4.6039e-22,-2.0462,2.48,0
-0.00088943,0.061156,0.031083,-3.224e-21,-1.9048,2.5544,0
-0.0010612,0.064244,0.030511,-2.505e-21,-1.7597,2.6236,0
-0.0012316,0.067388,0.02965,2.7841e-21,-1.6111,2.6874,0
-0.0013999,0.07046,0.028329,3.0366e-21,-1.4593,2.7457,0
-0.0015616,0.07347,0.02668,-2.4109e-21,-1.3046,2.7983,0
-0.0017104,0.076233,0.02461,-2.1643e-21,-1.1473,2.845,0
-0.0018435,0.078773,0.022201,-1.0098e-21,-0.98771,2.8858,0
-0.001955,0.08093,0.019482,4.1231e-22,-0.82613,2.9205,0
-0.0020432,0.082741,0.016457,3.9892e-21,-0.66291,2.949,0
-0.0021024,0.084062,0.013274,1.0697e-21,-0.49835,2.9713,0
-0.002132,0.084923,0.0098927,-2.0912e-21,-0.33279,2.9872,0
-0.0021283,0.085234,0.0065369,-1.1112e-21,-0.16656,2.9968,0
-0.0020923,0.085032,0.0031866,1.2181e-23,-2.0724e-16,3,0
-0.0020234,0.084309,5.9885e-05,-1.0609e-21,0.16656,2.9968,0
-0.0019241,0.083101,-0.0028981,-1.8067e-21,0.33279,2.9872,0
-0.0017988,0.081487,-0.0054432,1.1067e-21,0.49835,2.9713,0
-0.0016521,0.079518,-0.0075619,3.6001e-21,0.66291,2.949,0
-0.0014921,0.077342,-0.0091618,-3.2272e-22,0.82613,2.9205,0
-0.0013259,0.075044,-0.010204,-2.505e-21,0.98771,2.8858,0
-0.0011633,0.072774,-0.010711,-2.0466e-21,1.1473,2.845,0
-0.0010133,0.070647,-0.010694,-1.3784e-21,1.3046,2.7983,0
-0.00088418,0.068729,-0.010253,2.4093e-21,1.4593,2.7457,0
-0.00078398,0.067087,-0.0094842,2.1122e-21,1.6111,2.6874,0
-0.00071607,0.065678,-0.0085294,-1.8086e-21,1.7597,2.6236,0
-0.00068283,0.064358,-0.0075756,-2.2119e-21,1.9048,2.5544,0
-0.00068938,0.062729,-0.006794,-3.8781e-22,2.0462,2.48,0
-0.00068782,0.060427,-0.0059858,2.3211e-21,2.1835,2.4007,0
-0.00066358,0.055774,-0.0051903,4.7895e-22,2.3166,2.3166,0
-0.00040781,0.054564,0.02584,-2.7788e-22,-2.4389,2.6721,0
-0.00054938,0.05692,0.026164,-9.214e-22,-2.2826,2.7486,0
-0.00069406,0.059394,0.026264,-2.0427e-21,-2.1225,2.8203,0
-0.00084468,0.061927,0.026081,-2.9089e-21,-1.9588,2.887,0
-0.00099538,0.064525,0.025632,2.0824e-21,-1.7917,2.9486,0
-0.001145,0.067095,0.024834,1.1082e-21,-1.6215,3.0048,0
-0.0012893,0.06963,0.02371,-5.4098e-22,-1.4485,3.0555,0
-0.001424,0.072021,0.02223,-1.038e-22,-1.273,3.1006,0
-0.0015465,0.074242,0.020398,-1.5507e-21,-1.0953,3.1399,0
-0.0016511,0.076199,0.018282,-5.033e-22,-0.91568,3.1733,0
-0.0017358,0.077846,0.015851,2.587e-21,-0.73447,3.2008,0
-0.0017958,0.079121,0.013252,8.3458e-22,-0.55198,3.2223,0
-0.0018298,0.079977,0.010459,-1.5104e-21,-0.36852,3.2377,0
-0.0018355,0.080388,0.0076535,-1.3303e-21,-0.18442,3.2469,0
-0.0018128,0.080348,0.0048355,-1.8379e-22,-1.9984e-16,3.25,0
-0.0017634,0.079878,0.0021959,-1.0572e-21,0.18442,3.2469,0
-0.0016891,0.079012,-0.00027054,-6.2844e-22,0.36852,3.2377,0
-0.0015937,0.077804,-0.0023917,1.3364e-21,0.55198,3.2223,0
-0.0014822,0.076338,-0.0041806,2.7952e-21,0.73447,3.2008,0
-0.0013618,0.074726,-0.0055588,-4.1864e-23,0.91568,3.1733,0
-0.0012382,0.073055,-0.0065198,-1.8277e-21,1.0953,3.1399,0
-0.0011188,0.071446,-0.007116,4.2457e-22,1.273,3.1006,0
-0.0010091,0.069976,-0.0073429,4.9439e-22,1.4485,3.0555,0
-0.00091427,0.068714,-0.0073322,6.3887e-22,1.6215,3.0048,0
-0.00083751,0.067689,-0.0071067,1.3312e-21,1.7917,2.9486,0
-0.00078008,0.066902,-0.0068204,-2.8593e-21,1.9588,2.887,0
-0.00074229,0.066305,-0.0064735,-1.3316e-21,2.1225,2.8203,0
-0.00072917,0.065797,-0.0061194,1.6892e-22,2.2826,2.7486,0
-0.00071116,0.065374,-0.0057029,8.4249e-22,2.4389,2.6721,0
-0.00070241,0.064512,-0.0054569,4.3351e-22,2.591,2.591,0
-0.00024469,0.05416,0.021102,-1.8014e-22,-2.6942,2.9435,0
-0.00036007,0.056143,0.021495,0,-2.5191,3.0171,0
-0.00047832,0.058211,0.021682,-1.0271e-21,-2.3402,3.0862,0
-0.00060329,0.060393,0.021635,1.859e-21,-2.1578,3.1505,0
-0.00073002,0.062628,0.02135,1.0515e-21,-1.9722,3.2097,0
-0.00085789,0.064897,0.020774,-1.7826e-21,-1.7836,3.2638,0
-0.0009838,0.06714,0.019906,2.4057e-23,-1.5924,3.3127,0
-0.0011038,0.069311,0.018741,1.3336e-21,-1.3987,3.3561,0
-0.0012155,0.071336,0.017252,-1.8823e-21,-1.2029,3.394,0
-0.0013135,0.073166,0.01551,-4.6147e-22,-1.0052,3.4262,0
-0.0013958,0.074729,0.013479,1.0781e-21,-0.80603,3.4527,0
-0.0014576,0.075977,0.011286,-1.6989e-21,-0.60561,3.4733,0
-0.0014976,0.076864,0.0089167,-1.7608e-22,-0.40426,3.4881,0
-0.001513,0.077357,0.0065211,-3.2916e-23,-0.20228,3.497,0
-0.0015044,0.077461,0.004116,-7.6935e-23,-1.9244e-16,3.5,0
-0.0014721,0.077172,0.0018615,-4.4225e-23,0.20228,3.497,0
-0.0014187,0.076554,-0.00024563,1.7618e-22,0.40426,3.4881,0
-0.0013484,0.075639,-0.0020461,-1.3158e-21,0.60561,3.4733,0
-0.0012657,0.074534,-0.0035726,1.6865e-21,0.80603,3.4527,0
-0.0011773,0.073307,-0.0047356,9.1413e-22,1.0052,3.4262,0
-0.0010878,0.072058,-0.0055723,-8.6679e-22,1.2029,3.394,0
-0.0010044,0.070871,-0.0061052,1.563e-21,1.3987,3.3561,0
-0.00092963,0.069809,-0.0063642,-4.0623e-23,1.5924,3.3127,0
-0.00086876,0.068929,-0.0064413,-1.4229e-21,1.7836,3.2638,0
-0.000821,0.068223,-0.006391,1.7739e-21,1.9722,3.2097,0
-0.00078905,0.067738,-0.0062842,1.109e-21,2.1578,3.1505,0
-0.00076794,0.067376,-0.0061657,-2.1343e-21,2.3402,3.0862,0
-0.00075876,0.067152,-0.0060992,0,2.5191,3.0171,0
-0.00075084,0.067051,-0.0060642,2.9752e-22,2.6942,2.9435,0
-0.00075119,0.066967,-0.0061536,-3.3469e-23,2.8654,2.8654,0
-0.00019624,0.053926,0.018,-5.5316e-23,-2.9496,3.2149,0
-0.00029489,0.055546,0.018486,-3.806e-22,-2.7555,3.2857,0
-0.00039719,0.057264,0.018807,-5.2862e-22,-2.5579,3.3521,0
-0.00050611,0.059106,0.01894,-1.1669e-21,-2.3569,3.4139,0
-0.0006185,0.061012,0.018864,6.8268e-22,-2.1528,3.4709,0
-0.00073308,0.062985,0.018549,1.0174e-21,-1.9458,3.5229,0
-0.00084712,0.064945,0.017965,1.2698e-22,-1.7363,3.5699,0
-0.00095726,0.066886,0.017115,1.4634e-21,-1.5244,3.6116,0
-0.0010608,0.068707,0.015966,-1.3813e-21,-1.3105,3.648,0
-0.0011533,0.070392,0.014565,1.7752e-22,-1.0948,3.679,0
-0.0012323,0.071846,0.012902,1.4762e-21,-0.87759,3.7045,0
-0.0012935,0.073044,0.011054,-9.1625e-22,-0.65924,3.7244,0
-0.0013356,0.073926,0.0090504,-3.9767e-24,-0.43999,3.7386,0
-0.0013562,0.074469,0.0069863,-6.1551e-22,-0.22014,3.7471,0
-0.0013559,0.074675,0.0049152,9.3908e-23,-1.8504e-16,3.75,0
-0.0013349,0.074538,0.0029439,-5.1924e-22,0.22014,3.7471,0
-0.0012965,0.074128,0.0011048,-5.9534e-24,0.43999,3.7386,0
-0.0012435,0.073459,-0.00049172,-9.0404e-22,0.65924,3.7244,0
-0.0011806,0.072645,-0.0018731,1.4576e-21,0.87759,3.7045,0
-0.0011129,0.071722,-0.002959,1.3381e-22,1.0948,3.679,0
-0.0010443,0.070794,-0.0038136,-1.6509e-21,1.3105,3.648,0
-0.00097993,0.069905,-0.0044336,9.3033e-22,1.5244,3.6116,0
-0.00092178,0.069114,-0.0048715,-4.2585e-23,1.7363,3.5699,0
-0.00087317,0.068457,-0.0051779,1.4652e-21,1.9458,3.5229,0
-0.0008334,0.067916,-0.0054165,4.5349e-22,2.1528,3.4709,0
-0.00080453,0.067547,-0.005601,-1.7307e-21,2.3569,3.4139,0
-0.0007829,0.06727,-0.0057952,-3.1825e-22,2.5579,3.3521,0
-0.00077065,0.067128,-0.0060145,-3.2123e-21,2.7555,3.2857,0
-0.00076326,0.067046,-0.0062774,-1.119e-21,2.9496,3.2149,0
-0.00076393,0.067074,-0.0066184,1.6238e-23,3.1398,3.1398,0
-0.00012303,0.053769,0.015173,3.8299e-23,-3.2049,3.4863,0
-0.00020548,0.055161,0.01564,-4.502e-22,-2.992,3.5543,0
-0.00029198,0.056652,0.015955,-2.9629e-22,-2.7756,3.618,0
-0.00038523,0.058269,0.016124,-9.404e-22,-2.5559,3.6773,0
-0.00048231,0.059949,0.016105,1.7947e-21,-2.3333,3.7321,0
-0.0005825,0.06171,0.015888,1.3866e-21,-2.108,3.782,0
-0.00068334,0.063467,0.015433,-1.3093e-21,-1.8801,3.8271,0
-0.00078213,0.065231,0.014746,-1.0289e-23,-1.6501,3.8672,0
-0.00087631,0.066896,0.013792,0,-1.418,3.9021,0
-0.00096201,0.068462,0.012608,-8.6586e-22,-1.1843,3.9319,0
-0.0010368,0.069828,0.011187,-2.6958e-22,-0.94916,3.9563,0
-0.0010968,0.070975,0.0095886,1.9799e-21,-0.71287,3.9754,0
-0.0011405,0.071846,0.0078458,8.125e-22,-0.47572,3.989,0
-0.0011656,0.072419,0.006035,-5.281e-22,-0.23801,3.9973,0
-0.0011724,0.072689,0.0042139,1.4099e-22,-1.7764e-16,4,0
-0.0011611,0.072659,0.0024685,-5.7149e-22,0.23801,3.9973,0
-0.0011346,0.072377,0.00083932,4.7179e-22,0.47572,3.989,0
-0.0010954,0.071874,-0.00058865,1.9727e-21,0.71287,3.9754,0
-0.0010479,0.071238,-0.0018287,-6.5026e-22,0.94916,3.9563,0
-0.00099619,0.070508,-0.002817,-1.5752e-21,1.1843,3.9319,0
-0.00094422,0.069776,-0.0036154,-2.7669e-22,1.418,3.9021,0
-0.00089584,0.069073,-0.0042104,-2.714e-22,1.6501,3.8672,0
-0.00085284,0.06845,-0.0046692,-1.89e-21,1.8801,3.8271,0
-0.00081768,0.067937,-0.0050151,1.407e-21,2.108,3.782,0
-0.00078965,0.067511,-0.0053278,1.9809e-21,2.3333,3.7321,0
-0.00077047,0.067219,-0.005597,-1.3846e-21,2.5559,3.6773,0
-0.00075688,0.066989,-0.0059128,-1.9908e-23,2.7756,3.618,0
-0.00075093,0.066873,-0.0062553,-3.3592e-21,2.992,3.5543,0
-0.00074895,0.066792,-0.0066742,-8.5648e-22,3.2049,3.4863,0
-0.00075528,0.066766,-0.0071706,1.4689e-22,3.4142,3.4142,0
-0.00010408,0.053674,0.013201,3.9071e-23,-3.4603,3.7577,0
-0.00017534,0.054859,0.0137,1.6955e-23,-3.2284,3.8229,0
-0.00025109,0.056136,0.014077,-9.3456e-22,-2.9933,3.8839,0
-0.00033359,0.05754,0.014337,-1.0862e-21,-2.755,3.9408,0
-0.00042043,0.059012,0.014429,2.1614e-21,-2.5139,3.9932,0
-0.00051103,0.060578,0.014351,1.1255e-21,-2.2701,4.0411,0
-0.00060308,0.06215,0.014055,-1.0471e-21,-2.024,4.0843,0
-0.0006943,0.063757,0.013545,1.056e-22,-1.7758,4.1227,0
-0.0007821,0.06528,0.012796,0,-1.5256,4.1562,0
-0.00086306,0.06674,0.011816,-9.3701e-22,-1.2738,4.1847,0
-0.00093472,0.068022,0.010629,-9.2612e-22,-1.0207,4.2081,0
-0.00099349,0.069125,0.0092488,1.3278e-21,-0.7665,4.2264,0
-0.001038,0.06998,0.0077426,1.2604e-21,-0.51146,4.2395,0
-0.0010657,0.070577,0.0061489,0,-0.25587,4.2474,0
-0.0010775,0.070899,0.0045431,-4.2038e-23,-1.7023e-16,4.25,0
-0.0010729,0.070962,0.0029823,-4.1925e-23,0.25587,4.2474,0
-0.001055,0.070793,0.0015222,1.0477e-21,0.51146,4.2395,0
-0.0010256,0.070435,0.00021347,1.3965e-21,0.7665,4.2264,0
-0.00098898,0.069951,-0.00093673,-1.1906e-21,1.0207,4.2081,0
-0.00094819,0.069383,-0.0018935,-1.4907e-21,1.2738,4.1847,0
-0.00090688,0.068803,-0.0027046,0,1.5256,4.1562,0
-0.00086765,0.068237,-0.0033597,-6.7158e-23,1.7758,4.1227,0
-0.0008323,0.067727,-0.0039239,-2.3713e-21,2.024,4.0843,0
-0.00080233,0.067287,-0.0044041,1.0907e-21,2.2701,4.0411,0
-0.00077738,0.06691,-0.0048777,4.0476e-21,2.5139,3.9932,0
-0.00075857,0.06662,-0.0053146,-1.18e-21,2.755,3.9408,0
-0.00074353,0.06636,-0.0058189,-1.5979e-21,2.9933,3.8839,0
-0.00073417,0.066172,-0.006339,-3.5237e-23,3.2284,3.8229,0
-0.00072736,0.065992,-0.0069395,-2.6331e-22,3.4603,3.7577,0
-0.00072361,0.065819,-0.0076566,-3.9897e-23,3.6886,3.6886,0
-6.8014e-05,0.053609,0.011358,8.3177e-23,-3.7156,4.0291,0
-0.00012946,0.054657,0.011822,1.0666e-21,-3.4649,4.0914,0
-0.00019518,0.055789,0.012169,4.3531e-23,-3.2109,4.1499,0
-0.00026767,0.057046,0.01243,-1.228e-21,-2.9541,4.2042,0
-0.00034439,0.058369,0.012537,-7.6196e-22,-2.6944,4.2544,0
-0.0004253,0.059785,0.012507,2.3009e-21,-2.4323,4.3002,0
-0.00050808,0.061217,0.01228,6.7858e-22,-2.1679,4.3415,0
-0.00059107,0.062688,0.011866,-1.8108e-21,-1.9015,4.3782,0
-0.00067168,0.064095,0.01124,7.4916e-22,-1.6332,4.4103,0
-0.00074711,0.065457,0.010398,-8.1788e-22,-1.3634,4.4375,0
-0.00081478,0.066661,0.0093702,-1.8386e-21,-1.0923,4.4599,0
-0.00087159,0.06772,0.0081568,1.3584e-21,-0.82013,4.4774,0
-0.00091596,0.068547,0.0068229,8.8558e-22,-0.54719,4.49,0
-0.00094566,0.069155,0.005399,-5.3421e-22,-0.27373,4.4975,0
-0.00096112,0.069509,0.0039561,-3.3196e-23,-1.6283e-16,4.5,0
-0.00096195,0.06963,0.0025424,-6.0038e-22,0.27373,4.4975,0
-0.00095087,0.069539,0.0012152,1.2104e-21,0.54719,4.49,0
-0.00092933,0.069277,9.0809e-06,1.492e-21,0.82013,4.4774,0
-0.00090137,0.068892,-0.001054,-2.3802e-21,1.0923,4.4599,0
-0.00086919,0.068432,-0.0019599,-1.3526e-21,1.3634,4.4375,0
-0.00083645,0.067948,-0.0027354,1.2606e-21,1.6332,4.4103,0
-0.0008048,0.067466,-0.0033827,-8.8427e-22,1.9015,4.3782,0
-0.00077628,0.067022,-0.0039526,1.959e-21,2.1679,4.3415,0
-0.00075145,0.06662,-0.0044567,3.1694e-21,2.4323,4.3002,0
-0.00073057,0.066261,-0.0049594,-2.5644e-21,2.6944,4.2544,0
-0.00071371,0.065946,-0.0054346,-3.3206e-21,2.9541,4.2042,0
-0.00069941,0.065644,-0.0059875,-8.5184e-22,3.2109,4.1499,0
-0.00068845,0.06536,-0.0065357,3.8582e-21,3.4649,4.0914,0
-0.00067756,0.065048,-0.0071971,-6.4362e-22,3.7156,4.0291,0
-0.00066931,0.06471,-0.0078689,-3.256e-21,3.963,3.963,0
-5.8695e-05,0.053579,0.010004,-1.2445e-22,-3.971,4.3005,0
-0.00011281,0.054506,0.010476,8.4836e-22,-3.7013,4.36,0
-0.00017125,0.055501,0.010848,4.9228e-23,-3.4286,4.4158,0
-0.00023653,0.056623,0.011154,-3.8008e-22,-3.1531,4.4677,0
-0.0003059,0.057811,0.011323,-1.6644e-21,-2.875,4.5155,0
-0.00037981,0.059091,0.011367,8.9641e-22,-2.5945,4.5593,0
-0.00045601,0.060402,0.011234,1.6921e-21,-2.3118,4.5987,0
-0.00053308,0.061752,0.010924,-4.7123e-22,-2.0271,4.6338,0
-0.00060858,0.06306,0.010422,9.8772e-22,-1.7408,4.6643,0
-0.00067996,0.064335,0.0097133,-1.6001e-21,-1.4529,4.6904,0
-0.00074474,0.06547,0.0088329,-1.2063e-21,-1.1638,4.7118,0
-0.00080002,0.066492,0.0077687,1.7003e-21,-0.87376,4.7285,0
-0.00084424,0.067295,0.0065956,-1.573e-22,-0.58292,4.7404,0
-0.00087523,0.067911,0.0053178,-1.0273e-21,-0.29159,4.7476,0
-0.00089339,0.068293,0.0040263,-6.0602e-23,-1.5543e-16,4.75,0
-0.00089813,0.068462,0.00274,-1.0957e-21,0.29159,4.7476,0
-0.00089207,0.068441,0.0015272,3.4264e-22,0.58292,4.7404,0
-0.0008762,0.068257,0.00040768,2.1234e-21,0.87376,4.7285,0
-0.00085433,0.067956,-0.00059282,-1.3718e-21,1.1638,4.7118,0
-0.00082803,0.067581,-0.0014738,-2.0976e-21,1.4529,4.6904,0
-0.00080073,0.067172,-0.0022457,7.7208e-22,1.7408,4.6643,0
-0.00077343,0.066748,-0.0029235,-1.0483e-21,2.0271,4.6338,0
-0.00074815,0.066344,-0.0035419,3.7143e-21,2.3118,4.5987,0
-0.00072483,0.065955,-0.0041143,2.1852e-21,2.5945,4.5593,0
-0.00070419,0.065582,-0.0046851,-3.6092e-21,2.875,4.5155,0
-0.00068534,0.065223,-0.0052439,-1.9175e-21,3.1531,4.4677,0
-0.00066805,0.064851,-0.0058536,5.1324e-23,3.4286,4.4158,0
-0.00065141,0.06446,-0.0064586,4.92e-21,3.7013,4.36,0
-0.00063447,0.064022,-0.0071389,9.9933e-22,3.971,4.3005,0
-0.00061508,0.063508,-0.007837,-2.4493e-21,4.2374,4.2374,0
-3.9375e-05,0.053511,0.0087147,-4.7161e-24,-4.2263,4.5719,0
-8.7423e-05,0.054353,0.009147,1.4202e-22,-3.9378,4.6286,0
-0.00013921,0.055249,0.0094898,3.2558e-23,-3.6463,4.6817,0
-0.0001978,0.056272,0.0097811,-7.2327e-22,-3.3522,4.7311,0
-0.00026036,0.057358,0.0099549,-1.1312e-21,-3.0556,4.7767,0
-0.00032752,0.05853,0.010022,1.3599e-21,-2.7567,4.8183,0
-0.00039711,0.059744,0.0099348,1.088e-21,-2.4557,4.8559,0
-0.00046821,0.06099,0.0096882,3.352e-22,-2.1528,4.8893,0
-0.00053833,0.062219,0.0092655,2.4075e-23,-1.8484,4.9184,0
-0.00060536,0.063411,0.0086576,-1.8164e-21,-1.5425,4.9432,0
-0.00066679,0.064494,0.0078837,2.5425e-22,-1.2354,4.9636,0
-0.00072011,0.065471,0.0069391,1.2845e-21,-0.92739,4.9795,0
-0.00076356,0.066254,0.0058896,-2.0463e-22,-0.61866,4.9909,0
-0.00079527,0.066871,0.0047294,-5.1931e-22,-0.30945,4.9977,0
-0.00081531,0.067268,0.0035569,-5.2191e-23,-1.4803e-16,5,0
-0.00082316,0.067475,0.0023732,-4.9303e-22,0.30945,4.9977,0
-0.00082105,0.067498,0.0012523,-7.3505e-22,0.61866,4.9909,0
-0.00080976,0.067373,0.00020784,1.4259e-21,0.92739,4.9795,0
-0.00079275,0.067133,-0.00073435,7.4904e-22,1.2354,4.9636,0
-0.0007712,0.066813,-0.001578,-1.4036e-21,1.5425,4.9432,0
-0.00074829,0.066457,-0.0023204,2.743e-23,1.8484,4.9184,0
-0.00072459,0.066065,-0.0029877,-1.6573e-21,2.1528,4.8893,0
-0.00070202,0.065685,-0.0035994,9.8366e-22,2.4557,4.8559,0
-0.00068026,0.06529,-0.0041692,3.4936e-21,2.7567,4.8183,0
-0.00066004,0.0649,-0.0047354,-5.3933e-22,3.0556,4.7767,0
-0.00064032,0.064492,-0.0052877,-1.1838e-21,3.3522,4.7311,0
-0.00062106,0.064059,-0.005873,3.6283e-22,3.6463,4.6817,0
-0.00060128,0.063584,-0.0064483,2.7256e-21,3.9378,4.6286,0
-0.00058041,0.063051,-0.007071,9.4337e-22,4.2263,4.5719,0
-0.00055839,0.062445,-0.007655,-1.1287e-21,4.5118,4.5118,0
-3.3072e-05,0.053482,0.0077268,2.9903e-23,-4.4817,4.8433,0
-7.6548e-05,0.054243,0.0081507,2.6746e-22,-4.1742,4.8971,0
-0.00012361,0.055054,0.0085016,3.2093e-22,-3.864,4.9476,0
-0.00017714,0.055987,0.0088093,-6.7064e-22,-3.5512,4.9946,0
-0.00023454,0.056981,0.0090173,-1.287e-21,-3.2361,5.0379,0
-0.00029663,0.058063,0.0091228,1.7084e-21,-2.9188,5.0774,0
-0.00036122,0.059193,0.0090929,1.1376e-21,-2.5996,5.1131,0
-0.00042764,0.060353,0.0089111,-4.5666e-22,-2.2785,5.1448,0
-0.00049368,0.061511,0.0085673,8.8423e-23,-1.9559,5.1725,0
-0.0005573,0.06263,0.0080501,-1.6777e-21,-1.632,5.196,0
-0.00061616,0.063667,0.0073741,3.8908e-22,-1.307,5.2154,0
-0.0006679,0.064597,0.0065373,1.6848e-21,-0.98102,5.2305,0
-0.00071074,0.065363,0.0055984,-6.3324e-23,-0.65439,5.2413,0
-0.00074289,0.065974,0.0045485,1.8755e-22,-0.32731,5.2478,0
-0.00076432,0.066378,0.0034846,1.7118e-22,-1.4063e-16,5.25,0
-0.00077444,0.066618,0.0023972,-2.4169e-23,0.32731,5.2478,0
-0.00077523,0.066672,0.0013646,-7.9052e-22,0.65439,5.2413,0
-0.00076726,0.066594,0.00038567,1.6077e-21,0.98102,5.2305,0
-0.00075367,0.066401,-0.00050111,7.0157e-22,1.307,5.2154,0
-0.0007353,0.06612,-0.0013173,-1.3546e-21,1.632,5.196,0
-0.00071511,0.065803,-0.0020401,-1.7555e-22,1.9559,5.1725,0
-0.00069331,0.065432,-0.0027112,-2.5579e-21,2.2785,5.1448,0
-0.00067175,0.065057,-0.0033316,1.0621e-21,2.5996,5.1131,0
-0.00064994,0.064654,-0.0039188,3.627e-21,2.9188,5.0774,0
-0.0006287,0.064237,-0.0044989,-2.452e-21,3.2361,5.0379,0
-0.00060671,0.063783,-0.0050638,-1.5634e-21,3.5512,4.9946,0
-0.00058442,0.063292,-0.0056427,1.9093e-21,3.864,4.9476,0
-0.00056037,0.062741,-0.0062009,5.12e-21,4.1742,4.8971,0
-0.00053447,0.062124,-0.0067702,-6.3872e-22,4.4817,4.8433,0
-0.00050459,0.061409,-0.0073307,-2.2429e-21,4.7863,4.7863,0
-2.1508e-05,0.053446,0.0067816,3.694e-22,-4.737,5.1147,0
-6.0978e-05,0.054147,0.0071732,1.8448e-22,-4.4106,5.1657,0
-0.00010358,0.054894,0.0074958,5.2092e-23,-4.0817,5.2135,0
-0.00015256,0.055759,0.007785,-5.1962e-22,-3.7503,5.258,0
-0.00020516,0.056681,0.0079888,-9.9647e-22,-3.4167,5.299,0
-0.00026253,0.057689,0.008105,4.2481e-22,-3.081,5.3365,0
-0.00032255,0.058742,0.0081045,1.6906e-21,-2.7434,5.3703,0
-0.00038463,0.059829,0.0079679,1.9209e-22,-2.4042,5.4004,0
-0.00044661,0.060921,0.0076833,-5.2124e-22,-2.0635,5.4266,0
-0.00050687,0.061978,0.0072387,-6.8292e-22,-1.7216,5.4489,0
-0.00056297,0.062972,0.006642,5.9635e-22,-1.3785,5.4672,0
-0.00061293,0.063861,0.0058947,1.0344e-21,-1.0347,5.4815,0
-0.00065485,0.064613,0.005043,-8.689e-22,-0.69013,5.4918,0
-0.00068714,0.065211,0.0040868,-3.1191e-22,-0.34517,5.4979,0
-0.00070947,0.065623,0.0031066,1.3908e-22,-1.3323e-16,5.5,0
-0.00072136,0.06588,0.0020993,-2.8272e-22,0.34517,5.4979,0
-0.00072438,0.065957,0.0011394,-6.6827e-22,0.69013,5.4918,0
-0.00071908,0.065911,0.00021417,1.4377e-21,1.0347,5.4815,0
-0.0007082,0.06575,-0.00062102,1.0606e-21,1.3785,5.4672,0
-0.00069241,0.0655,-0.0014045,-8.6736e-22,1.7216,5.4489,0
-0.00067438,0.065198,-0.0020995,-2.1546e-21,2.0635,5.4266,0
-0.00065413,0.064849,-0.0027497,-4.7377e-22,2.4042,5.4004,0
-0.00063337,0.064462,-0.0033502,3.1401e-21,2.7434,5.3703,0
-0.00061155,0.064049,-0.003921,1.2659e-21,3.081,5.3365,0
-0.00058933,0.063605,-0.0044685,-2.6565e-21,3.4167,5.299,0
-0.0005657,0.063106,-0.0050006,-1.3537e-21,3.7503,5.258,0
-0.00054104,0.062572,-0.005523,-9.2573e-22,4.0817,5.2135,0
-0.00051407,0.061963,-0.0060108,4.0099e-21,4.4106,5.1657,0
-0.00048505,0.061297,-0.0064944,2.258e-21,4.737,5.1147,0
-0.00045478,0.060547,-0.0069228,-2.1562e-21,5.0607,5.0607,0
-1.6526e-05,0.053427,0.0060237,3.9547e-22,-4.9924,5.3861,0
-5.2986e-05,0.054075,0.0064047,3.2541e-22,-4.6471,5.4343,0
-9.2298e-05,0.054768,0.0067244,6.4769e-23,-4.2994,5.4794,0
-0.00013769,0.055569,0.0070175,-5.4142e-22,-3.9493,5.5215,0
-0.0001865,0.056427,0.0072363,-6.8298e-22,-3.5972,5.5602,0
-0.00024008,0.05737,0.0073724,6.8683e-22,-3.2432,5.5956,0
-0.00029641,0.058359,0.0074064,1.2846e-21,-2.8873,5.6275,0
-0.00035507,0.059389,0.00731,-6.7728e-22,-2.5299,5.6559,0
-0.00041389,0.06043,0.0070791,-1.6352e-21,-2.1711,5.6807,0
-0.00047137,0.061444,0.0066968,6.1389e-22,-1.8111,5.7017,0
-0.0005253,0.062404,0.0061719,5.5469e-22,-1.4501,5.719,0
-0.00057368,0.063262,0.0055036,3.1181e-22,-1.0883,5.7326,0
-0.00061479,0.064,0.0047343,-3.3185e-22,-0.72586,5.7422,0
-0.00064703,0.064583,0.0038662,-6.5109e-22,-0.36303,5.7481,0
-0.00067,0.065001,0.0029666,-1.1073e-22,-1.2583e-16,5.75,0
-0.00068321,0.065264,0.002039,-2.9067e-22,0.36303,5.7481,0
-0.00068791,0.065361,0.0011489,2.9268e-22,0.72586,5.7422,0
-0.00068456,0.065338,0.00027972,5.8253e-22,1.0883,5.7326,0
-0.00067559,0.065196,-0.00050566,7.9433e-22,1.4501,5.719,0
-0.00066148,0.06497,-0.0012546,7.8174e-22,1.8111,5.7017,0
-0.0006447,0.064676,-0.0019241,-2.0021e-21,2.1711,5.6807,0
-0.00062511,0.064335,-0.0025562,-2.7362e-22,2.5299,5.6559,0
-0.00060446,0.063942,-0.0031394,2.5152e-21,2.8873,5.6275,0
-0.00058188,0.063512,-0.0037013,5.4338e-22,3.2432,5.5956,0
-0.00055837,0.063041,-0.0042243,-3.3518e-21,3.5972,5.5602,0
-0.0005329,0.062512,-0.0047358,-1.7406e-21,3.9493,5.5215,0
-0.00050594,0.061939,-0.0052129,-1.8829e-21,4.2994,5.4794,0
-0.00047655,0.061295,-0.0056543,1.1626e-21,4.6471,5.4343,0
-0.00044527,0.060597,-0.0060655,8.0697e-22,4.9924,5.3861,0
-0.00041047,0.0598,-0.0064423,-1.2168e-21,5.3351,5.3351,0
-8.5462e-06,0.053391,0.0052961,2.9797e-22,-5.2477,5.6575,0
-4.248e-05,0.053998,0.0056523,5.5195e-23,-4.8835,5.7029,0
-7.8725e-05,0.054646,0.0059475,4.3529e-22,-4.517,5.7454,0
-0.00012101,0.055399,0.0062232,-4.5746e-22,-4.1484,5.7849,0
-0.00016646,0.056205,0.0064335,-1.8923e-21,-3.7778,5.8214,0
-0.0002166,0.057096,0.0065739,-4.2801e-22,-3.4053,5.8547,0
-0.00026941,0.058028,0.0066232,2.0391e-21,-3.0312,5.8847,0
-0.00032475,0.059011,0.0065575,-8.2995e-23,-2.6556,5.9114,0
-0.00038057,0.059994,0.0063684,-1.6258e-21,-2.2787,5.9347,0
-0.00043552,0.060965,0.0060402,-1.9233e-23,-1.9006,5.9546,0
-0.00048741,0.061884,0.0055801,9.1188e-22,-1.5217,5.9709,0
-0.00053438,0.062709,0.0049813,1.1227e-21,-1.1419,5.9836,0
-0.00057462,0.06343,0.004285,8.8126e-24,-0.76159,5.9927,0
-0.0006067,0.063999,0.0034928,-3.5685e-22,-0.38089,5.9982,0
-0.00063,0.064422,0.0026607,-2.9279e-23,-1.1842e-16,6,0
-0.00064415,0.064689,0.0018003,-5.4098e-22,0.38089,5.9982,0
-0.0006501,0.064808,0.00096689,-5.8963e-24,0.76159,5.9927,0
-0.00064828,0.064797,0.00014765,1.0665e-21,1.1419,5.9836,0
-0.00064077,0.064675,-0.00059526,4.3276e-22,1.5217,5.9709,0
-0.00062799,0.064467,-0.0013103,-2.697e-22,1.9006,5.9546,0
-0.00061217,0.06418,-0.0019488,-1.8369e-21,2.2787,5.9347,0
-0.00059309,0.063841,-0.0025554,8.9139e-22,2.6556,5.9114,0
-0.0005724,0.063443,-0.0031088,4.3344e-21,3.0312,5.8847,0
-0.0005492,0.062999,-0.003641,1.0614e-22,3.4053,5.8547,0
-0.00052459,0.062501,-0.0041218,-4.6167e-21,3.7778,5.8214,0
-0.00049752,0.061951,-0.004586,-1.4365e-21,4.1484,5.7849,0
-0.00046868,0.061344,-0.0049963,4.5143e-22,4.517,5.7454,0
-0.00043737,0.060674,-0.0053659,8.3998e-22,4.8835,5.7029,0
-0.00040445,0.05996,-0.0056836,2.2447e-21,5.2477,5.6575,0
-0.00037021,0.059174,-0.0059204,-9.8425e-22,5.6095,5.6095,0
-3.8569e-06,0.05335,0.0046897,1.487e-22,-5.5031,5.9289,0
-3.5954e-05,0.053922,0.0050339,2.6325e-22,-5.12,5.9714,0
-6.9881e-05,0.054532,0.0053218,8.148e-23,-4.7347,6.0113,0
-0.0001096,0.055242,0.0055962,-5.4366e-22,-4.3475,6.0483,0
-0.00015231,0.056,0.005809,-9.3066e-22,-3.9583,6.0825,0
-0.00019962,0.056843,0.0059592,1.9254e-22,-3.5675,6.1138,0
-0.00024961,0.057723,0.0060255,1.162e-21,-3.1751,6.1419,0
-0.0003022,0.058658,0.005987,-6.2077e-24,-2.7813,6.167,0
-0.00035548,0.059595,0.0058372,-6.7016e-22,-2.3863,6.1888,0
-0.00040825,0.060526,0.0055526,-1.9838e-22,-1.9902,6.2074,0
-0.00045836,0.061413,0.005151,-1.9559e-22,-1.5932,6.2227,0
-0.00050408,0.062215,0.0046123,4.528e-22,-1.1955,6.2346,0
-0.00054358,0.062922,0.0039819,-2.3667e-22,-0.79733,6.2432,0
-0.0005755,0.063487,0.0032599,-2.6645e-22,-0.39875,6.2483,0
-0.00059912,0.063915,0.0024945,2.7624e-25,-1.1102e-16,6.25,0
-0.00061397,0.064187,0.0016992,-5.1643e-22,0.39875,6.2483,0
-0.00062087,0.064323,0.00092553,-5.0613e-22,0.79733,6.2432,0
-0.00062017,0.064321,0.00016077,4.8589e-22,1.1955,6.2346,0
-0.00061368,0.064215,-0.000539,-3.9015e-22,1.5932,6.2227,0
-0.00060175,0.064016,-0.0012134,1.3233e-22,1.9902,6.2074,0
-0.00058642,0.063733,-0.001818,-2.3392e-22,2.3863,6.1888,0
-0.00056737,0.063393,-0.0023966,6.3449e-22,2.7813,6.167,0
-0.00054625,0.062988,-0.0029188,3.2688e-21,3.1751,6.1419,0
-0.00052227,0.06253,-0.0034183,2.014e-21,3.5675,6.1138,0
-0.00049655,0.062012,-0.0038616,-2.4469e-21,3.9583,6.0825,0
-0.00046817,0.061444,-0.0042847,-1.4974e-21,4.3475,6.0483,0
-0.0004381,0.06082,-0.0046347,-1.2711e-21,4.7347,6.0113,0
-0.00040558,0.060143,-0.0049541,3.3926e-21,5.12,5.9714,0
-0.00037187,0.059427,-0.0051885,1.725e-21,5.5031,5.9289,0
-0.00033544,0.058644,-0.0053795,-1.3907e-21,5.8839,5.8839,0
2.6082e-06,0.053291,0.0041113,1.2706e-22,-5.7584,6.2003,0
-2.8048e-05,0.05384,0.0044334,5.6612e-23,-5.3564,6.24,0
-5.985e-05,0.05442,0.004699,1.3747e-22,-4.9524,6.2772,0
-9.7388e-05,0.055098,0.0049591,-2.0752e-22,-4.5465,6.3118,0
-0.00013776,0.055823,0.005164,-1.4981e-22,-4.1389,6.3437,0
-0.00018263,0.056626,0.0053152,7.3869e-22,-3.7297,6.3728,0
-0.00023016,0.057469,0.0053909,8.1275e-22,-3.319,6.3991,0
-0.00028034,0.058362,0.0053713,-6.6047e-22,-2.907,6.4225,0
-0.00033138,0.059264,0.0052527,-2.2742e-22,-2.4939,6.4429,0
-0.00038215,0.060161,0.0050066,-7.4705e-26,-2.0797,6.4602,0
-0.00043061,0.061018,0.0046537,-7.4665e-25,-1.6648,6.4745,0
-0.00047513,0.061801,0.0041705,4.4293e-22,-1.2492,6.4856,0
-0.00051389,0.062486,0.0035985,-2.6408e-22,-0.83306,6.4936,0
-0.00054554,0.063044,0.0029387,-3.2925e-22,-0.41661,6.4984,0
-0.00056925,0.063467,0.0022345,-4.5066e-23,-1.0362e-16,6.5,0
-0.00058462,0.06374,0.0014963,-4.2225e-22,0.41661,6.4984,0
-0.00059218,0.063885,0.00077494,-5.3072e-22,0.83306,6.4936,0
-0.00059229,0.063889,5.8254e-05,5.4024e-23,1.2492,6.4856,0
-0.00058652,0.063794,-0.0006033,-5.0096e-22,1.6648,6.4745,0
-0.00057518,0.063597,-0.0012389,2.1953e-23,2.0797,6.4602,0
-0.00056014,0.063317,-0.0018104,-5.9706e-22,2.4939,6.4429,0
-0.00054102,0.062972,-0.0023582,-1.5248e-21,2.907,6.4225,0
-0.00051953,0.062557,-0.0028432,1.5495e-21,3.319,6.3991,0
-0.00049485,0.062084,-0.0033041,8.6664e-22,3.7297,6.3728,0
-0.00046816,0.061554,-0.0037026,-1.279e-21,4.1389,6.3437,0
-0.00043868,0.060967,-0.0040712,-1.274e-21,4.5465,6.3118,0
-0.00040733,0.060328,-0.0043608,-2.5831e-22,4.9524,6.2772,0
-0.00037382,0.059647,-0.0046105,3.2848e-21,5.3564,6.24,0
-0.00033984,0.058927,-0.0047648,2.8119e-21,5.7584,6.2003,0
-0.00030468,0.058196,-0.0048332,-1.0218e-21,6.1583,6.1583,0
7.4047e-06,0.053214,0.003613,1.4209e-22,-6.0138,6.4717,0
-2.2162e-05,0.053746,0.0039208,6.1103e-23,-5.5929,6.5086,0
-5.2312e-05,0.0543,0.0041753,3.9166e-23,-5.1701,6.5431,0
-8.8038e-05,0.05495,0.0044282,-6.8001e-24,-4.7456,6.5752,0
-0.00012646,0.055645,0.0046328,-2.8397e-22,-4.3194,6.6049,0
-0.00016925,0.056413,0.0047878,2.3063e-22,-3.8918,6.6319,0
-0.0002147,0.057225,0.0048752,1.1147e-21,-3.4629,6.6563,0
-0.00026281,0.058079,0.0048731,8.0493e-22,-3.0327,6.678,0
-0.00031191,0.058948,0.0047815,-4.5841e-22,-2.6014,6.697,0
-0.00036097,0.059813,0.0045709,-8.1745e-22,-2.1693,6.7131,0
-0.000408,0.060642,0.0042619,6.8882e-22,-1.7363,6.7263,0
-0.0004515,0.061408,0.0038308,1.0225e-21,-1.3028,6.7367,0
-0.00048959,0.062077,0.0033144,-5.7671e-22,-0.86879,6.7441,0
-0.00052104,0.062631,0.0027119,-3.2946e-22,-0.43448,6.7485,0
-0.00054481,0.063055,0.0020666,-3.2336e-25,-9.6219e-17,6.75,0
-0.0005606,0.063334,0.0013836,-3.8367e-22,0.43448,6.7485,0
-0.00056871,0.063488,0.00071617,-7.3298e-22,0.86879,6.7441,0
-0.00056947,0.063501,4.8957e-05,1.1445e-21,1.3028,6.7367,0
-0.00056421,0.063415,-0.00056888,7.2682e-22,1.7363,6.7263,0
-0.00055323,0.063217,-0.0011612,-1.7608e-21,2.1693,6.7131,0
-0.00053821,0.062941,-0.0016959,-2.2085e-21,2.6014,6.697,0
-0.00051885,0.062585,-0.0022059,1.6777e-22,3.0327,6.678,0
-0.00049687,0.062162,-0.0026508,3.6492e-22,3.4629,6.6563,0
-0.00047139,0.061674,-0.0030734,-5.7735e-22,3.8918,6.6319,0
-0.00044377,0.061136,-0.0034257,-1.4681e-21,4.3194,6.6049,0
-0.00041355,0.060537,-0.0037452,5.5536e-23,4.7456,6.5752,0
-0.0003816,0.0599,-0.0039813,-6.6663e-22,5.1701,6.5431,0
-0.00034798,0.059225,-0.0041773,6.8664e-22,5.5929,6.5086,0
-0.00031467,0.058527,-0.0042629,1.7211e-21,6.0138,6.4717,0
-0.0002782,0.057827,-0.0043024,3.3064e-22,6.4327,6.4327,0
1.3245e-05,0.053149,0.0031391,-5.6605e-23,-6.2691,6.7431,0
-1.5465e-05,0.053662,0.0034261,1.1742e-23,-5.8293,6.7771,0
-4.4161e-05,0.054194,0.0036616,5.8696e-23,-5.3878,6.809,0
-7.8322e-05,0.054819,0.0038982,3.038e-23,-4.9446,6.8387,0
-0.00011513,0.055491,0.0040942,-1.1474e-23,-4.5,6.866,0
-0.00015619,0.056232,0.0042471,-5.4475e-24,-4.054,6.891,0
-0.00019993,0.057019,0.0043406,6.7463e-22,-3.6067,6.9135,0
-0.00024633,0.057845,0.0043525,7.4224e-22,-3.1584,6.9336,0
-0.00029383,0.05869,0.0042824,-6.2446e-22,-2.709,6.9511,0
-0.00034145,0.059531,0.0041021,-1.2848e-21,-2.2588,6.9659,0
-0.00038726,0.060338,0.0038294,-1.3135e-22,-1.8079,6.9781,0
-0.00042984,0.061089,0.0034438,3.7074e-22,-1.3564,6.9877,0
-0.0004673,0.061744,0.0029758,-8.9928e-23,-0.90453,6.9945,0
-0.00049849,0.062294,0.0024253,-5.7338e-23,-0.45234,6.9986,0
-0.00052227,0.062712,0.0018339,4.2693e-23,-8.8818e-17,7,0
-0.00053832,0.062994,0.0012028,1.1097e-22,0.45234,6.9986,0
-0.00054675,0.063147,0.00058609,7.3895e-23,0.90453,6.9945,0
-0.0005479,0.063166,-3.48e-05,9.1305e-22,1.3564,6.9877,0
-0.00054289,0.063079,-0.00060966,2.1169e-22,1.8079,6.9781,0
-0.00053206,0.06288,-0.0011618,-2.1037e-21,2.2588,6.9659,0
-0.00051693,0.062603,-0.0016604,-1.2437e-21,2.709,6.9511,0
-0.00049726,0.062234,-0.0021321,1.2379e-21,3.1584,6.9336,0
-0.00047482,0.061807,-0.0025384,1.3682e-21,3.6067,6.9135,0
-0.00044859,0.061306,-0.0029216,6.0598e-24,4.054,6.891,0
-0.00042034,0.060757,-0.0032297,3.4486e-23,4.5,6.866,0
-0.00038945,0.060153,-0.0034976,-1.8403e-22,4.9446,6.8387,0
-0.00035693,0.059516,-0.0036837,-3.3557e-22,5.3878,6.809,0
-0.00032306,0.05885,-0.0038171,-4.4016e-22,5.8293,6.7771,0
-0.00028975,0.058165,-0.003847,1.3168e-22,6.2691,6.7431,0
-0.00025519,0.05752,-0.0037891,-1.7125e-22,6.7071,6.7071,0
1.8388e-05,0.053073,0.002725,9.1928e-23,-6.5245,7.0145,0
-9.8007e-06,0.053572,0.002997,-1.8537e-22,-6.0658,7.0457,0
-3.7327e-05,0.054087,0.0032194,1.7655e-22,-5.6055,7.0749,0
-7.0167e-05,0.05469,0.0034443,-1.156e-24,-5.1437,7.1021,0
-0.0001056,0.055343,0.003635,-1.7589e-22,-4.6806,7.1272,0
-0.00014515,0.056059,0.0037864,2.6942e-22,-4.2162,7.1501,0
-0.00018739,0.056825,0.0038863,2.1028e-22,-3.7506,7.1708,0
-0.00023228,0.057627,0.0039118,-2.7717e-22,-3.2841,7.1891,0
-0.00027838,0.058449,0.0038625,-7.2298e-22,-2.8166,7.2051,0
-0.00032474,0.05927,0.0037124,-9.0241e-22,-2.3484,7.2188,0
-0.00036951,0.060055,0.0034744,-1.6089e-22,-1.8795,7.23,0
-0.00041133,0.060794,0.0031331,7.1658e-22,-1.4101,7.2387,0
-0.00044829,0.061434,0.0027127,4.6205e-23,-0.94026,7.245,0
-0.0004793,0.06198,0.0022131,-3.2295e-22,-0.4702,7.2487,0
-0.00050309,0.062394,0.001675,2.2899e-26,-8.1416e-17,7.25,0
-0.0005194,0.062678,0.0010948,-2.9961e-22,0.4702,7.2487,0
-0.00052811,0.062834,0.00052731,-2.967e-23,0.94026,7.245,0
-0.00052958,0.062858,-4.609e-05,9.6437e-22,1.4101,7.2387,0
-0.00052473,0.062771,-0.00057556,-2.5908e-23,1.8795,7.23,0
-0.00051397,0.062573,-0.0010871,-1.3699e-21,2.3484,7.2188,0
-0.00049859,0.062294,-0.001543,-1.1522e-21,2.8166,7.2051,0
-0.00047855,0.061915,-0.0019747,1.3244e-22,3.2841,7.1891,0
-0.00045552,0.061486,-0.0023404,2.0236e-21,3.7506,7.1708,0
-0.00042864,0.060972,-0.0026818,1.8857e-21,4.2162,7.1501,0
-0.00039989,0.060425,-0.0029427,-8.8685e-22,4.6806,7.1272,0
-0.00036851,0.059814,-0.0031677,-2.1053e-22,5.1437,7.1021,0
-0.00033586,0.059192,-0.0033071,-3.2897e-22,5.6055,7.0749,0
-0.00030239,0.058544,-0.0033959,2.8556e-21,6.0658,7.0457,0
-0.00027046,0.057892,-0.0033807,2.344e-21,6.5245,7.0145,0
-0.00023556,0.057282,-0.0033079,-1.5686e-21,6.9815,6.9815,0
2.4219e-05,0.052997,0.0023305,3.7103e-23,-6.7798,7.286,0
-3.593e-06,0.053482,0.0025831,-3.1689e-22,-6.3022,7.3143,0
-3.0109e-05,0.053983,0.002787,3.2053e-22,-5.8232,7.3408,0
-6.1833e-05,0.054573,0.0029945,3.4354e-23,-5.3428,7.3656,0
-9.6177e-05,0.055209,0.0031741,-7.5417e-22,-4.8611,7.3884,0
-0.00013453,0.05591,0.003319,5.284e-22,-4.3783,7.4092,0
-0.00017563,0.056659,0.0034192,3.8981e-22,-3.8945,7.428,0
-0.00021935,0.057445,0.0034533,-4.2151e-22,-3.4098,7.4447,0
-0.00026437,0.058251,0.0034183,6.1778e-23,-2.9242,7.4592,0
-0.00030976,0.059056,0.0032938,5.313e-24,-2.4379,7.4716,0
-0.0003537,0.059829,0.0030848,-7.2198e-24,-1.951,7.4818,0
-0.0003949,0.060556,0.0027822,3.69e-22,-1.4637,7.4897,0
-0.00043143,0.061189,0.0024045,6.453e-23,-0.976,7.4954,0
-0.00046224,0.061731,0.0019508,-3.0807e-22,-0.48806,7.4989,0
-0.00048597,0.062141,0.0014627,-6.0659e-23,-7.4015e-17,7.5,0
-0.0005024,0.062426,0.00093119,-3.9242e-22,0.48806,7.4989,0
-0.00051124,0.06258,0.00041174,-9.3884e-23,0.976,7.4954,0
-0.00051286,0.062605,-0.00011361,2.8544e-22,1.4637,7.4897,0
-0.00050801,0.062514,-0.00059916,-9.3377e-24,1.951,7.4818,0
-0.00049714,0.062316,-0.0010692,-1.0478e-23,2.4379,7.4716,0
-0.0004814,0.062027,-0.0014838,-1.2399e-22,2.9242,7.4592,0
-0.0004609,0.061644,-0.0018775,-1.4183e-21,3.4098,7.4447,0
-0.00043733,0.061207,-0.0022046,1.1624e-21,3.8945,7.428,0
-0.00040982,0.060684,-0.0025067,1.189e-21,4.3783,7.4092,0
-0.00038063,0.060138,-0.0027277,-2.9639e-21,4.8611,7.3884,0
-0.00034879,0.059524,-0.0029096,1.0326e-21,5.3428,7.3656,0
-0.00031602,0.05891,-0.0030114,3.1372e-22,5.8232,7.3408,0
-0.00028286,0.05828,-0.0030515,2.3342e-21,6.3022,7.3143,0
-0.00025152,0.057651,-0.0029952,1.9425e-21,6.7798,7.286,0
-0.00021844,0.057081,-0.0028635,-1.75e-21,7.2559,7.2559,0
2.9819e-05,0.052912,0.0019803,2.4586e-23,-7.0352,7.5574,0
2.1213e-06,0.053388,0.0022186,-1.4894e-22,-6.5387,7.5829,0
-2.3526e-05,0.053876,0.0024062,3.4412e-22,-6.0408,7.6068,0
-5.4258e-05,0.054452,0.0025998,7.5222e-23,-5.5418,7.629,0
-8.7635e-05,0.055076,0.0027711,-7.3685e-22,-5.0417,7.6495,0
-0.00012491,0.055761,0.0029122,4.4185e-22,-4.5405,7.6683,0
-0.00016498,0.056495,0.0030149,1.0422e-21,-4.0384,7.6852,0
-0.00020769,0.057266,0.0030587,-3.924e-22,-3.5354,7.7002,0
-0.00025179,0.058059,0.0030402,-9.3708e-22,-3.0318,7.7133,0
-0.00029637,0.058851,0.002941,-7.6639e-23,-2.5274,7.7244,0
-0.00033968,0.059616,0.0027624,6.4438e-23,-2.0226,7.7336,0
-0.00038046,0.060334,0.0024987,-1.3805e-22,-1.5173,7.7408,0
-0.00041672,0.060964,0.0021629,2.3356e-22,-1.0117,7.7459,0
-0.00044748,0.061503,0.0017559,1.8484e-23,-0.50592,7.749,0
-0.00047125,0.061911,0.001316,-2.8699e-23,-6.6613e-17,7.75,0
-0.00048786,0.062202,0.00083262,-5.2438e-23,0.50592,7.749,0
-0.00049683,0.062354,0.00036134,3.8948e-22,1.0117,7.7459,0
-0.00049855,0.062381,-0.00011751,1.5448e-22,1.5173,7.7408,0
-0.00049361,0.06229,-0.00055907,3.7475e-22,2.0226,7.7336,0
-0.00048257,0.062089,-0.00098641,2.14e-22,2.5274,7.7244,0
-0.00046635,0.061793,-0.001358,-1.8221e-21,3.0318,7.7133,0
-0.00044539,0.061405,-0.0017141,-1.3122e-21,3.5354,7.7002,0
-0.00042121,0.06096,-0.0019978,1.9621e-21,4.0384,7.6852,0
-0.00039308,0.060429,-0.0022635,1.066e-21,4.5405,7.6683,0
-0.00036356,0.059886,-0.0024395,-2.5443e-21,5.0417,7.6495,0
-0.00033139,0.059271,-0.002586,-7.4096e-23,5.5418,7.629,0
-0.00029902,0.058673,-0.0026542,7.0111e-23,6.0408,7.6068,0
-0.00026653,0.058066,-0.0026604,1.7704e-21,6.5387,7.5829,0
-0.00023673,0.057473,-0.0025776,1.7313e-21,7.0352,7.5574,0
-0.00020413,0.05694,-0.0024421,-7.8743e-22,7.5303,7.5303,0
3.5963e-05,0.052823,0.0016471,6.2976e-23,-7.2905,7.8288,0
8.2404e-06,0.053288,0.0018684,6.9626e-23,-6.7751,7.8514,0
-1.6705e-05,0.053769,0.0020362,9.5663e-23,-6.2585,7.8727,0
-4.6653e-05,0.054335,0.0022091,-9.337e-23,-5.7409,7.8924,0
-7.9335e-05,0.054951,0.0023657,-8.554e-23,-5.2222,7.9107,0
-0.00011583,0.055628,0.0024951,4.8112e-22,-4.7027,7.9273,0
-0.00015518,0.056354,0.0025933,5.8214e-22,-4.1823,7.9424,0
-0.00019717,0.057116,0.0026393,-4.8242e-22,-3.6611,7.9557,0
-0.00024061,0.057901,0.0026305,-5.4618e-22,-3.1393,7.9674,0
-0.00028459,0.058684,0.0025502,-3.7247e-22,-2.617,7.9773,0
-0.0003274,0.059445,0.0023966,3.5622e-22,-2.0942,7.9854,0
-0.00036783,0.060154,0.0021678,3.5163e-22,-1.571,7.9918,0
-0.00040386,0.060784,0.0018708,-2.4062e-22,-1.0475,7.9963,0
-0.00043455,0.06132,0.0015098,1.0931e-22,-0.52378,7.9991,0
-0.0004583,0.061727,0.0011164,7.7718e-23,-5.9212e-17,8,0
-0.00047499,0.062021,0.00068243,-4.2566e-23,0.52378,7.9991,0
-0.00048396,0.062169,0.00026053,-3.1979e-22,1.0475,7.9963,0
-0.00048566,0.062198,-0.00017106,7.1471e-22,1.571,7.9918,0
-0.00048055,0.062104,-0.00056712,3.3986e-22,2.0942,7.9854,0
-0.00046922,0.061897,-0.00094898,-9.9188e-22,2.617,7.9773,0
-0.00045243,0.061592,-0.0012806,-1.1981e-21,3.1393,7.9674,0
-0.000431,0.061199,-0.001598,-9.1795e-22,3.6611,7.9557,0
-0.00040617,0.060745,-0.0018433,1.2364e-21,4.1823,7.9424,0
-0.00037752,0.060208,-0.0020749,8.3094e-22,4.7027,7.9273,0
-0.0003477,0.059664,-0.0022152,-1.1708e-21,5.2222,7.9107,0
-0.00031518,0.059052,-0.0023319,-1.3872e-21,5.7409,7.8924,0
-0.00028309,0.058461,-0.0023705,5.702e-22,6.2585,7.8727,0
-0.00025098,0.057871,-0.0023424,1.789e-21,6.7751,7.8514,0
-0.00022222,0.057298,-0.002231,-3.4927e-22,7.2905,7.8288,0
-0.00019112,0.056807,-0.0020553,7.7565e-23,7.8047,7.8047,0
4.1988e-05,0.0527,0.0013468,2.2593e-22,-7.5459,8.1002,0
1.4207e-05,0.053154,0.0015561,-1.933e-22,-7.0115,8.12,0
-9.9949e-06,0.053622,0.0017061,-1.5414e-22,-6.4762,8.1386,0
-3.916e-05,0.05418,0.0018638,1.6112e-22,-5.9399,8.1559,0
-7.1174e-05,0.054787,0.0020101,-6.3739e-23,-5.4028,8.1718,0
-0.00010694,0.055456,0.0021338,-1.9889e-22,-4.8648,8.1864,0
-0.00014569,0.056175,0.0022312,0,-4.3262,8.1996,0
-0.00018711,0.056932,0.0022839,0,-3.7868,8.2113,0
-0.00023008,0.057713,0.0022876,3.6552e-22,-3.2469,8.2214,0
-0.0002737,0.058494,0.0022278,-3.9978e-22,-2.7065,8.2301,0
-0.00031629,0.059253,0.0021006,-6.3056e-23,-2.1657,8.2373,0
-0.00035661,0.059961,0.001905,5.7645e-22,-1.6246,8.2428,0
-0.00039266,0.060596,0.0016456,-2.5246e-22,-1.0832,8.2468,0
-0.00042345,0.061129,0.001329,3.7606e-23,-0.54164,8.2492,0
-0.00044732,0.061543,0.00097883,5.6888e-23,-5.181e-17,8.25,0
-0.00046419,0.061838,0.0005931,1.8612e-23,0.54164,8.2492,0
-0.00047321,0.061987,0.00021873,-3.3357e-22,1.0832,8.2468,0
-0.00047485,0.062016,-0.00016781,5.2207e-22,1.6246,8.2428,0
-0.0004695,0.061917,-0.00051698,-5.3675e-22,2.1657,8.2373,0
-0.00045776,0.061706,-0.0008543,-5.9847e-22,2.7065,8.2301,0
-0.00044027,0.061391,-0.0011454,6.2643e-22,3.2469,8.2214,0
-0.00041828,0.06099,-0.0014244,0,3.7868,8.2113,0
-0.00039272,0.060529,-0.0016274,0,4.3262,8.1996,0
-0.00036353,0.059985,-0.0018272,-7.4254e-22,4.8648,8.1864,0
-0.00033341,0.059438,-0.0019295,3.9353e-23,5.4028,8.1718,0
-0.00030057,0.058834,-0.0020188,1.6254e-22,5.9399,8.1559,0
-0.00026925,0.058253,-0.0020318,2.8946e-21,6.4762,8.1386,0
-0.00023781,0.057682,-0.0019855,1.4248e-21,7.0115,8.12,0
-0.00021112,0.057145,-0.0018659,-2.5656e-21,7.5459,8.1002,0
-0.00018058,0.05669,-0.0016844,-6.6645e-22,8.0791,8.0791,0
4.8567e-05,0.052555,0.0010668,3.5051e-22,-7.8012,8.3716,0
2.0264e-05,0.052995,0.0012558,-2.6977e-22,-7.248,8.3886,0
-3.324e-06,0.053457,0.0013826,-2.2496e-22,-6.6939,8.4045,0
-3.1908e-05,0.054007,0.0015139,4.2861e-25,-6.139,8.4193,0
-6.3488e-05,0.054611,0.0016404,-3.7579e-24,-5.5833,8.433,0
-9.8753e-05,0.055276,0.0017468,3.0588e-22,-5.027,8.4455,0
-0.0001371,0.055993,0.0018344,-5.7113e-22,-4.47,8.4568,0
-0.00017815,0.05675,0.0018846,-2.5039e-22,-3.9125,8.4668,0
-0.00022083,0.057528,0.0018943,4.575e-22,-3.3545,8.4755,0
-0.0002642,0.058311,0.0018497,-9.028e-23,-2.7961,8.483,0
-0.00030662,0.059069,0.001747,-9.1566e-24,-2.2373,8.4891,0
-0.00034689,0.059779,0.0015833,-2.6571e-22,-1.6782,8.4938,0
-0.00038296,0.060418,0.0013632,-1.7121e-22,-1.1189,8.4973,0
-0.00041385,0.06095,0.0010926,2.1657e-22,-0.5595,8.4993,0
-0.00043779,0.061373,0.00078902,2.7666e-22,-4.4409e-17,8.5,0
-0.00045476,0.061662,0.00045625,3.4875e-22,0.5595,8.4993,0
-0.00046375,0.061818,0.00013123,-1.0839e-22,1.1189,8.4973,0
-0.00046526,0.061844,-0.00020452,-3.2872e-22,1.6782,8.4938,0
-0.00045962,0.061738,-0.00050661,1.2064e-23,2.2373,8.4891,0
-0.00044738,0.061526,-0.00079748,1.5947e-22,2.7961,8.483,0
-0.00042913,0.061195,-0.0010488,1.0736e-21,3.3545,8.4755,0
-0.00040661,0.06079,-0.0012905,-9.9433e-22,3.9125,8.4668,0
-0.00038029,0.060317,-0.0014592,-1.2655e-21,4.47,8.4568,0
-0.0003507,0.059772,-0.0016289,1.2195e-21,5.027,8.4455,0
-0.00032012,0.059216,-0.0017028,4.431e-22,5.5833,8.433,0
-0.00028692,0.058618,-0.0017746,-6.8655e-22,6.139,8.4193,0
-0.00025643,0.058042,-0.0017605,2.3822e-21,6.6939,8.4045,0
-0.00022496,0.057489,-0.0016999,1.5433e-21,7.248,8.3886,0
-0.00020046,0.056968,-0.001557,-2.8901e-21,7.8012,8.3716,0
-0.00017076,0.056555,-0.0013386,-9.5119e-22,8.3536,8.3536,0
5.5939e-05,0.052376,0.00082781,-1.2956e-22,-8.0566,8.643,0
2.6754e-05,0.052812,0.00099664,7.15e-23,-7.4844,8.6571,0
3.7875e-06,0.053263,0.0011049,8.6285e-24,-6.9116,8.6704,0
-2.4078e-05,0.053805,0.0012194,-1.9292e-22,-6.338,8.6828,0
-5.5235e-05,0.054405,0.0013329,2.5545e-23,-5.7639,8.6942,0
-9.0085e-05,0.055067,0.0014301,5.7308e-22,-5.1892,8.7046,0
-0.00012818,0.055784,0.0015112,-4.6511e-22,-4.6139,8.714,0
-0.00016909,0.056544,0.0015637,-4.6869e-22,-4.0382,8.7223,0
-0.00021176,0.057325,0.0015802,5.2872e-22,-3.4621,8.7296,0
-0.00025522,0.058114,0.0015507,-3.8937e-24,-2.8856,8.7358,0
-0.00029782,0.058877,0.0014694,-5.2876e-23,-2.3089,8.7409,0
-0.00033835,0.059596,0.0013335,-3.1678e-22,-1.7318,8.7449,0
-0.00037475,0.06024,0.0011489,-1.4865e-22,-1.1547,8.7477,0
-0.00040593,0.060782,0.00091797,2.5384e-22,-0.57736,8.7494,0
-0.00043012,0.061209,0.00065795,2.8897e-22,-3.7007e-17,8.75,0
-0.00044731,0.061503,0.00037237,3.2008e-22,0.57736,8.7494,0
-0.00045627,0.061662,9.3539e-05,-1.6341e-22,1.1547,8.7477,0
-0.00045758,0.061684,-0.00019182,-2.31e-22,1.7318,8.7449,0
-0.00045156,0.061576,-0.00044842,7.2904e-23,2.3089,8.7409,0
-0.0004386,0.06135,-0.00069078,3.9922e-24,2.8856,8.7358,0
-0.00041944,0.061012,-0.00090163,1.1472e-21,3.4621,8.7296,0
-0.00039621,0.060594,-0.0011055,-1.1607e-21,4.0382,8.7223,0
-0.00036896,0.060111,-0.001236,-8.0865e-22,4.6139,8.714,0
-0.00033882,0.05956,-0.0013738,1.882e-21,5.1892,8.7046,0
-0.00030759,0.059,-0.0014185,-1.4891e-22,5.7639,8.6942,0
-0.00027428,0.0584,-0.0014737,-8.0889e-22,6.338,8.6828,0
-0.00024509,0.057843,-0.0014388,1.7751e-22,6.9116,8.6704,0
-0.00021384,0.057298,-0.0013884,-7.3317e-22,7.4844,8.6571,0
-0.00019309,0.056821,-0.001245,2.9089e-22,8.0566,8.643,0
-0.0001633,0.056421,-0.0010519,-3.2949e-22,8.628,8.628,0
6.37e-05,0.0522,0.00059893,-4.8447e-23,-8.3119,8.9144,0
3.3373e-05,0.052642,0.00073742,1.8954e-22,-7.7209,8.9257,0
1.0422e-05,0.053099,0.00081516,4.8461e-24,-7.1293,8.9363,0
-1.6954e-05,0.053633,0.00089673,-2.5092e-23,-6.5371,8.9462,0
-4.7766e-05,0.054232,0.00098468,-3.5429e-24,-5.9444,8.9553,0
-8.228e-05,0.054891,0.0010607,-1.0115e-23,-5.3513,8.9637,0
-0.00012021,0.05561,0.0011272,-2.0194e-23,-4.7578,8.9712,0
-0.00016106,0.056371,0.0011731,-9.8592e-23,-4.1639,8.9779,0
-0.00020378,0.057159,0.0011933,-4.7058e-22,-3.5697,8.9837,0
-0.00024736,0.057951,0.0011771,1.0341e-24,-2.9752,8.9886,0
-0.00029018,0.058722,0.0011197,3.1236e-22,-2.3804,8.9927,0
-0.00033101,0.059446,0.0010157,-2.6263e-22,-1.7855,8.9959,0
-0.00036773,0.060097,0.0008712,-1.3459e-22,-1.1904,8.9982,0
-0.00039921,0.060648,0.00068802,2.4568e-22,-0.59522,8.9995,0
-0.00042358,0.061076,0.00047749,2.714e-22,-2.9606e-17,9,0
-0.00044093,0.061379,0.00024671,3.1972e-22,0.59522,8.9995,0
-0.00044984,0.061536,2.1334e-05,-1.2559e-22,1.1904,8.9982,0
-0.00045096,0.061558,-0.00021166,-3.1734e-22,1.7855,8.9959,0
-0.00044453,0.061437,-0.00041795,5.8395e-22,2.3804,8.9927,0
-0.00043075,0.061204,-0.00061373,4.6831e-23,2.9752,8.9886,0
-0.00041067,0.060858,-0.00078911,-4.0439e-22,3.5697,8.9837,0
-0.00038681,0.06043,-0.00095556,2.045e-22,4.1639,8.9779,0
-0.00035868,0.059934,-0.00106,6.8119e-23,4.7578,8.9712,0
-0.00032809,0.059383,-0.0011732,4.618e-23,5.3513,8.9637,0
-0.00029618,0.05881,-0.0011988,1.4527e-23,5.9444,8.9553,0
-0.00026265,0.058214,-0.001248,5.7144e-22,6.5371,8.9462,0
-0.00023449,0.05764,-0.0011862,-5.9551e-22,7.1293,8.9363,0
-0.00020202,0.057103,-0.0011383,-1.7486e-21,7.7209,8.9257,0
-0.00018528,0.056676,-0.00096161,-1.3695e-21,8.3119,8.9144,0
-0.00015596,0.056293,-0.00070969,7.922e-22,8.9024,8.9024,0
7.217e-05,0.051976,0.00040856,1.7387e-22,-8.5673,9.1858,0
4.1487e-05,0.052413,0.00052992,1.7513e-22,-7.9573,9.1943,0
1.8421e-05,0.052876,0.00059628,-4.941e-22,-7.3469,9.2023,0
-8.5462e-06,0.053407,0.00066212,-3.8953e-25,-6.7362,9.2097,0
-3.9172e-05,0.054006,0.00073092,-2.2237e-23,-6.125,9.2165,0
-7.3523e-05,0.054668,0.00079162,1.1962e-23,-5.5135,9.2228,0
-0.00011149,0.055391,0.00084482,3.7834e-23,-4.9017,9.2284,0
-0.00015259,0.056161,0.00088482,-3.0499e-22,-4.2896,9.2334,0
-0.00019573,0.056962,0.00090423,-6.9002e-22,-3.6773,9.2378,0
-0.00023981,0.057766,0.00089644,6.9178e-22,-3.0647,9.2415,0
-0.0002832,0.058552,0.00085388,6.9366e-22,-2.452,9.2445,0
-0.00032465,0.059292,0.00077401,-6.3615e-22,-1.8391,9.2469,0
-0.00036203,0.059958,0.0006598,-1.4682e-22,-1.2261,9.2486,0
-0.00039404,0.060522,0.00051576,2.5203e-22,-0.61308,9.2497,0
-0.00041882,0.06096,0.00034682,2.7363e-22,-2.2204e-17,9.25,0
-0.0004365,0.06127,0.00016266,2.9904e-22,0.61308,9.2497,0
-0.00044532,0.061429,-1.2421e-05,-1.6082e-22,1.2261,9.2486,0
-0.00044621,0.061447,-0.00019052,-9.6057e-22,1.8391,9.2469,0
-0.00043911,0.061308,-0.00034735,9.0143e-22,2.452,9.2445,0
-0.00042413,0.061067,-0.00049814,9.864e-22,3.0647,9.2415,0
-0.00040298,0.060701,-0.00063074,-1.0826e-21,3.6773,9.2378,0
-0.0003782,0.060262,-0.00075658,-5.4643e-22,4.2896,9.2334,0
-0.00034892,0.059748,-0.00082882,-1.1826e-22,4.9017,9.2284,0
-0.00031767,0.059186,-0.000909,-1.1811e-22,5.5135,9.2228,0
-0.00028481,0.058598,-0.00091227,-1.0323e-22,6.125,9.2165,0
-0.00025137,0.058005,-0.00094422,-1.0101e-22,6.7362,9.2097,0
-0.00022486,0.057418,-0.00085986,2.5669e-21,7.3469,9.2023,0
-0.00019183,0.056943,-0.00089594,-1.9622e-21,7.9573,9.1943,0
-0.00018384,0.056617,-0.00072455,-3.0571e-21,8.5673,9.1858,0
-0.00015495,0.05612,-0.00038444,6.9798e-22,9.1768,9.1768,0
7.9638e-05,0.051743,0.00020783,9.3159e-23,-8.8226,9.4572,0
4.8651e-05,0.052185,0.00028018,2.8144e-22,-8.1938,9.4629,0
2.5214e-05,0.052655,0.00030971,-3.1128e-22,-7.5646,9.4682,0
-1.2487e-06,0.05318,0.00034877,2.5916e-24,-6.9352,9.4731,0
-3.1498e-05,0.053774,0.00039267,2.0895e-22,-6.3056,9.4777,0
-6.5644e-05,0.054435,0.00042938,3.2019e-22,-5.6757,9.4818,0
-0.00010362,0.05516,0.00046476,-1.8966e-22,-5.0456,9.4856,0
-0.00014494,0.055937,0.00049441,-5.1477e-22,-4.4153,9.4889,0
-0.00018846,0.056746,0.00051685,-3.2248e-22,-3.7848,9.4918,0
-0.00023303,0.057561,0.00052188,1.8922e-22,-3.1542,9.4943,0
-0.00027698,0.058359,0.00050267,3.6352e-22,-2.5235,9.4964,0
-0.00031907,0.059113,0.00045539,-2.8361e-22,-1.8927,9.4979,0
-0.00035711,0.05979,0.00038457,-1.4103e-22,-1.2619,9.4991,0
-0.00038965,0.060363,0.00029138,2.519e-22,-0.63094,9.4998,0
-0.00041477,0.060805,0.00017602,2.8869e-22,-1.4803e-17,9.5,0
-0.00043277,0.06112,5.1667e-05,2.8959e-22,0.63094,9.4998,0
-0.00044171,0.061275,-6.7526e-05,-2.7235e-22,1.2619,9.4991,0
-0.0004424,0.06127,-0.0001864,-6.0338e-22,1.8927,9.4979,0
-0.00043449,0.06111,-0.00029344,5.3469e-22,2.5235,9.4964,0
-0.0004184,0.06085,-0.00040117,5.0393e-22,3.1542,9.4943,0
-0.00039632,0.060448,-0.00050089,-6.7176e-22,3.7848,9.4918,0
-0.00037066,0.059979,-0.00059449,-1.5097e-21,4.4153,9.4889,0
-0.0003404,0.059417,-0.00064605,-1.0118e-21,5.0456,9.4856,0
-0.00030851,0.058828,-0.00070606,8.6126e-22,5.6757,9.4818,0
-0.000275,0.058193,-0.00070552,9.4937e-22,6.3056,9.4777,0
-0.00024195,0.057592,-0.0007337,1.097e-22,6.9352,9.4731,0
-0.00021733,0.056949,-0.00067934,1.7577e-21,7.5646,9.4682,0
-0.00018129,0.05647,-0.00077842,-5.9498e-22,8.1938,9.4629,0
-0.00017906,0.056024,-0.0003456,-1.3636e-21,8.8226,9.4572,0
-0.00014195,0.055679,0.00028106,5.646e-22,9.4512,9.4512,0
8.9107e-05,0.05126,9.5665e-05,-3.2542e-22,-9.078,9.7286,0
5.8677e-05,0.051623,0.00014824,3.8717e-22,-8.4302,9.7314,0
3.4066e-05,0.051992,0.00015645,7.8248e-24,-7.7823,9.7341,0
7.4755e-06,0.052402,0.00017341,-4.8853e-23,-7.1343,9.7366,0
-2.255e-05,0.052879,0.00019227,1.9187e-22,-6.4861,9.7388,0
-5.6576e-05,0.053412,0.00020592,3.6262e-22,-5.8378,9.7409,0
-9.4771e-05,0.053999,0.00021753,-1.69e-22,-5.1895,9.7428,0
-0.00013669,0.054635,0.00023026,-3.1077e-22,-4.541,9.7445,0
-0.00018109,0.055305,0.00024242,1.6276e-23,-3.8924,9.7459,0
-0.00022661,0.056006,0.00024862,-4.1018e-22,-3.2438,9.7472,0
-0.00027157,0.056699,0.00023729,-5.2843e-23,-2.5951,9.7482,0
-0.00031476,0.057356,0.00020931,1.6021e-22,-1.9464,9.749,0
-0.00035388,0.05793,0.000166,-1.4597e-22,-1.2976,9.7495,0
-0.00038721,0.058396,0.00011293,2.4922e-22,-0.64881,9.7499,0
-0.00041294,0.058719,4.0506e-05,2.9124e-22,-7.4015e-18,9.75,0
-0.00043128,0.058869,-3.3506e-05,3.1644e-22,0.64881,9.7499,0
-0.00044034,0.058859,-9.0054e-05,-2.8203e-22,1.2976,9.7495,0
-0.00044033,0.058694,-0.00014435,1.2274e-22,1.9464,9.749,0
-0.00043096,0.05838,-0.00019966,7.9609e-25,2.5951,9.7482,0
-0.00041359,0.057941,-0.00025344,-4.8184e-22,3.2438,9.7472,0
-0.00039024,0.057363,-0.0003021,-3.5073e-23,3.8924,9.7459,0
-0.00036337,0.056682,-0.00034793,-1.0333e-21,4.541,9.7445,0
-0.00033184,0.055911,-0.00036565,-7.9075e-22,5.1895,9.7428,0
-0.00029904,0.055121,-0.00039239,1.7751e-21,5.8378,9.7409,0
-0.00026454,0.054265,-0.00037567,9.0948e-22,6.4861,9.7388,0
-0.00023194,0.053491,-0.00039641,-9.1154e-22,7.1343,9.7366,0
-0.00020785,0.052604,-0.00031293,5.5767e-23,7.7823,9.7341,0
-0.00017063,0.052095,-0.00038063,-1.0385e-21,8.4302,9.7314,0
-0.00018454,0.051019,7.3872e-05,-1.7502e-22,9.078,9.7286,0
-0.00018733,0.051916,0.00062784,4.3021e-22,9.7256,9.7256,0
9.5547e-05,0,0,0,-9.3333,10,0
6.6925e-05,0,0,0,-8.6667,10,0
4.1885e-05,0,0,0,-8,10,0
1.5327e-05,0,0,0,-7.3333,10,0
-1.4442e-05,0,0,0,-6.6667,10,0
-4.8204e-05,0,0,0,-6,10,0
-8.6396e-05,0,0,0,-5.3333,10,0
-0.0001287,0,0,0,-4.6667,10,0
-0.00017382,0,0,0,-4,10,0
-0.00022019,0,0,0,-3.3333,10,0
-0.00026613,0,0,0,-2.6667,10,0
-0.0003104,0,0,0,-2,10,0
-0.00035068,0,0,0,-1.3333,10,0
-0.00038493,0,0,0,-0.66667,10,0
-0.00041154,0,0,0,0,10,0
-0.00043042,0,0,0,0.66667,10,0
-0.00043958,0,0,0,1.3333,10,0
-0.00043899,0,0,0,2,10,0
-0.00042853,0,0,0,2.6667,10,0
-0.00041013,0,0,0,3.3333,10,0
-0.00038565,0,0,0,4,10,0
-0.00035752,0,0,0,4.6667,10,0
-0.00032475,0,0,0,5.3333,10,0
-0.00029092,0,0,0,6,10,0
-0.00025573,0,0,0,6.6667,10,0
-0.00022421,0,0,0,7.3333,10,0
-0.00020072,0,0,0,8,10,0
-0.00016891,0,0,0,8.6667,10,0
-0.0002007,0,0,0,9.3333,10,0
-0.0001278,0,0,0,10,10,0
-0.001107,0.011984,-0.00068775,7.3308e-21,2.1293,-1.9282,0
-0.0011173,0,0,0,1.8579,-1.6728,0
-0.0011196,0.043611,0.004288,-9.1277e-21,2.4007,-2.1835,0
-0.0010819,0.058521,0.0060415,1.0641e-21,2.6721,-2.4389,0
-0.00095475,0.063021,0.0065774,4.7304e-22,2.9435,-2.6942,0
-0.00082226,0.063223,0.0057916,3.4361e-22,3.2149,-2.9496,0
-0.00071185,0.063054,0.0047241,5.8932e-23,3.4863,-3.2049,0
-0.00061966,0.062689,0.0036374,-2.1691e-22,3.7577,-3.4603,0
-0.00055168,0.062532,0.0026851,-5.1996e-22,4.0291,-3.7156,0
-0.00050504,0.062552,0.0017896,5.5747e-22,4.3005,-3.971,0
-0.00047003,0.062673,0.0013266,-4.9448e-22,4.5719,-4.2263,0
-0.00045487,0.062784,0.0010735,-1.0651e-21,4.8433,-4.4817,0
-0.00044365,0.062867,0.0010884,-1.3265e-21,5.1147,-4.737,0
-0.00043875,0.062857,0.0012196,-1.3783e-21,5.3861,-4.9924,0
-0.00043,0.062722,0.0013827,-9.0114e-22,5.6575,-5.2477,0
-0.00042158,0.062501,0.001548,3.4481e-22,5.9289,-5.5031,0
-0.00041347,0.062233,0.0017197,1.3109e-22,6.2003,-5.7584,0
-0.0004054,0.061899,0.0018695,-1.9698e-22,6.4717,-6.0138,0
-0.00039769,0.061545,0.0019945,2.602e-22,6.7431,-6.2691,0
-0.0003883,0.061173,0.0020445,-9.3152e-24,7.0145,-6.5245,0
-0.0003784,0.060814,0.0020612,-7.4545e-22,7.286,-6.7798,0
-0.00036843,0.060458,0.0020446,-6.3071e-22,7.5574,-7.0352,0
-0.00035741,0.060149,0.001994,-5.9446e-22,7.8288,-7.2905,0
-0.00034675,0.059828,0.0019217,4.9383e-22,8.1002,-7.5459,0
-0.00033485,0.059541,0.0017934,1.5215e-21,8.3716,-7.8012,0
-0.00032339,0.059207,0.001641,-1.3102e-22,8.643,-8.0566,0
-0.00030983,0.058932,0.0014725,3.7569e-22,8.9144,-8.3119,0
-0.00029854,0.058542,0.001153,1.1354e-21,9.1858,-8.5673,0
-0.00027395,0.058298,0.00081568,6.054e-22,9.4572,-8.8226,0
-0.00029102,0.057598,0.00027361,-7.7816e-23,9.7286,-9.078,0
-0.00027949,0.056147,0.00014274,8.0461e-24,10,-9.3333,0
-0.0011514,0.0041039,-0.0023249,2.987e-21,2.2114,-1.8097,0
-0.0011572,0,0,0,1.9429,-1.5733,0
-0.0011644,0.032386,0.0038582,8.9707e-21,2.48,-2.0462,0
-0.0011358,0.052572,0.0055631,1.8578e-21,2.7486,-2.2826,0
-0.0010117,0.06037,0.0069495,0,3.0171,-2.5191,0
-0.0008658,0.062045,0.0064072,2.4025e-21,3.2857,-2.7555,0
-0.00073786,0.062404,0.0052035,2.5815e-21,3.5543,-2.992,0
-0.00063154,0.062297,0.0038998,2.1401e-23,3.8229,-3.2284,0
-0.0005498,0.062269,0.0027119,-7.8901e-22,4.0914,-3.4649,0
-0.00048847,0.062364,0.0017001,-2.8457e-22,4.36,-3.7013,0
-0.00044827,0.06262,0.0011324,-1.4332e-21,4.6286,-3.9378,0
-0.00042939,0.062872,0.00081619,-2.6527e-21,4.8971,-4.1742,0
-0.00041615,0.063072,0.00083168,-1.8606e-21,5.1657,-4.4106,0
-0.00041052,0.063158,0.0010237,-1.6408e-21,5.4343,-4.6471,0
-0.00040725,0.063104,0.0012789,-8.5375e-22,5.7029,-4.8835,0
-0.00040006,0.062871,0.0015861,-1.4473e-21,5.9714,-5.12,0
-0.00039527,0.062573,0.0019152,-4.7649e-22,6.24,-5.3564,0
-0.00039017,0.062212,0.0021869,-1.7539e-22,6.5086,-5.5929,0
-0.0003849,0.061836,0.0023993,-1.1183e-22,6.7771,-5.8293,0
-0.00037818,0.061404,0.0025319,-1.2825e-21,7.0457,-6.0658,0
-0.00037034,0.061,0.002606,-1.1277e-21,7.3143,-6.3022,0
-0.00036205,0.060566,0.0026234,-5.5315e-22,7.5829,-6.5387,0
-0.00035326,0.06019,0.0025944,-8.1578e-22,7.8514,-6.7751,0
-0.00034438,0.059822,0.0025436,-9.9696e-22,8.12,-7.0115,0
-0.00033581,0.059505,0.0024501,-5.3402e-22,8.3886,-7.248,0
-0.00032765,0.059177,0.0023011,7.576e-22,8.6571,-7.4844,0
-0.00031835,0.058901,0.0021682,8.9105e-22,8.9257,-7.7209,0
-0.00031148,0.058595,0.0019027,9.7684e-22,9.1943,-7.9573,0
-0.00029849,0.058284,0.0016988,5.1992e-22,9.4629,-8.1938,0
-0.00028775,0.057963,0.0013236,4.9885e-22,9.7314,-8.4302,0
-0.00027559,0.057373,0.0011255,0,10,-8.6667,0
-0.0011539,-0.0018927,-0.0028537,-3.5363e-20,2.2885,-1.6871,0
-0.0011439,0,0,0,2.0225,-1.4695,0
-0.0011935,0.01918,0.0035918,8.1575e-21,2.5544,-1.9048,0
-0.0011859,0.042518,0.0050626,3.8852e-21,2.8203,-2.1225,0
-0.0010681,0.055759,0.0072398,-3.4809e-21,3.0862,-2.3402,0
-0.00090561,0.059613,0.0070798,0,3.3521,-2.5579,0
-0.00075423,0.060936,0.0057998,1.3523e-21,3.618,-2.7756,0
-0.00063272,0.061398,0.0043056,1.1122e-21,3.8839,-2.9933,0
-0.00054031,0.061688,0.002866,-1.8618e-22,4.1499,-3.2109,0
-0.00047293,0.061922,0.0016135,6.5888e-23,4.4158,-3.4286,0
-0.00042787,0.062337,0.00085722,1.6961e-22,4.6817,-3.6463,0
-0.00039956,0.062795,0.00048188,-2.3596e-22,4.9476,-3.864,0
-0.0003825,0.063201,0.00047648,6.7855e-22,5.2135,-4.0817,0
-0.00037887,0.063456,0.00072715,5.7421e-22,5.4794,-4.2994,0
-0.00037922,0.063579,0.0011336,8.5168e-23,5.7454,-4.517,0
-0.00037642,0.063418,0.0016022,-2.4959e-22,6.0113,-4.7347,0
-0.00037649,0.063074,0.0020645,-4.6233e-22,6.2772,-4.9524,0
-0.00037519,0.062589,0.0024834,6.9525e-22,6.5431,-5.1701,0
-0.00037255,0.062131,0.0028495,-8.5683e-22,6.809,-5.3878,0
-0.00036753,0.061618,0.0031031,-4.9299e-22,7.0749,-5.6055,0
-0.00036154,0.061149,0.0032685,1.2554e-23,7.3408,-5.8232,0
-0.00035399,0.060669,0.0033574,-3.294e-23,7.6068,-6.0408,0
-0.00034621,0.060211,0.0033661,4.4489e-22,7.8727,-6.2585,0
-0.00033723,0.059775,0.0033234,-5.5575e-22,8.1386,-6.4762,0
-0.00032862,0.059379,0.0032576,-1.2008e-21,8.4045,-6.6939,0
-0.00031977,0.059012,0.0031032,-4.5279e-22,8.6704,-6.9116,0
-0.00031076,0.058668,0.0029718,-2.626e-23,8.9363,-7.1293,0
-0.00030243,0.058377,0.0027431,-1.0245e-21,9.2023,-7.3469,0
-0.00029246,0.058047,0.002546,-5.0167e-22,9.4682,-7.5646,0
-0.00028246,0.057787,0.0022351,2.0498e-23,9.7341,-7.7823,0
-0.00026893,0.057421,0.0020055,0,10,-8,0
-0.0011502,-0.0027888,-0.006144,-1.0257e-20,2.3601,-1.5607,0
-0.0011367,0,0,0,2.0967,-1.3616,0
-0.0012136,0.010862,-4.7112e-05,-2.8834e-21,2.6236,-1.7597,0
-0.0012384,0.029014,0.0039787,5.4566e-21,2.887,-1.9588,0
-0.0011344,0.046746,0.0072518,-3.8165e-21,3.1505,-2.1578,0
-0.00096089,0.054933,0.0079685,1.7503e-21,3.4139,-2.3569,0
-0.00078795,0.058,0.0066125,1.485e-21,3.6773,-2.5559,0
-0.00064574,0.059441,0.0048311,1.0817e-21,3.9408,-2.755,0
-0.00052902,0.060355,0.0031674,1.4483e-21,4.2042,-2.9541,0
-0.00044476,0.06099,0.0017294,5.9617e-22,4.4677,-3.1531,0
-0.00039036,0.061708,0.00069905,6.6866e-22,4.7311,-3.3522,0
-0.00035857,0.062492,4.3809e-05,5.6773e-22,4.9946,-3.5512,0
-0.00034175,0.063223,-8.4699e-05,3.7897e-22,5.258,-3.7503,0
-0.00033669,0.0637,0.00019873,3.5116e-22,5.5215,-3.9493,0
-0.00034097,0.064008,0.00075057,4.5037e-22,5.7849,-4.1484,0
-0.00034365,0.064032,0.0015177,9.019e-22,6.0483,-4.3475,0
-0.0003487,0.063855,0.0022894,4.7877e-22,6.3118,-4.5465,0
-0.00035292,0.063359,0.002881,-2.097e-23,6.5752,-4.7456,0
-0.00035523,0.062775,0.003351,-7.4335e-23,6.8387,-4.9446,0
-0.00035325,0.062124,0.0037064,1.9913e-23,7.1021,-5.1437,0
-0.00035022,0.061484,0.0039634,-2.0973e-22,7.3656,-5.3428,0
-0.00034456,0.060885,0.0041323,-1.5411e-22,7.629,-5.5418,0
-0.00033848,0.060319,0.0042313,6.4072e-22,7.8924,-5.7409,0
-0.00033116,0.059799,0.0042267,3.4342e-23,8.1559,-5.9399,0
-0.00032371,0.059304,0.0041906,3.5692e-22,8.4193,-6.139,0
-0.00031577,0.058881,0.0040514,4.0891e-22,8.6828,-6.338,0
-0.00030718,0.058455,0.0039148,-6.2994e-22,8.9462,-6.5371,0
-0.00029911,0.058112,0.0036969,-3.4882e-22,9.2097,-6.7362,0
-0.00028972,0.057751,0.0034911,3.5155e-23,9.4731,-6.9352,0
-0.00028128,0.057454,0.0032102,2.5817e-22,9.7366,-7.1343,0
-0.00026943,0.057141,0.0029938,2.1957e-22,10,-7.3333,0
-0.0011646,-0.0033071,-0.0087808,-1.4344e-22,2.4262,-1.4306,0
-0.0011399,0,0,0,2.1651,-1.25,0
-0.001252,0.0074128,-0.002856,-1.6063e-20,2.6874,-1.6111,0
-0.0012999,0.018254,0.0029682,-7.5425e-21,2.9486,-1.7917,0
-0.0012063,0.03307,0.0074625,1.3308e-20,3.2097,-1.9722,0
-0.0010174,0.04505,0.0092531,-4.1861e-22,3.4709,-2.1528,0
-0.00081736,0.051803,0.0081331,-3.0037e-21,3.7321,-2.3333,0
-0.0006601,0.055389,0.0058869,-2.7886e-21,3.9932,-2.5139,0
-0.00053164,0.057541,0.0037365,3.2747e-22,4.2544,-2.6944,0
-0.00043093,0.058978,0.0018212,1.0811e-21,4.5155,-2.875,0
-0.00035967,0.060301,0.00031256,8.4437e-22,4.7767,-3.0556,0
-0.00031576,0.061595,-0.00060395,6.3091e-22,5.0379,-3.2361,0
-0.00029265,0.062946,-0.0008372,4.3593e-22,5.299,-3.4167,0
-0.00028687,0.064038,-0.0006278,5.258e-22,5.5602,-3.5972,0
-0.00029617,0.064699,4.2626e-05,1.4685e-21,5.8214,-3.7778,0
-0.00031036,0.064818,0.00097569,8.0758e-22,6.0825,-3.9583,0
-0.00032462,0.064701,0.0020509,3.1946e-22,6.3437,-4.1389,0
-0.00033238,0.064282,0.0030774,3.0477e-22,6.6049,-4.3194,0
-0.00033995,0.06367,0.0038808,6.3098e-24,6.866,-4.5,0
-0.00034198,0.062929,0.0044527,3.2745e-22,7.1272,-4.6806,0
-0.00034096,0.062116,0.0048636,1.084e-21,7.3884,-4.8611,0
-0.00033663,0.061339,0.0050938,1.1013e-21,7.6495,-5.0417,0
-0.00033108,0.060584,0.0052418,2.7838e-22,7.9107,-5.2222,0
-0.00032451,0.059933,0.0052781,9.703e-23,8.1718,-5.4028,0
-0.00031679,0.059302,0.0052516,-1.4114e-23,8.433,-5.5833,0
-0.00030946,0.058763,0.0051341,3.3666e-23,8.6942,-5.7639,0
-0.00030066,0.058237,0.0050135,5.8223e-24,8.9553,-5.9444,0
-0.00029301,0.057786,0.0048196,-3.6898e-23,9.2165,-6.125,0
-0.00028395,0.057351,0.0046249,-2.6823e-22,9.4777,-6.3056,0
-0.0002761,0.05696,0.0043582,-2.8553e-22,9.7388,-6.4861,0
-0.00026529,0.056595,0.0040972,2.2954e-23,10,-6.6667,0
-0.0011668,-0.0071995,-0.0089911,-1.9997e-20,2.4866,-1.2971,0
-0.0011126,0,0,0,2.2275,-1.135,0
-0.0012914,0.0022469,-0.0039292,-1.9474e-20,2.7457,-1.4593,0
-0.0013567,0.011516,0.002077,-1.7087e-20,3.0048,-1.6215,0
-0.0012714,0.020336,0.0078683,2.988e-21,3.2638,-1.7836,0
-0.0010731,0.030321,0.010319,-2.0055e-21,3.5229,-1.9458,0
-0.00085214,0.03935,0.0096831,-1.5336e-21,3.782,-2.108,0
-0.00066702,0.046289,0.0075332,-9.4117e-22,4.0411,-2.2701,0
-0.00051261,0.051225,0.0050275,-2.3739e-21,4.3002,-2.4323,0
-0.00039602,0.054528,0.0025462,-8.2464e-22,4.5593,-2.5945,0
-0.00031289,0.05712,0.00038283,-7.1438e-22,4.8183,-2.7567,0
-0.0002585,0.059412,-0.0012915,-7.6506e-22,5.0774,-2.9188,0
-0.00023599,0.0618,-0.0022932,-3.7792e-22,5.3365,-3.081,0
-0.00022964,0.063787,-0.0021484,-6.6836e-22,5.5956,-3.2432,0
-0.00023439,0.065327,-0.0010162,-1.0182e-24,5.8547,-3.4053,0
-0.00024943,0.066259,0.00032409,-2.9104e-22,6.1138,-3.5675,0
-0.00027769,0.066397,0.0017372,-3.7635e-22,6.3728,-3.7297,0
-0.00030296,0.065842,0.0031057,-1.3033e-22,6.6319,-3.8918,0
-0.00032108,0.064974,0.0043234,-6.5382e-24,6.891,-4.054,0
-0.00032967,0.064053,0.0052485,-1.9257e-22,7.1501,-4.2162,0
-0.00033181,0.063063,0.0058906,-3.8818e-22,7.4092,-4.3783,0
-0.00032992,0.062118,0.0062646,-2.9581e-22,7.6683,-4.5405,0
-0.00032541,0.061165,0.0064723,-3.906e-22,7.9273,-4.7027,0
-0.00031958,0.060313,0.0065278,3.1482e-22,8.1864,-4.8648,0
-0.00031182,0.059517,0.0065335,-1.8185e-22,8.4455,-5.027,0
-0.0003046,0.058815,0.0064424,-6.1295e-22,8.7046,-5.1892,0
-0.00029604,0.058178,0.0063124,1.4005e-23,8.9637,-5.3513,0
-0.00028831,0.05762,0.0061165,-3.4167e-23,9.2228,-5.5135,0
-0.00027963,0.057124,0.0059063,-2.4264e-22,9.4818,-5.6757,0
-0.00027166,0.056674,0.0056203,-4.9897e-22,9.7409,-5.8378,0
-0.00026146,0.056254,0.0053181,-2.7296e-22,10,-6,0
-0.0011196,-0.011876,-0.0068065,1.1526e-20,2.5411,-1.1607,0
-0.0010266,0,0,0,2.2839,-1.0168,0
-0.0013007,-0.0072809,-0.0025776,1.1399e-20,2.7983,-1.3046,0
-0.001399,0.0020167,0.0034785,-5.6778e-21,3.0555,-1.4485,0
-0.001321,0.010148,0.0095572,-1.9367e-20,3.3127,-1.5924,0
-0.0011151,0.016426,0.012365,-1.1578e-20,3.5699,-1.7363,0
-0.00089441,0.023355,0.011273,2.1562e-21,3.8271,-1.8801,0
-0.00069922,0.030951,0.0087532,1.259e-21,4.0843,-2.024,0
-0.00052537,0.038045,0.0062493,-4.0755e-23,4.3415,-2.1679,0
-0.00038322,0.04399,0.0036093,-1.0977e-21,4.5987,-2.3118,0
-0.00027022,0.04884,0.00091258,-7.7614e-22,4.8559,-2.4557,0
-0.00019571,0.05303,-0.001675,-8.309e-23,5.1131,-2.5996,0
-0.00016443,0.057479,-0.0033859,-1.6678e-22,5.3703,-2.7434,0
-0.00014976,0.061507,-0.0038003,-4.9006e-22,5.6275,-2.8873,0
-0.00017494,0.064852,-0.0033954,-7.472e-22,5.8847,-3.0312,0
-0.00022449,0.067143,-0.0019059,-2.7494e-22,6.1419,-3.1751,0
-0.00025938,0.068223,0.00078845,-3.1252e-22,6.3991,-3.319,0
-0.00028755,0.068206,0.0032967,-5.0133e-22,6.6563,-3.4629,0
-0.00031477,0.067194,0.0050286,-3.7223e-22,6.9135,-3.6067,0
-0.00033176,0.065807,0.0062577,-6.5545e-23,7.1708,-3.7506,0
-0.00033589,0.064377,0.0071629,-3.5079e-22,7.428,-3.8945,0
-0.00033324,0.063069,0.0077419,-7.7929e-22,7.6852,-4.0384,0
-0.00032739,0.061852,0.008093,-3.6851e-22,7.9424,-4.1823,0
-0.00032001,0.060755,0.0081993,0,8.1996,-4.3262,0
-0.0003109,0.059749,0.0081826,3.6387e-22,8.4568,-4.47,0
-0.0003023,0.05887,0.008036,2.9583e-22,8.714,-4.6139,0
-0.00029288,0.058084,0.0078271,2.0462e-23,8.9712,-4.7578,0
-0.00028437,0.057395,0.0075413,-3.4234e-23,9.2284,-4.9017,0
-0.00027539,0.056792,0.0072547,2.5119e-22,9.4856,-5.0456,0
-0.00026721,0.056259,0.0069248,2.494e-22,9.7428,-5.1895,0
-0.00025676,0.055781,0.0065677,7.7373e-24,10,-5.3333,0
-0.0010227,-0.01462,-0.0023142,1.3826e-20,2.5895,-1.0216,0
-0.00092267,0,0,0,2.334,-0.89592,0
-0.0012358,-0.017384,0.00095728,1.0294e-20,2.845,-1.1473,0
-0.001377,-0.013292,0.0067752,5.1785e-21,3.1006,-1.273,0
-0.0013318,-0.0051842,0.012773,-1.873e-21,3.3561,-1.3987,0
-0.0011354,0.0014465,0.015696,-8.8653e-21,3.6116,-1.5244,0
-0.00091289,0.0070205,0.014282,-7.9713e-22,3.8672,-1.6501,0
-0.00071984,0.012964,0.011268,-5.7604e-22,4.1227,-1.7758,0
-0.00053916,0.019107,0.0085911,2.2673e-21,4.3782,-1.9015,0
-0.00038098,0.024883,0.0060779,3.5268e-22,4.6338,-2.0271,0
-0.00025018,0.030638,0.0032585,-1.0785e-21,4.8893,-2.1528,0
-0.00015767,0.035963,-0.00027903,2.264e-22,5.1448,-2.2785,0
-0.00011319,0.041721,-0.0032248,7.5094e-23,5.4004,-2.4042,0
-7.5778e-05,0.048791,-0.0046951,1.9538e-22,5.6559,-2.5299,0
-6.7458e-05,0.056989,-0.0047479,-1.8213e-22,5.9114,-2.6556,0
-9.9073e-05,0.064312,-0.0032989,2.5281e-23,6.167,-2.7813,0
-0.00018349,0.069134,-0.00089379,3.4669e-22,6.4225,-2.907,0
-0.00027716,0.071194,0.0023062,-3.056e-22,6.678,-3.0327,0
-0.00032225,0.070813,0.0056172,-4.049e-22,6.9336,-3.1584,0
-0.00034862,0.069055,0.007851,2.1367e-22,7.1891,-3.2841,0
-0.0003584,0.066854,0.0091082,3.0946e-22,7.4447,-3.4098,0
-0.00035373,0.064802,0.0098031,3.0267e-22,7.7002,-3.5354,0
-0.00034367,0.063026,0.010169,3.5329e-22,7.9557,-3.6611,0
-0.00033212,0.06152,0.010281,0,8.2113,-3.7868,0
-0.00031894,0.060197,0.010233,2.1657e-22,8.4668,-3.9125,0
-0.00030701,0.059048,0.010032,3.5317e-22,8.7223,-4.0382,0
-0.00029492,0.058032,0.0097792,5.4107e-23,8.9779,-4.1639,0
-0.00028441,0.057129,0.0094496,1.5157e-22,9.2334,-4.2896,0
-0.00027404,0.05634,0.0091013,3.4974e-22,9.4889,-4.4153,0
-0.00026509,0.055634,0.0087019,2.6462e-22,9.7445,-4.541,0
-0.00025429,0.055007,0.008259,8.6957e-24,10,-4.6667,0
-0.00094994,-0.013817,0.0028801,1.2754e-20,2.6317,-0.88012,0
-0.00087285,0,0,0,2.3776,-0.77254,0
-0.0011333,-0.02176,0.0054968,2.436e-21,2.8858,-0.98771,0
-0.0012816,-0.024874,0.011017,4.6051e-21,3.1399,-1.0953,0
-0.0012824,-0.022155,0.016085,1.3204e-20,3.394,-1.2029,0
-0.0011379,-0.016999,0.018568,9.6134e-21,3.648,-1.3105,0
-0.00093896,-0.01253,0.017511,-1.1257e-21,3.9021,-1.418,0
-0.00075318,-0.0082947,0.015262,0,4.1562,-1.5256,0
-0.00057036,-0.0038655,0.013356,-1.6467e-21,4.4103,-1.6332,0
-0.0003982,0.00051167,0.011011,3.1791e-22,4.6643,-1.7408,0
-0.00025337,0.005528,0.0078942,2.3889e-21,4.9184,-1.8484,0
-0.00014655,0.010778,0.0039686,8.0475e-23,5.1725,-1.9559,0
-9.0194e-05,0.015378,-0.00050059,-2.8112e-22,5.4266,-2.0635,0
-5.6383e-05,0.021093,-0.0063277,2.6138e-22,5.6807,-2.1711,0
-4.8749e-05,0.030976,-0.010764,7.9104e-23,5.9347,-2.2787,0
-0.00010859,0.044118,-0.01027,-1.7472e-23,6.1888,-2.3863,0
-0.00021122,0.057904,-0.0056299,3.3498e-22,6.4429,-2.4939,0
-0.00030096,0.068616,0.00062029,4.2115e-22,6.697,-2.6014,0
-0.00038234,0.073121,0.006265,3.4855e-22,6.9511,-2.709,0
-0.00043645,0.072854,0.010327,4.0095e-22,7.2051,-2.8166,0
-0.00043024,0.070408,0.012494,-3.732e-23,7.4592,-2.9242,0
-0.00040656,0.067472,0.013247,5.9886e-22,7.7133,-3.0318,0
-0.00038376,0.064779,0.013416,3.6873e-22,7.9674,-3.1393,0
-0.00036147,0.06254,0.013321,-2.1044e-22,8.2214,-3.2469,0
-0.0003393,0.060724,0.01309,-2.8637e-22,8.4755,-3.3545,0
-0.00032027,0.059209,0.012737,-3.2914e-22,8.7296,-3.4621,0
-0.0003027,0.057927,0.012342,2.1556e-22,8.9837,-3.5697,0
-0.00028792,0.056818,0.011866,2.9158e-22,9.2378,-3.6773,0
-0.00027441,0.055865,0.011377,1.3083e-22,9.4918,-3.7848,0
-0.00026308,0.055035,0.010853,-8.6234e-24,9.7459,-3.8924,0
-0.0002503,0.054296,0.010272,0,10,-4,0
-0.00092252,-0.010871,0.0084761,4.7573e-21,2.6677,-0.73659,0
-0.00087182,0,0,0,2.4148,-0.64705,0
-0.001057,-0.020481,0.010475,-4.6941e-22,2.9205,-0.82613,0
-0.0011892,-0.026411,0.014448,6.9585e-22,3.1733,-0.91568,0
-0.0012165,-0.028074,0.018185,3.502e-21,3.4262,-1.0052,0
-0.0011354,-0.027224,0.020593,1.3728e-21,3.679,-1.0948,0
-0.0010055,-0.025605,0.019948,-1.235e-21,3.9319,-1.1843,0
-0.00084891,-0.023652,0.017975,-4.85e-22,4.1847,-1.2738,0
-0.00067562,-0.020706,0.015914,1.4621e-21,4.4375,-1.3634,0
-0.00049829,-0.01657,0.012772,3.0485e-21,4.6904,-1.4529,0
-0.0003293,-0.01172,0.0087847,4.2991e-21,4.9432,-1.5425,0
-0.00019605,-0.006148,0.0046594,4.0854e-21,5.196,-1.632,0
-0.00011994,-0.0010868,0.00041872,1.555e-21,5.4489,-1.7216,0
-9.9805e-05,0.0028804,-0.0076992,-3.9713e-23,5.7017,-1.8111,0
-0.00012864,0.0076435,-0.018325,3.2018e-22,5.9546,-1.9006,0
-0.00021105,0.016492,-0.025059,9.8374e-22,6.2074,-1.9902,0
-0.00032242,0.030513,-0.024378,7.5159e-22,6.4602,-2.0797,0
-0.00049721,0.048111,-0.014043,5.592e-22,6.7131,-2.1693,0
-0.00061223,0.063709,0.0010317,1.0207e-21,6.9659,-2.2588,0
-0.0006377,0.07124,0.012126,8.2571e-22,7.2188,-2.3484,0
-0.00063284,0.07161,0.017352,-6.8729e-24,7.4716,-2.4379,0
-0.00056389,0.069194,0.019026,4.8053e-23,7.7244,-2.5274,0
-0.00048855,0.066194,0.018914,2.5881e-22,7.9773,-2.617,0
-0.00043111,0.063336,0.01809,2.6674e-22,8.2301,-2.7065,0
-0.00038626,0.060884,0.017197,5.4733e-23,8.483,-2.7961,0
-0.00035018,0.058888,0.016382,1.7866e-24,8.7358,-2.8856,0
-0.00032118,0.057286,0.015619,-2.5974e-24,8.9886,-2.9752,0
-0.00029825,0.055976,0.014849,-3.0779e-22,9.2415,-3.0647,0
-0.00027895,0.054888,0.014079,-1.3314e-22,9.4943,-3.1542,0
-0.0002636,0.053973,0.013288,1.4253e-22,9.7472,-3.2438,0
-0.00024773,0.053164,0.012496,0,10,-3.3333,0
-0.00093351,-0.0088456,0.013826,-5.0073e-21,2.6972,-0.59134,0
-0.00090282,0,0,0,2.4454,-0.51978,0
-0.0010334,-0.017405,0.014471,-5.5835e-21,2.949,-0.66291,0
-0.0011469,-0.023172,0.016828,-5.6276e-21,3.2008,-0.73447,0
-0.0011976,-0.026348,0.01922,-7.3629e-22,3.4527,-0.80603,0
-0.0011715,-0.027274,0.020825,-2.086e-21,3.7045,-0.87759,0
-0.0010984,-0.027176,0.019908,6.376e-22,3.9563,-0.94916,0
-0.00098618,-0.026579,0.017307,2.563e-21,4.2081,-1.0207,0
-0.00083101,-0.024937,0.013697,3.2154e-21,4.4599,-1.0923,0
-0.00065724,-0.021545,0.0088846,-3.2334e-22,4.7118,-1.1638,0
-0.00048173,-0.01689,0.0034331,-1.9851e-21,4.9636,-1.2354,0
-0.00033523,-0.011238,-0.0020325,4.9301e-22,5.2154,-1.307,0
-0.00024497,-0.0049872,-0.0064031,-9.0539e-22,5.4672,-1.3785,0
-0.0002184,0.00039117,-0.012174,-5.1552e-23,5.719,-1.4501,0
-0.00024293,0.0029011,-0.021233,-4.5025e-22,5.9709,-1.5217,0
-0.0003024,0.004589,-0.031557,-1.4277e-22,6.2227,-1.5932,0
-0.00043866,0.0089613,-0.039619,-1.0076e-21,6.4745,-1.6648,0
-0.00069821,0.019044,-0.037697,-1.8198e-21,6.7263,-1.7363,0
-0.00093778,0.035741,-0.021219,-1.7276e-22,6.9781,-1.8079,0
-0.0010216,0.053267,0.0022858,-2.0716e-22,7.23,-1.8795,0
-0.00095277,0.063262,0.018756,-1.0782e-22,7.4818,-1.951,0
-0.00079776,0.065281,0.024479,1.2968e-22,7.7336,-2.0226,0
-0.00066865,0.064179,0.025388,-4.2694e-22,7.9854,-2.0942,0
-0.00055885,0.062053,0.0246,-1.6604e-22,8.2373,-2.1657,0
-0.00046741,0.059701,0.023108,1.7106e-23,8.4891,-2.2373,0
-0.00040066,0.057573,0.021392,3.1499e-23,8.7409,-2.3089,0
-0.00035074,0.055776,0.019844,-1.3701e-22,8.9927,-2.3804,0
-0.00031353,0.054282,0.018487,-2.988e-22,9.2445,-2.452,0
-0.00028474,0.05304,0.017279,-1.6182e-22,9.4964,-2.5235,0
-0.0002631,0.051984,0.016204,1.1765e-23,9.7482,-2.5951,0
-0.0002429,0.051026,0.015242,0,10,-2.6667,0
-0.00097138,-0.0071164,0.018899,3.2504e-23,2.7202,-0.44472,0
-0.00095651,0,0,0,2.4692,-0.39109,0
-0.0010462,-0.014503,0.018205,-1.7719e-21,2.9713,-0.49835,0
-0.0011449,-0.019789,0.019444,-1.3298e-21,3.2223,-0.55198,0
-0.0012128,-0.023449,0.020541,3.4463e-21,3.4733,-0.60561,0
-0.0012355,-0.024978,0.020859,1.6926e-21,3.7244,-0.65924,0
-0.0012099,-0.025288,0.01916,-1.1622e-21,3.9754,-0.71287,0
-0.0011504,-0.025157,0.015946,-3.3783e-23,4.2264,-0.7665,0
-0.0010445,-0.024015,0.010973,-4.8096e-21,4.4774,-0.82013,0
-0.00089617,-0.021324,0.0043171,-5.9874e-21,4.7285,-0.87376,0
-0.00072777,-0.017441,-0.0027804,-3.3947e-21,4.9795,-0.92739,0
-0.00057302,-0.012713,-0.0093904,-3.1422e-21,5.2305,-0.98102,0
-0.0004616,-0.0076155,-0.014253,-2.4883e-21,5.4815,-1.0347,0
-0.00041858,-0.0026768,-0.018439,-1.0319e-21,5.7326,-1.0883,0
-0.00043676,0.00059509,-0.023569,-1.4914e-21,5.9836,-1.1419,0
-0.00048658,0.0014049,-0.030982,-1.6478e-21,6.2346,-1.1955,0
-0.00057958,0.00074221,-0.039726,-1.9718e-21,6.4856,-1.2492,0
-0.00072844,0.0012457,-0.045629,-1.1323e-21,6.7367,-1.3028,0
-0.0009615,0.006479,-0.042083,-7.176e-22,6.9877,-1.3564,0
-0.0011825,0.01966,-0.023176,-1.7884e-21,7.2387,-1.4101,0
-0.0012064,0.036729,0.0038189,-7.9501e-22,7.4897,-1.4637,0
-0.0010233,0.048695,0.02214,-8.2755e-23,7.7408,-1.5173,0
-0.0008184,0.053918,0.028535,-2.6666e-22,7.9918,-1.571,0
-0.00066807,0.055411,0.029504,-4.9556e-22,8.2428,-1.6246,0
-0.00053606,0.054996,0.02843,1.0617e-22,8.4938,-1.6782,0
-0.00044469,0.053931,0.026522,1.3069e-22,8.7449,-1.7318,0
-0.00037516,0.052709,0.024507,8.5618e-23,8.9959,-1.7855,0
-0.00032312,0.051513,0.02265,2.3679e-22,9.2469,-1.8391,0
-0.00028364,0.050389,0.021013,8.8941e-23,9.4979,-1.8927,0
-0.0002548,0.049361,0.019635,-8.6425e-23,9.749,-1.9464,0
-0.0002294,0.048407,0.018385,-2.2191e-24,10,-2,0
-0.0010227,-0.0047833,0.022915,-6.8941e-22,2.7368,-0.29705,0
-0.0010237,0,0,0,2.4863,-0.26132,0
-0.0010765,-0.010946,0.021422,1.4372e-21,2.9872,-0.33279,0
-0.0011714,-0.015763,0.021938,1.9239e-21,3.2377,-0.36852,0
-0.0012575,-0.019482,0.021962,3.7197e-22,3.4881,-0.40426,0
-0.0013268,-0.02169,0.021159,3.843e-22,3.7386,-0.43999,0
-0.0013536,-0.022371,0.018717,-1.4561e-21,3.989,-0.47572,0
-0.0013464,-0.02248,0.014653,-3.0679e-21,4.2395,-0.51146,0
-0.0012889,-0.021538,0.0082277,-2.1452e-21,4.49,-0.54719,0
-0.0011673,-0.018848,0.00011997,9.2566e-22,4.7404,-0.58292,0
-0.0010127,-0.015481,-0.0080088,7.0773e-22,4.9909,-0.61866,0
-0.00085532,-0.011701,-0.015068,-1.1504e-22,5.2413,-0.65439,0
-0.00072194,-0.0079135,-0.019933,1.7776e-21,5.4918,-0.69013,0
-0.00064169,-0.0043262,-0.023378,5.7332e-22,5.7422,-0.72586,0
-0.00060749,-0.0015463,-0.026439,-8.5369e-23,5.9927,-0.76159,0
-0.00059474,-0.0002044,-0.03101,3.5412e-22,6.2432,-0.79733,0
-0.0006191,-0.0015012,-0.037124,2.1621e-22,6.4936,-0.83306,0
-0.00071096,-0.0042688,-0.042175,1.5337e-21,6.7441,-0.86879,0
-0.00082922,-0.0064816,-0.044537,2.8156e-22,6.9945,-0.90453,0
-0.0009518,-0.005267,-0.039841,2.6942e-22,7.245,-0.94026,0
-0.0010192,0.0042098,-0.022793,4.8438e-22,7.4954,-0.976,0
-0.000924,0.019135,-3.2365e-05,-5.6997e-22,7.7459,-1.0117,0
-0.00074551,0.03221,0.017462,2.226e-22,7.9963,-1.0475,0
-0.00059489,0.040942,0.02649,2.2762e-22,8.2468,-1.0832,0
-0.00048124,0.045298,0.029071,1.8731e-23,8.4973,-1.1189,0
-0.00039604,0.046854,0.0287,-1.7857e-24,8.7477,-1.1547,0
-0.00032861,0.047116,0.027217,2.3147e-23,8.9982,-1.1904,0
-0.0002801,0.046893,0.025581,2.2863e-23,9.2486,-1.2261,0
-0.00024304,0.046462,0.023975,1.2687e-23,9.4991,-1.2619,0
-0.00021617,0.045952,0.022449,1.871e-23,9.7495,-1.2976,0
-0.00019276,0.045398,0.020882,-2.3075e-24,10,-1.3333,0
-0.0010732,-0.0032629,0.02593,-2.2629e-22,2.7467,-0.1487,0
-0.0010874,0,0,0,2.4966,-0.13084,0
-0.001115,-0.0082227,0.02435,1.4535e-21,2.9968,-0.16656,0
-0.0012129,-0.012271,0.024588,1.4789e-21,3.2469,-0.18442,0
-0.001318,-0.015402,0.024046,-3.6749e-23,3.497,-0.20228,0
-0.0014297,-0.017676,0.02221,1.9842e-21,3.7471,-0.22014,0
-0.0015039,-0.018617,0.018693,1.8246e-21,3.9973,-0.23801,0
-0.0015511,-0.018951,0.01379,-1.539e-22,4.2474,-0.25587,0
-0.0015458,-0.018517,0.0057794,2.0357e-21,4.4975,-0.27373,0
-0.0014441,-0.015716,-0.003982,4.1545e-21,4.7476,-0.29159,0
-0.0012899,-0.011885,-0.012772,1.8385e-21,4.9977,-0.30945,0
-0.0011222,-0.008152,-0.020044,-2.8421e-22,5.2478,-0.32731,0
-0.00096448,-0.0046046,-0.024877,1.1764e-21,5.4979,-0.34517,0
-0.00084198,-0.0013894,-0.027732,1.4237e-21,5.7481,-0.36303,0
-0.00075638,0.0009203,-0.029549,7.0331e-22,5.9982,-0.38089,0
-0.00070087,0.0024547,-0.03116,6.6291e-22,6.2483,-0.39875,0
-0.00067688,0.0020251,-0.033489,4.5864e-22,6.4984,-0.41661,0
-0.00068882,-0.00030821,-0.036333,5.4231e-22,6.7485,-0.43448,0
-0.00069819,-0.003571,-0.038043,2.3824e-22,6.9986,-0.45234,0
-0.00068146,-0.0071789,-0.037782,1.2675e-21,7.2487,-0.4702,0
-0.00063881,-0.0079947,-0.034802,1.2209e-21,7.4989,-0.48806,0
-0.00057598,-0.0027226,-0.025398,2.8363e-23,7.749,-0.50592,0
-0.00048646,0.0074731,-0.0099527,-1.453e-22,7.9991,-0.52378,0
-0.00039862,0.019317,0.0061559,-5.1295e-23,8.2492,-0.54164,0
-0.00032991,0.029424,0.018605,-1.581e-22,8.4993,-0.5595,0
-0.0002632,0.035933,0.024741,-1.8916e-22,8.7494,-0.57736,0
-0.00021707,0.03937,0.026158,-9.9022e-23,8.9995,-0.59522,0
-0.00018576,0.040936,0.025674,-1.0343e-22,9.2497,-0.61308,0
-0.00016011,0.041555,0.024561,-7.7184e-23,9.4998,-0.63094,0
-0.00014402,0.04176,0.023364,-7.2299e-23,9.7499,-0.64881,0
-0.00013066,0.04172,0.022144,-2.7887e-25,10,-0.66667,0
-0.00111,-0.0027766,0.028289,-4.1281e-23,2.75,2.1464e-16,0
-0.0011342,0,0,0,2.5,2.2204e-16,0
-0.0011465,-0.0064629,0.026929,-9.6851e-23,3,1.7023e-16,0
-0.0012526,-0.0095444,0.026709,-1.0788e-22,3.25,2.3685e-16,0
-0.0013779,-0.011853,0.025604,-1.7071e-22,3.5,1.5543e-16,0
-0.0015275,-0.013204,0.023282,2.4106e-22,3.75,1.8504e-16,0
-0.0016488,-0.013511,0.019094,7.0181e-22,4,1.7764e-16,0
-0.0017615,-0.013824,0.013545,-2.0556e-22,4.25,1.3323e-16,0
-0.0018268,-0.014039,0.0037775,-9.6433e-22,4.5,1.6283e-16,0
-0.0017468,-0.011496,-0.008628,-1.993e-22,4.75,2.2945e-16,0
-0.0015652,-0.0068991,-0.018335,-2.7691e-23,5,1.1102e-16,0
-0.0013591,-0.0024864,-0.025315,3.8099e-23,5.25,1.4063e-16,0
-0.0011608,0.0011978,-0.029882,2.0814e-22,5.5,5.9212e-17,0
-0.0009956,0.0041976,-0.031859,-9.5124e-23,5.75,1.9984e-16,0
-0.00086746,0.0061744,-0.032655,1.8036e-22,6,6.2913e-17,0
-0.00076551,0.0076823,-0.033052,-1.9029e-24,6.25,5.5511e-17,0
-0.00068524,0.008264,-0.033066,-8.7407e-23,6.5,4.811e-17,0
-0.00061949,0.007797,-0.032936,-6.3015e-23,6.75,5.9212e-17,0
-0.00054102,0.0061817,-0.032282,1.8158e-23,7,5.181e-17,0
-0.00047906,0.0034187,-0.031235,2.014e-23,7.25,4.4409e-17,0
-0.0004316,0.00057197,-0.030051,1.2872e-22,7.5,5.5511e-17,0
-0.0003489,-0.0012783,-0.028498,1.4246e-22,7.75,4.811e-17,0
-0.00026542,-0.00072678,-0.025313,-6.6129e-23,8,4.0708e-17,0
-0.00021505,0.0040184,-0.017539,-5.9687e-23,8.25,1.4803e-17,0
-0.00016581,0.011955,-0.0052248,-9.6573e-23,8.5,7.4015e-18,0
-0.00012696,0.020502,0.0073766,-1.0322e-22,8.75,1.5728e-16,0
-9.9869e-05,0.027731,0.016489,-3.8963e-23,9,6.4763e-18,0
-7.5417e-05,0.03271,0.021158,-3.4779e-23,9.25,1.5173e-16,0
-6.4185e-05,0.035618,0.022592,-2.2398e-23,9.5,3.2382e-18,0
-6.0302e-05,0.037095,0.022613,-2.1378e-23,9.75,1.4965e-16,0
-5.6985e-05,0.03779,0.022126,-3.4241e-25,10,0,0
-0.0011291,-0.0024051,0.029713,1.7213e-22,2.7467,0.1487,0
-0.0011594,0,0,0,2.4966,0.13084,0
-0.0011648,-0.0041673,0.028816,1.7231e-21,2.9968,0.16656,0
-0.0012796,-0.0056744,0.028626,1.5173e-21,3.2469,0.18442,0
-0.0014247,-0.0069304,0.026972,-1.5231e-22,3.497,0.20228,0
-0.001611,-0.007073,0.023711,3.43e-21,3.7471,0.22014,0
-0.0017679,-0.0054331,0.019204,3.9022e-21,3.9973,0.23801,0
-0.0019357,-0.0048011,0.01405,-5.3409e-23,4.2474,0.25587,0
-0.0020647,-0.0041407,0.0035963,6.7609e-21,4.4975,0.27373,0
-0.0020027,-0.00089483,-0.011869,9.9308e-21,4.7476,0.29159,0
-0.0017918,0.0032534,-0.023805,2.5942e-21,4.9977,0.30945,0
-0.0015399,0.0075787,-0.030332,3.0679e-22,5.2478,0.32731,0
-0.0012962,0.010728,-0.033872,1.2035e-21,5.4979,0.34517,0
-0.0010892,0.012711,-0.034736,5.4196e-22,5.7481,0.36303,0
-0.00092491,0.013833,-0.034596,8.1236e-22,5.9982,0.38089,0
-0.00079055,0.014382,-0.034359,8.6329e-22,6.2483,0.39875,0
-0.00067863,0.014319,-0.033806,4.046e-22,6.4984,0.41661,0
-0.00057853,0.014004,-0.032662,3.8105e-22,6.7485,0.43448,0
-0.00048433,0.013155,-0.03061,-1.0885e-22,6.9986,0.45234,0
-0.00040681,0.01218,-0.02798,2.0032e-22,7.2487,0.4702,0
-0.00032254,0.011014,-0.025047,2.9161e-22,7.4989,0.48806,0
-0.00023621,0.0094865,-0.022301,6.2127e-23,7.749,0.50592,0
-0.00016281,0.007789,-0.020727,-1.1831e-24,7.9991,0.52378,0
-0.00010065,0.0065173,-0.020217,-1.6089e-23,8.2492,0.54164,0
-5.4271e-05,0.0069941,-0.017751,8.4323e-23,8.4993,0.5595,0
-2.3211e-05,0.010269,-0.011226,9.1017e-23,8.7494,0.57736,0
2.0311e-06,0.015583,-0.0026624,5.8383e-23,8.9995,0.59522,0
1.2424e-05,0.021356,0.0060999,6.2771e-23,9.2497,0.61308,0
1.3813e-05,0.026436,0.013316,5.5218e-23,9.4998,0.63094,0
2.0395e-05,0.030173,0.017683,5.6506e-23,9.7499,0.64881,0
1.6502e-05,0.032895,0.019726,-6.0878e-26,10,0.66667,0
-0.0011203,-0.0020226,0.029905,6.2972e-22,2.7368,0.29705,0
-0.0011579,0,0,0,2.4863,0.26132,0
-0.0011557,-0.0019165,0.029429,1.7125e-21,2.9872,0.33279,0
-0.0012749,-0.0016292,0.0294,1.0724e-21,3.2377,0.36852,0
-0.0014276,-0.0011199,0.027574,-5.9152e-22,3.4881,0.40426,0
-0.0016249,0.00059495,0.023439,5.8085e-22,3.7386,0.43999,0
-0.0017827,0.004152,0.018539,-2.0255e-21,3.989,0.47572,0
-0.0019562,0.0067765,0.014207,-6.2482e-21,4.2395,0.51146,0
-0.0020927,0.0097577,0.0034701,-2.0565e-21,4.49,0.54719,0
-0.0020482,0.013993,-0.013477,3.5009e-21,4.7404,0.58292,0
-0.0018516,0.017361,-0.02654,3.1503e-21,4.9909,0.61866,0
-0.0015874,0.020808,-0.032893,1.7849e-21,5.2413,0.65439,0
-0.0013198,0.022918,-0.035074,1.8463e-21,5.4918,0.69013,0
-0.0010997,0.023937,-0.034728,-2.1816e-23,5.7422,0.72586,0
-0.00092199,0.024528,-0.033623,2.2975e-22,5.9927,0.76159,0
-0.00076878,0.024507,-0.032378,8.2375e-22,6.2432,0.79733,0
-0.0006394,0.023865,-0.031049,4.2572e-22,6.4936,0.83306,0
-0.00052343,0.022818,-0.029564,5.7745e-22,6.7441,0.86879,0
-0.00041786,0.021481,-0.027849,-3.4411e-23,6.9945,0.90453,0
-0.00032295,0.020343,-0.025855,-1.6168e-24,7.245,0.94026,0
-0.0002343,0.019414,-0.023464,1.3097e-22,7.4954,0.976,0
-0.00015944,0.018736,-0.020656,-6.5701e-23,7.7459,1.0117,0
-9.2836e-05,0.018202,-0.01743,4.1993e-23,7.9963,1.0475,0
-3.7279e-05,0.017229,-0.014595,3.0961e-23,8.2468,1.0832,0
7.0733e-06,0.01588,-0.012809,7.9708e-23,8.4973,1.1189,0
4.8762e-05,0.014961,-0.0118,8.4129e-23,8.7477,1.1547,0
7.0991e-05,0.015103,-0.010196,4.6819e-25,8.9982,1.1904,0
7.6347e-05,0.016773,-0.0060617,-2.9726e-24,9.2486,1.2261,0
8.5948e-05,0.019825,-0.00028872,3.5542e-25,9.4991,1.2619,0
8.7619e-05,0.023425,0.0051761,-5.13e-24,9.7495,1.2976,0
7.0375e-05,0.02723,0.010647,-2.3248e-24,10,1.3333,0
-0.0010802,-0.001776,0.029091,2.0592e-23,2.7202,0.44472,0
-0.0011219,0,0,0,2.4692,0.39109,0
-0.001117,-6.3052e-05,0.029122,-1.5501e-21,2.9713,0.49835,0
-0.0012354,0.0018733,0.029196,-1.9828e-21,3.2223,0.55198,0
-0.0013881,0.0039602,0.026806,3.3278e-21,3.4733,0.60561,0
-0.0015764,0.0073915,0.021669,1.1121e-21,3.7244,0.65924,0
-0.0017207,0.012302,0.016005,-2.619e-21,3.9754,0.71287,0
-0.001873,0.016791,0.011768,1.6834e-22,4.2264,0.7665,0
-0.0019831,0.021601,0.0010901,-7.2627e-21,4.4774,0.82013,0
-0.0019515,0.026576,-0.015412,-9.4022e-21,4.7285,0.87376,0
-0.0017846,0.030315,-0.027908,-2.6079e-21,4.9795,0.92739,0
-0.0015278,0.03291,-0.033723,-1.9305e-21,5.2305,0.98102,0
-0.0012559,0.033803,-0.034916,-1.8402e-21,5.4815,1.0347,0
-0.0010486,0.034178,-0.034107,-6.4204e-22,5.7326,1.0883,0
-0.00087369,0.034522,-0.032568,-7.5792e-22,5.9836,1.1419,0
-0.00071525,0.0345,-0.030494,-9.8914e-22,6.2346,1.1955,0
-0.00058271,0.034082,-0.028166,-5.7068e-22,6.4856,1.2492,0
-0.00046152,0.033343,-0.02569,-5.7333e-22,6.7367,1.3028,0
-0.00035884,0.032294,-0.02333,-3.7005e-22,6.9877,1.3564,0
-0.00027053,0.031119,-0.021278,-5.1118e-22,7.2387,1.4101,0
-0.00019304,0.029799,-0.019233,-1.4226e-22,7.4897,1.4637,0
-0.00012707,0.028521,-0.017145,-2.7099e-23,7.7408,1.5173,0
-6.9185e-05,0.027475,-0.014901,-5.8946e-23,7.9918,1.571,0
-2.028e-05,0.026792,-0.012365,-3.6106e-23,8.2428,1.6246,0
2.4367e-05,0.026388,-0.0095226,-2.2126e-23,8.4938,1.6782,0
5.8098e-05,0.025851,-0.0069881,-1.9805e-23,8.7449,1.7318,0
7.4771e-05,0.025108,-0.0052705,-5.9544e-23,8.9959,1.7855,0
9.1323e-05,0.024491,-0.0041374,-1.4647e-22,9.2469,1.8391,0
0.00010466,0.02453,-0.0030727,3.9363e-24,9.4979,1.8927,0
0.00010294,0.025367,-0.0013445,1.061e-22,9.749,1.9464,0
9.503e-05,0.027001,0.0019972,-2.2359e-24,10,2,0
-0.0010152,-0.0016025,0.027311,-2.7073e-21,2.6972,0.59134,0
-0.0010609,0,0,0,2.4454,0.51978,0
-0.0010511,0.0013429,0.027673,-4.1955e-21,2.949,0.66291,0
-0.0011647,0.0050204,0.028019,-4.9802e-21,3.2008,0.73447,0
-0.001312,0.0087495,0.025626,-4.4909e-21,3.4527,0.80603,0
-0.0014934,0.013797,0.019702,-3.6195e-21,3.7045,0.87759,0
-0.0016245,0.019624,0.013262,4.0136e-21,3.9563,0.94916,0
-0.0017557,0.024506,0.0089157,7.4899e-21,4.2081,1.0207,0
-0.0018363,0.0311,-0.0014827,6.8409e-21,4.4599,1.0923,0
-0.0017983,0.038095,-0.017077,-6.7628e-22,4.7118,1.1638,0
-0.0016472,0.042473,-0.028014,-3.3145e-21,4.9636,1.2354,0
-0.0014007,0.043921,-0.032159,-8.2829e-22,5.2154,1.307,0
-0.0011481,0.043709,-0.032552,-1.3198e-21,5.4672,1.3785,0
-0.00096467,0.043251,-0.031838,5.0343e-23,5.719,1.4501,0
-0.00080134,0.042595,-0.030524,3.7611e-22,5.9709,1.5217,0
-0.00065388,0.041736,-0.028407,5.1433e-23,6.2227,1.5932,0
-0.00053178,0.040821,-0.025919,-9.4736e-23,6.4745,1.6648,0
-0.00042188,0.039998,-0.023288,-7.1185e-22,6.7263,1.7363,0
-0.00033153,0.039185,-0.020519,-1.7857e-22,6.9781,1.8079,0
-0.00025451,0.038484,-0.0177,-6.7546e-23,7.23,1.8795,0
-0.00018675,0.03758,-0.014875,-2.808e-23,7.4818,1.951,0
-0.00012529,0.03682,-0.012359,-1.175e-23,7.7336,2.0226,0
-7.1728e-05,0.036026,-0.010219,-6.0737e-23,7.9854,2.0942,0
-2.6999e-05,0.035428,-0.0085162,3.4663e-23,8.2373,2.1657,0
1.0199e-05,0.034968,-0.0068545,-5.3286e-24,8.4891,2.2373,0
3.4738e-05,0.034734,-0.0049418,1.4402e-24,8.7409,2.3089,0
5.593e-05,0.034667,-0.0027459,3.468e-23,8.9927,2.3804,0
7.7533e-05,0.034528,-0.00071219,4.0683e-23,9.2445,2.452,0
8.6415e-05,0.034408,0.00079346,1.2277e-22,9.4964,2.5235,0
8.935e-05,0.034289,0.0018766,8.7703e-23,9.7482,2.5951,0
9.3886e-05,0.034243,0.0024081,-3.2484e-24,10,2.6667,0
-0.00093546,-0.0016246,0.02494,1.0175e-21,2.6677,0.73659,0
-0.00098644,0,0,0,2.4148,0.64705,0
-0.00096482,0.0025594,0.025437,9.1089e-22,2.9205,0.82613,0
-0.0010682,0.0076968,0.02566,-4.3664e-22,3.1733,0.91568,0
-0.001205,0.013175,0.023065,-2.3843e-21,3.4262,1.0052,0
-0.001377,0.020421,0.01721,-2.3753e-22,3.679,1.0948,0
-0.0014922,0.026228,0.010819,1.0956e-21,3.9319,1.1843,0
-0.001589,0.031324,0.0055186,1.0758e-21,4.1847,1.2738,0
-0.0016594,0.04104,-0.0058444,3.596e-21,4.4375,1.3634,0
-0.0016111,0.049709,-0.019779,3.0859e-21,4.6904,1.4529,0
-0.0014447,0.052983,-0.027317,1.4828e-21,4.9432,1.5425,0
-0.0012308,0.053124,-0.0293,2.1635e-21,5.196,1.632,0
-0.0010184,0.052178,-0.029001,1.3764e-21,5.4489,1.7216,0
-0.00086136,0.050953,-0.027899,-3.514e-22,5.7017,1.8111,0
-0.00071602,0.049378,-0.026327,2.1463e-22,5.9546,1.9006,0
-0.00058934,0.047646,-0.02432,4.727e-22,6.2074,1.9902,0
-0.00048202,0.046129,-0.022205,3.5544e-22,6.4602,2.0797,0
-0.00038827,0.044752,-0.020028,6.5015e-22,6.7131,2.1693,0
-0.00030911,0.043616,-0.017801,6.9151e-22,6.9659,2.2588,0
-0.00023803,0.042831,-0.01536,4.1255e-22,7.2188,2.3484,0
-0.00017697,0.04225,-0.012845,2.5549e-24,7.4716,2.4379,0
-0.00012231,0.042073,-0.0105,-4.8386e-23,7.7244,2.5274,0
-7.7286e-05,0.041912,-0.0081758,6.1939e-23,7.9773,2.617,0
-3.9321e-05,0.042014,-0.0059597,4.429e-23,8.2301,2.7065,0
-9.3388e-06,0.041876,-0.0037978,-1.634e-23,8.483,2.7961,0
1.5046e-05,0.041901,-0.0018947,6.7125e-25,8.7358,2.8856,0
3.7195e-05,0.041923,-0.00014646,8.2428e-24,8.9886,2.9752,0
5.4884e-05,0.042261,0.0013339,8.5803e-23,9.2415,3.0647,0
6.5586e-05,0.042722,0.0026736,1.4828e-23,9.4943,3.1542,0
7.0766e-05,0.043228,0.0043765,-6.0764e-23,9.7472,3.2438,0
7.3782e-05,0.043701,0.0057264,-3.0282e-24,10,3.3333,0
-0.00084882,-0.0016553,0.021934,2.5286e-21,2.6317,0.88012,0
-0.00090605,0,0,0,2.3776,0.77254,0
-0.00086942,0.0043825,0.022676,4.2462e-21,2.8858,0.98771,0
-0.00096026,0.010678,0.02272,3.5074e-21,3.1399,1.0953,0
-0.0010782,0.017637,0.019617,9.0529e-21,3.394,1.2029,0
-0.0012405,0.02603,0.014367,9.6889e-21,3.648,1.3105,0
-0.0013596,0.031543,0.0084258,0,3.9021,1.418,0
-0.0014218,0.040195,0.0011922,0,4.1562,1.5256,0
-0.0014737,0.052519,-0.010883,-1.6979e-21,4.4103,1.6332,0
-0.0014203,0.059042,-0.021163,7.786e-23,4.6643,1.7408,0
-0.0012439,0.05977,-0.02527,1.0012e-21,4.9184,1.8484,0
-0.0010726,0.058658,-0.025981,-1.8403e-22,5.1725,1.9559,0
-0.00090442,0.056971,-0.025386,1.3891e-21,5.4266,2.0635,0
-0.00076958,0.055121,-0.024059,8.3022e-22,5.6807,2.1711,0
-0.00064481,0.053232,-0.022286,4.5961e-22,5.9347,2.2787,0
-0.00053811,0.051462,-0.020322,1.0335e-22,6.1888,2.3863,0
-0.00044485,0.049966,-0.018318,4.5069e-22,6.4429,2.4939,0
-0.00036393,0.048633,-0.016279,1.0996e-21,6.697,2.6014,0
-0.00029469,0.047603,-0.014404,3.6841e-22,6.9511,2.709,0
-0.00023403,0.046791,-0.01253,3.2551e-22,7.2051,2.8166,0
-0.00018253,0.046316,-0.010608,1.7645e-23,7.4592,2.9242,0
-0.00013673,0.046068,-0.0087193,2.42e-22,7.7133,3.0318,0
-9.867e-05,0.045952,-0.0068996,1.9114e-22,7.9674,3.1393,0
-6.4526e-05,0.046108,-0.0049869,-4.3724e-23,8.2214,3.2469,0
-3.7171e-05,0.046323,-0.0028802,-7.2284e-23,8.4755,3.3545,0
-1.2441e-05,0.046895,-0.00096362,-7.1744e-23,8.7296,3.4621,0
4.563e-06,0.047425,0.00071804,-3.4297e-23,8.9837,3.5697,0
1.7718e-05,0.048289,0.0020317,-6.9634e-23,9.2378,3.6773,0
3.2104e-05,0.049057,0.0033837,-4.247e-23,9.4918,3.7848,0
4.3763e-05,0.049967,0.0049486,-8.6474e-25,9.7459,3.8924,0
5.1548e-05,0.051131,0.0061794,0,10,4,0
-0.00076669,-0.0015721,0.018278,4.9529e-21,2.5895,1.0216,0
-0.00082961,0,0,0,2.334,0.89592,0
-0.00077592,0.0057684,0.018862,6.3856e-21,2.845,1.1473,0
-0.00085412,0.013004,0.018928,-1.165e-21,3.1006,1.273,0
-0.00095357,0.021145,0.015455,-4.2797e-21,3.3561,1.3987,0
-0.001102,0.029305,0.010801,-3.8389e-21,3.6116,1.5244,0
-0.0012147,0.038042,0.004497,-6.291e-22,3.8672,1.6501,0
-0.0012718,0.051767,-0.0042978,1.2961e-22,4.1227,1.7758,0
-0.0012895,0.061883,-0.014174,6.1627e-22,4.3782,1.9015,0
-0.0012184,0.064284,-0.020045,7.5566e-22,4.6338,2.0271,0
-0.0010706,0.06322,-0.022215,1.0482e-21,4.8893,2.1528,0
-0.00093224,0.061208,-0.022445,1.835e-21,5.1448,2.2785,0
-0.00079836,0.058959,-0.021774,3.1825e-22,5.4004,2.4042,0
-0.00068576,0.056748,-0.020585,1.586e-22,5.6559,2.5299,0
-0.00058227,0.054792,-0.019088,-3.4526e-22,5.9114,2.6556,0
-0.0004933,0.053169,-0.017366,-3.3106e-22,6.167,2.7813,0
-0.00041442,0.051891,-0.015597,6.5795e-22,6.4225,2.907,0
-0.00034603,0.05092,-0.013801,-2.1501e-23,6.678,3.0327,0
-0.00028598,0.050246,-0.01207,-3.5554e-22,6.9336,3.1584,0
-0.00023329,0.049702,-0.010395,-5.1956e-23,7.1891,3.2841,0
-0.00018782,0.049398,-0.0086967,3.1973e-22,7.4447,3.4098,0
-0.00014775,0.049241,-0.0069855,2.313e-22,7.7002,3.5354,0
-0.00011448,0.049268,-0.0053366,1.6792e-22,7.9557,3.6611,0
-8.5065e-05,0.049416,-0.0038221,0,8.2113,3.7868,0
-6.1745e-05,0.049767,-0.0023722,7.6633e-23,8.4668,3.9125,0
-4.0704e-05,0.05038,-0.0010173,9.4637e-23,8.7223,4.0382,0
-2.4493e-05,0.051045,0.00024841,-3.0957e-24,8.9779,4.1639,0
-8.312e-06,0.051891,0.0013115,-1.7951e-23,9.2334,4.2896,0
5.0988e-06,0.052652,0.0025072,4.1153e-24,9.4889,4.4153,0
1.5983e-05,0.053719,0.0035472,2.3688e-23,9.7445,4.541,0
2.2649e-05,0.054931,0.0041828,-2.8651e-26,10,4.6667,0
-0.00069909,-0.0014629,0.014671,5.1436e-21,2.5411,1.1607,0
-0.00076358,0,0,0,2.2839,1.0168,0
-0.0006978,0.0063322,0.014415,5.0662e-21,2.7983,1.3046,0
-0.00075973,0.014439,0.014412,-7.7613e-21,3.0555,1.4485,0
-0.00085227,0.022756,0.010745,-1.3227e-20,3.3127,1.5924,0
-0.0010005,0.033897,0.0059009,-6.3661e-21,3.5699,1.7363,0
-0.0010938,0.048968,-0.0010827,1.0196e-21,3.8271,1.8801,0
-0.00114,0.061747,-0.0087563,2.076e-21,4.0843,2.024,0
-0.0011323,0.066521,-0.01488,-1.5173e-21,4.3415,2.1679,0
-0.0010487,0.066347,-0.018022,-2.7277e-21,4.5987,2.3118,0
-0.00093157,0.064444,-0.019167,-7.0464e-22,4.8559,2.4557,0
-0.00082002,0.062064,-0.019089,4.7697e-22,5.1131,2.5996,0
-0.00071131,0.059741,-0.018399,-1.0056e-21,5.3703,2.7434,0
-0.00061759,0.057669,-0.017298,-1.8438e-21,5.6275,2.8873,0
-0.00053078,0.055947,-0.016047,-2.1128e-21,5.8847,3.0312,0
-0.00045599,0.054574,-0.014667,-1.3451e-21,6.1419,3.1751,0
-0.00038873,0.05352,-0.013279,-5.6563e-22,6.3991,3.319,0
-0.00033052,0.05272,-0.011822,-1.8011e-22,6.6563,3.4629,0
-0.0002788,0.052174,-0.010319,-3.5543e-22,6.9135,3.6067,0
-0.00023413,0.051804,-0.0088098,-5.2498e-22,7.1708,3.7506,0
-0.0001949,0.051633,-0.0073873,-2.337e-22,7.428,3.8945,0
-0.00016099,0.05162,-0.0059909,-3.1863e-22,7.6852,4.0384,0
-0.00013181,0.051794,-0.0045924,-1.633e-22,7.9424,4.1823,0
-0.00010635,0.052081,-0.0033002,0,8.1996,4.3262,0
-8.5071e-05,0.052472,-0.0021164,8.1568e-23,8.4568,4.47,0
-6.6093e-05,0.052944,-0.0010278,4.7534e-23,8.714,4.6139,0
-5.0847e-05,0.053492,5.4503e-05,-4.2686e-24,8.9712,4.7578,0
-3.7397e-05,0.054129,0.00090484,8.1749e-24,9.2284,4.9017,0
-2.6053e-05,0.054779,0.0015358,5.0774e-23,9.4856,5.0456,0
-1.5152e-05,0.055603,0.0019692,4.7951e-23,9.7428,5.1895,0
-9.4276e-06,0.056395,0.0022644,-2.5493e-26,10,5.3333,0
-0.00065002,-0.0016519,0.01108,-7.8976e-21,2.4866,1.2971,0
-0.00071585,0,0,0,2.2275,1.135,0
-0.0006384,0.0059638,0.0094235,-1.0632e-20,2.7457,1.4593,0
-0.00069089,0.014443,0.0092392,-6.9778e-21,3.0048,1.6215,0
-0.00078403,0.02703,0.0055176,2.4836e-21,3.2638,1.7836,0
-0.00092686,0.045125,0.00059001,-1.7141e-21,3.5229,1.9458,0
-0.0010077,0.060227,-0.0053828,-8.9513e-22,3.782,2.108,0
-0.0010329,0.066985,-0.010383,-1.0868e-21,4.0411,2.2701,0
-0.0010051,0.068,-0.014003,-3.0875e-21,4.3002,2.4323,0
-0.00092685,0.066576,-0.015898,-1.8214e-21,4.5593,2.5945,0
-0.00082893,0.064304,-0.016521,-2.318e-21,4.8183,2.7567,0
-0.00073664,0.062036,-0.01629,-2.0447e-21,5.0774,2.9188,0
-0.00064671,0.060004,-0.015692,-7.2757e-22,5.3365,3.081,0
-0.00056737,0.058299,-0.014766,-6.8425e-22,5.5956,3.2432,0
-0.00049341,0.056911,-0.013723,1.9033e-24,5.8547,3.4053,0
-0.00042929,0.05578,-0.012511,-6.8518e-22,6.1138,3.5675,0
-0.00037082,0.054913,-0.011254,-3.5942e-22,6.3728,3.7297,0
-0.00032039,0.054239,-0.0099944,1.6826e-22,6.6319,3.8918,0
-0.00027508,0.053771,-0.0087875,3.2525e-24,6.891,4.054,0
-0.00023622,0.053488,-0.0075583,-4.5464e-22,7.1501,4.2162,0
-0.00020177,0.053372,-0.0063644,-2.7286e-22,7.4092,4.3783,0
-0.00017214,0.053371,-0.0052156,-1.7629e-22,7.6683,4.5405,0
-0.00014622,0.053506,-0.004104,-1.2883e-22,7.9273,4.7027,0
-0.00012428,0.053743,-0.0030168,1.2289e-22,8.1864,4.8648,0
-0.00010551,0.05406,-0.0020109,-9.3361e-23,8.4455,5.027,0
-8.9179e-05,0.054433,-0.0011953,-1.9002e-22,8.7046,5.1892,0
-7.498e-05,0.054854,-0.00048953,-8.7764e-25,8.9637,5.3513,0
-6.2141e-05,0.055354,8.6582e-05,-3.6277e-24,9.2228,5.5135,0
-5.204e-05,0.055853,0.0006076,-1.5829e-23,9.4818,5.6757,0
-4.3145e-05,0.056342,0.00094883,-8.5453e-23,9.7409,5.8378,0
-3.8675e-05,0.056755,0.0011317,-6.5588e-23,10,6,0
-0.00062504,-0.0031217,0.0074013,6.499e-21,2.4262,1.4306,0
-0.00068945,0,0,0,2.1651,1.25,0
-0.00060871,0.0041518,0.0036446,-9.8079e-21,2.6874,1.6111,0
-0.00066279,0.018074,0.0035347,-1.7917e-22,2.9486,1.7917,0
-0.00075038,0.039439,0.00041571,8.2093e-21,3.2097,1.9722,0
-0.00086962,0.05769,-0.0033833,-4.5555e-22,3.4709,2.1528,0
-0.00092983,0.066187,-0.0072782,-2.8499e-21,3.7321,2.3333,0
-0.00093875,0.068363,-0.010381,-3.8487e-21,3.9932,2.5139,0
-0.00090241,0.06772,-0.012735,1.5275e-21,4.2544,2.6944,0
-0.00083007,0.065807,-0.01394,2.7256e-21,4.5155,2.875,0
-0.00074923,0.063665,-0.014368,4.7559e-22,4.7767,3.0556,0
-0.00067072,0.061724,-0.014157,5.5735e-22,5.0379,3.2361,0
-0.00059391,0.059984,-0.013633,7.1047e-22,5.299,3.4167,0
-0.00052539,0.058543,-0.012797,1.6485e-21,5.5602,3.5972,0
-0.00046115,0.057338,-0.011869,2.1335e-21,5.8214,3.7778,0
-0.00040536,0.056386,-0.010838,1.1321e-21,6.0825,3.9583,0
-0.0003541,0.055696,-0.0097968,4.8678e-22,6.3437,4.1389,0
-0.00031018,0.055191,-0.0086726,3.9593e-22,6.6049,4.3194,0
-0.00027035,0.05486,-0.0076074,-7.7339e-24,6.866,4.5,0
-0.00023664,0.054641,-0.0065602,2.2096e-22,7.1272,4.6806,0
-0.00020589,0.054557,-0.0055614,6.9672e-22,7.3884,4.8611,0
-0.0001799,0.054568,-0.0046,5.6334e-22,7.6495,5.0417,0
-0.00015738,0.054673,-0.0037133,2.4773e-22,7.9107,5.2222,0
-0.00013843,0.054843,-0.0028762,4.8456e-24,8.1718,5.4028,0
-0.00012165,0.055074,-0.0020926,-6.8199e-23,8.433,5.5833,0
-0.00010753,0.055365,-0.0013706,3.5788e-23,8.6942,5.7639,0
-9.4173e-05,0.055653,-0.00078029,-1.2696e-24,8.9553,5.9444,0
-8.2761e-05,0.05596,-0.00038223,-1.0087e-23,9.2165,6.125,0
-7.3698e-05,0.056222,-1.8497e-05,-5.1979e-23,9.4777,6.3056,0
-6.6527e-05,0.056473,0.00023904,-5.9009e-23,9.7388,6.4861,0
-6.2186e-05,0.056672,0.00040019,4.1123e-24,10,6.6667,0
-0.00063266,-0.0044572,0.0044988,-4.7746e-21,2.3601,1.5607,0
-0.00070136,0,0,0,2.0967,1.3616,0
-0.00060306,0.0082426,-0.00089669,-5.9794e-21,2.6236,1.7597,0
-0.00065949,0.031554,-0.00023826,3.7735e-21,2.887,1.9588,0
-0.00073966,0.053791,-0.0026557,-1.1347e-21,3.1505,2.1578,0
-0.00083178,0.064459,-0.0052676,1.3478e-21,3.4139,2.3569,0
-0.00087051,0.067814,-0.0078426,7.8507e-22,3.6773,2.5559,0
-0.0008642,0.068023,-0.010001,6.1587e-22,3.9408,2.755,0
-0.00082573,0.066778,-0.011603,2.1725e-21,4.2042,2.9541,0
-0.00076072,0.064981,-0.012382,1.2379e-21,4.4677,3.1531,0
-0.00069152,0.063188,-0.012603,9.5208e-22,4.7311,3.3522,0
-0.00062246,0.061511,-0.012319,9.6216e-22,4.9946,3.5512,0
-0.00055508,0.060028,-0.011823,6.9553e-22,5.258,3.7503,0
-0.00049459,0.058845,-0.011074,7.5461e-22,5.5215,3.9493,0
-0.00043743,0.05787,-0.010268,5.9793e-22,5.7849,4.1484,0
-0.00038801,0.057145,-0.0093803,8.6103e-22,6.0483,4.3475,0
-0.00034218,0.056565,-0.0085083,4.8971e-22,6.3118,4.5465,0
-0.00030318,0.056139,-0.0075615,-1.0391e-22,6.5752,4.7456,0
-0.00026763,0.055852,-0.0066448,5.2161e-23,6.8387,4.9446,0
-0.00023745,0.05564,-0.0057367,7.0255e-23,7.1021,5.1437,0
-0.0002102,0.05554,-0.0049181,-2.8743e-22,7.3656,5.3428,0
-0.00018809,0.055493,-0.0041361,8.4198e-24,7.629,5.5418,0
-0.00016795,0.055534,-0.0033955,3.0767e-22,7.8924,5.7409,0
-0.00015138,0.055614,-0.002672,3.5202e-23,8.1559,5.9399,0
-0.00013683,0.055736,-0.0020747,1.5518e-22,8.4193,6.139,0
-0.00012431,0.055888,-0.0015468,1.3848e-22,8.6828,6.338,0
-0.00011286,0.05605,-0.0010838,-2.1061e-22,8.9462,6.5371,0
-0.00010356,0.056222,-0.00069262,-1.218e-22,9.2097,6.7362,0
-9.5277e-05,0.056313,-0.00034794,-1.4492e-23,9.4731,6.9352,0
-8.8314e-05,0.056421,-0.00012937,6.0633e-23,9.7366,7.1343,0
-8.2719e-05,0.056456,3.5202e-05,5.1567e-23,10,7.3333,0
-0.00065928,-0.0012928,0.0033065,-2.6551e-20,2.2885,1.6871,0
-0.00072521,0,0,0,2.0225,1.4695,0
-0.00061641,0.021817,-0.0023566,-5.6021e-22,2.5544,1.9048,0
-0.00065892,0.047246,-0.0017902,1.6521e-21,2.8203,2.1225,0
-0.00073238,0.061843,-0.0042146,-1.1228e-21,3.0862,2.3402,0
-0.00080125,0.066648,-0.0060744,0,3.3521,2.5579,0
-0.00082392,0.067821,-0.0079261,1.006e-21,3.618,2.7756,0
-0.00081333,0.067225,-0.0094751,1.1592e-21,3.8839,2.9933,0
-0.00077112,0.065971,-0.010546,2.9938e-22,4.1499,3.2109,0
-0.00070857,0.0644,-0.011024,-2.5407e-23,4.4158,3.4286,0
-0.00064572,0.062837,-0.011097,-6.3594e-25,4.6817,3.6463,0
-0.00058281,0.061429,-0.010741,-1.0472e-21,4.9476,3.864,0
-0.00052147,0.06023,-0.01028,3.7103e-22,5.2135,4.0817,0
-0.0004664,0.059249,-0.0096173,8.3794e-22,5.4794,4.2994,0
-0.00041475,0.05843,-0.008908,-2.2617e-22,5.7454,4.517,0
-0.00036999,0.057778,-0.0081043,-5.9632e-23,6.0113,4.7347,0
-0.00032874,0.057224,-0.007335,-6.7871e-22,6.2772,4.9524,0
-0.00029407,0.056809,-0.0065313,2.9946e-22,6.5431,5.1701,0
-0.00026215,0.056488,-0.0057559,-4.0576e-22,6.809,5.3878,0
-0.00023573,0.056256,-0.0049853,-3.7435e-22,7.0749,5.6055,0
-0.00021224,0.056123,-0.0042854,2.877e-23,7.3408,5.8232,0
-0.00019249,0.056028,-0.0036291,5.7149e-24,7.6068,6.0408,0
-0.0001741,0.056011,-0.0030719,2.0704e-22,7.8727,6.2585,0
-0.00015968,0.056017,-0.0025044,-3.0855e-22,8.1386,6.4762,0
-0.00014563,0.056083,-0.0019868,-5.1104e-22,8.4045,6.6939,0
-0.00013295,0.056133,-0.0015299,-6.7672e-23,8.6704,6.9116,0
-0.00012249,0.056187,-0.0011724,5.1109e-23,8.9363,7.1293,0
-0.00011472,0.056232,-0.00080562,-4.868e-22,9.2023,7.3469,0
-0.00010739,0.056224,-0.00050715,-2.7003e-22,9.4682,7.5646,0
-0.00010199,0.056262,-0.00028524,-7.0336e-24,9.7341,7.7823,0
-9.467e-05,0.056157,-6.8154e-05,0,10,8,0
-0.00064744,0.006477,0.0028287,5.7028e-22,2.2114,1.8097,0
-0.0007109,0,0,0,1.9429,1.5733,0
-0.00061675,0.036517,-0.00237,4.2786e-21,2.48,2.0462,0
-0.00066721,0.05671,-0.0032344,7.5434e-22,2.7486,2.2826,0
-0.00073123,0.064964,-0.0053481,0,3.0171,2.5191,0
-0.00078415,0.06713,-0.006571,2.5329e-21,3.2857,2.7555,0
-0.0007981,0.067398,-0.0078167,2.6142e-21,3.5543,2.992,0
-0.00078065,0.066623,-0.0088691,9.0907e-24,3.8229,3.2284,0
-0.0007315,0.065488,-0.0095705,-7.558e-22,4.0914,3.4649,0
-0.0006702,0.064049,-0.009802,-1.2636e-21,4.36,3.7013,0
-0.00061185,0.062701,-0.009783,-1.4748e-21,4.6286,3.9378,0
-0.00055339,0.061507,-0.0094302,-2.5529e-21,4.8971,4.1742,0
-0.00049696,0.060437,-0.0090004,-1.9286e-21,5.1657,4.4106,0
-0.0004471,0.059543,-0.0083948,-5.5946e-22,5.4343,4.6471,0
-0.00039947,0.058761,-0.0077772,-4.346e-22,5.7029,4.8835,0
-0.00035911,0.058144,-0.0070736,-1.6481e-21,5.9714,5.12,0
-0.00032175,0.057628,-0.0064174,-1.2032e-21,6.24,5.3564,0
-0.00029039,0.057234,-0.0057214,-2.8428e-22,6.5086,5.5929,0
-0.00026154,0.056917,-0.0050678,3.1211e-23,6.7771,5.8293,0
-0.00023805,0.056698,-0.00442,-7.4473e-22,7.0457,6.0658,0
-0.00021615,0.056547,-0.0038367,-5.914e-22,7.3143,6.3022,0
-0.00019811,0.056437,-0.0032738,-4.794e-22,7.5829,6.5387,0
-0.00018212,0.056378,-0.0027959,-3.5356e-22,7.8514,6.7751,0
-0.00016884,0.056312,-0.0023351,-4.8961e-22,8.12,7.0115,0
-0.00015592,0.056304,-0.0019234,-1.7521e-22,8.3886,7.248,0
-0.00014601,0.056275,-0.0015127,5.3952e-22,8.6571,7.4844,0
-0.0001377,0.056274,-0.0011774,5.4662e-22,8.9257,7.7209,0
-0.00013377,0.05622,-0.00082395,6.1601e-22,9.1943,7.9573,0
-0.00012327,0.056176,-0.00057661,2.5428e-22,9.4629,8.1938,0
-0.00012051,0.056065,-0.0002787,2.0771e-22,9.7314,8.4302,0
-0.0001142,0.055651,-5.5314e-05,0,10,8.6667,0
-0.00061649,0.014733,0.00048252,8.2597e-21,2.1293,1.9282,0
-0.00066081,0,0,0,1.8579,1.6728,0
-0.00062733,0.047477,-0.0036215,-2.9796e-21,2.4007,2.1835,0
-0.00069414,0.061582,-0.0046974,5.6196e-24,2.6721,2.4389,0
-0.00074727,0.066339,-0.0060186,-3.3229e-22,2.9435,2.6942,0
-0.00077638,0.067101,-0.0067464,4.1766e-22,3.2149,2.9496,0
-0.00077631,0.067002,-0.007604,1.9343e-22,3.4863,3.2049,0
-0.0007491,0.066149,-0.0082932,2.7828e-22,3.7577,3.4603,0
-0.00069202,0.065024,-0.0087024,6.3658e-22,4.0291,3.7156,0
-0.00063306,0.063685,-0.0087787,-7.9847e-22,4.3005,3.971,0
-0.0005738,0.062499,-0.0086941,-7.0711e-22,4.5719,4.2263,0
-0.00051902,0.061384,-0.0083177,6.6989e-22,4.8433,4.4817,0
-0.00046555,0.060402,-0.0079121,-9.2082e-22,5.1147,4.737,0
-0.0004208,0.059596,-0.0073512,-5.8613e-22,5.3861,4.9924,0
-0.00037603,0.058894,-0.0068042,-1.1066e-21,5.6575,5.2477,0
-0.00034097,0.058358,-0.0061677,-1.1737e-22,5.9289,5.5031,0
-0.00030622,0.057887,-0.0055709,-3.4799e-22,6.2003,5.7584,0
-0.0002788,0.057533,-0.0049425,-6.0124e-22,6.4717,6.0138,0
-0.00025259,0.057224,-0.0043821,5.2329e-22,6.7431,6.2691,0
-0.00023209,0.057009,-0.0038168,-9.3961e-23,7.0145,6.5245,0
-0.0002121,0.056817,-0.0033242,-3.2697e-22,7.286,6.7798,0
-0.0001974,0.056682,-0.0028347,-3.7367e-22,7.5574,7.0352,0
-0.00018268,0.056575,-0.0024121,-3.3638e-22,7.8288,7.2905,0
-0.00017076,0.056473,-0.0020113,2.4266e-22,8.1002,7.5459,0
-0.00015898,0.056399,-0.0016781,7.0783e-22,8.3716,7.8012,0
-0.00015002,0.056285,-0.0013528,2.7759e-23,8.643,8.0566,0
-0.00014027,0.056229,-0.0010438,3.7924e-22,8.9144,8.3119,0
-0.00013386,0.056056,-0.00067802,6.8905e-22,9.1858,8.5673,0
-0.00011134,0.056015,-0.00031362,2.9779e-22,9.4572,8.8226,0
-0.00013578,0.055412,0.00017829,-4.6217e-24,9.7286,9.078,0
-0.0001259,0.054063,0.00030452,-4.1607e-24,10,9.3333,0
-0.00023445,0.055715,0.00042307,0,10.306,-9.3333,0
-0.00020896,0,0,0,10.306,-10,0
-0.00023812,0.055546,0.00047826,0,10.611,-9.3333,0
-0.00022925,0,0,0,10.611,-10,0
-0.00022143,0.055203,0.00054822,0,10.917,-9.3333,0
-0.00021283,0,0,0,10.917,-10,0
-0.0002103,0.054894,0.00060752,0,11.222,-9.3333,0
-0.00020397,0,0,0,11.222,-10,0
-0.00019897,0.054574,0.00064388,0,11.528,-9.3333,0
-0.00019455,0,0,0,11.528,-10,0
-0.00018799,0.054257,0.00066489,0,11.833,-9.3333,0
-0.00018472,0,0,0,11.833,-10,0
-0.00017725,0.053942,0.0006656,0,12.139,-9.3333,0
-0.00017494,0,0,0,12.139,-10,0
-0.00016692,0.053634,0.00065212,0,12.444,-9.3333,0
-0.00016526,0,0,0,12.444,-10,0
-0.00015695,0.053336,0.00063253,0,12.75,-9.3333,0
-0.0001558,0,0,0,12.75,-10,0
-0.00014742,0.05305,0.00060901,0,13.056,-9.3333,0
-0.00014666,0,0,0,13.056,-10,0
-0.00013832,0.052781,0.00057604,0,13.361,-9.3333,0
-0.00013786,0,0,0,13.361,-10,0
-0.00012967,0.052531,0.00053146,0,13.667,-9.3333,0
-0.00012945,0,0,0,13.667,-10,0
-0.00012147,0.052305,0.00048439,0,13.972,-9.3333,0
-0.00012145,0,0,0,13.972,-10,0
-0.00011372,0.052103,0.00043864,0,14.278,-9.3333,0
-0.00011385,0,0,0,14.278,-10,0
-0.00010643,0.051926,0.00038448,0,14.583,-9.3333,0
-0.00010669,0,0,0,14.583,-10,0
-9.9579e-05,0.051778,0.00031852,0,14.889,-9.3333,0
-9.9926e-05,0,0,0,14.889,-10,0
-9.3179e-05,0.051661,0.00025693,0,15.194,-9.3333,0
-9.3588e-05,0,0,0,15.194,-10,0
-8.7247e-05,0.051574,0.00021027,0,15.5,-9.3333,0
-8.7721e-05,0,0,0,15.5,-10,0
-8.1693e-05,0.051515,0.0001633,0,15.806,-9.3333,0
-8.216e-05,0,0,0,15.806,-10,0
-7.6709e-05,0.051485,9.7093e-05,0,16.111,-9.3333,0
-7.7251e-05,0,0,0,16.111,-10,0
-7.2409e-05,0.051489,2.1709e-05,0,16.417,-9.3333,0
-7.3218e-05,0,0,0,16.417,-10,0
-6.8314e-05,0.051529,-4.8701e-05,0,16.722,-9.3333,0
-6.9171e-05,0,0,0,16.722,-10,0
-6.428e-05,0.051601,-0.00010626,0,17.028,-9.3333,0
-6.4875e-05,0,0,0,17.028,-10,0
-6.1127e-05,0.051696,-0.00015229,0,17.333,-9.3333,0
-6.1878e-05,0,0,0,17.333,-10,0
-5.8052e-05,0.051817,-0.00018865,0,17.639,-9.3333,0
-5.8737e-05,0,0,0,17.639,-10,0
-5.5154e-05,0.051948,-0.00021099,0,17.944,-9.3333,0
-5.5556e-05,0,0,0,17.944,-10,0
-5.2901e-05,0.052089,-0.00022109,0,18.25,-9.3333,0
-5.3297e-05,0,0,0,18.25,-10,0
-5.0768e-05,0.052227,-0.00021639,0,18.556,-9.3333,0
-5.104e-05,0,0,0,18.556,-10,0
-4.8924e-05,0.052357,-0.00019891,0,18.861,-9.3333,0
-4.9113e-05,0,0,0,18.861,-10,0
-4.7234e-05,0.052472,-0.00016918,0,19.167,-9.3333,0
-4.7333e-05,0,0,0,19.167,-10,0
-4.5678e-05,0.052569,-0.00013023,0,19.472,-9.3333,0
-4.5684e-05,0,0,0,19.472,-10,0
-4.421e-05,0.052644,-8.7422e-05,0,19.778,-9.3333,0
-4.413e-05,0,0,0,19.778,-10,0
-4.277e-05,0.052698,-4.9292e-05,0,20.083,-9.3333,0
-4.258e-05,0,0,0,20.083,-10,0
-4.1369e-05,0.052731,-2.097e-05,0,20.389,-9.3333,0
-4.1102e-05,0,0,0,20.389,-10,0
-4.0298e-05,0.052744,8.45e-08,0,20.694,-9.3333,0
-4.0304e-05,0,0,0,20.694,-10,0
-3.9254e-05,0.052741,2.4149e-05,0,21,-9.3333,0
-3.9604e-05,0,0,0,21,-10,0
-3.7808e-05,0.052718,5.6493e-05,0,21.306,-9.3333,0
-3.8147e-05,0,0,0,21.306,-10,0
-3.5923e-05,0.052678,9.2694e-05,0,21.611,-9.3333,0
-3.5928e-05,0,0,0,21.611,-10,0
-3.4195e-05,0.052618,0.00012742,0,21.917,-9.3333,0
-3.4058e-05,0,0,0,21.917,-10,0
-3.2585e-05,0.052545,0.0001588,0,22.222,-9.3333,0
-3.2478e-05,0,0,0,22.222,-10,0
-3.0807e-05,0.052457,0.00018913,0,22.528,-9.3333,0
-3.0645e-05,0,0,0,22.528,-10,0
-2.9056e-05,0.052355,0.00021728,0,22.833,-9.3333,0
-2.8897e-05,0,0,0,22.833,-10,0
-2.7237e-05,0.05224,0.00024267,0,23.139,-9.3333,0
-2.7066e-05,0,0,0,23.139,-10,0
-2.5399e-05,0.052113,0.00026479,0,23.444,-9.3333,0
-2.5225e-05,0,0,0,23.444,-10,0
-2.3533e-05,0.051976,0.00028503,0,23.75,-9.3333,0
-2.3357e-05,0,0,0,23.75,-10,0
-2.1652e-05,0.05183,0.00030478,0,24.056,-9.3333,0
-2.1476e-05,0,0,0,24.056,-10,0
-1.9764e-05,0.051674,0.00032488,0,24.361,-9.3333,0
-1.9589e-05,0,0,0,24.361,-10,0
-1.7878e-05,0.051509,0.00034434,0,24.667,-9.3333,0
-1.7703e-05,0,0,0,24.667,-10,0
-1.6001e-05,0.051338,0.00036166,0,24.972,-9.3333,0
-1.5825e-05,0,0,0,24.972,-10,0
-1.4136e-05,0.051161,0.00037602,0,25.278,-9.3333,0
-1.3959e-05,0,0,0,25.278,-10,0
-1.2289e-05,0.05098,0.00038745,0,25.583,-9.3333,0
-1.2112e-05,0,0,0,25.583,-10,0
-1.0463e-05,0.050796,0.00039595,0,25.889,-9.3333,0
-1.0285e-05,0,0,0,25.889,-10,0
-8.6626e-06,0.05061,0.0004012,0,26.194,-9.3333,0
-8.484e-06,0,0,0,26.194,-10,0
-6.8894e-06,0.050423,0.00040173,0,26.5,-9.3333,0
-6.7104e-06,0,0,0,26.5,-10,0
-5.1423e-06,0.050238,0.0003965,0,26.806,-9.3333,0
-4.966e-06,0,0,0,26.806,-10,0
-3.4237e-06,0.050056,0.00038482,0,27.111,-9.3333,0
-3.2541e-06,0,0,0,27.111,-10,0
-1.7246e-06,0.049882,0.00036751,0,27.417,-9.3333,0
-1.5732e-06,0,0,0,27.417,-10,0
-4.6436e-08,0.049716,0.00034552,0,27.722,-9.3333,0
7.6526e-08,0,0,0,27.722,-10,0
1.6023e-06,0.049563,0.00031914,0,28.028,-9.3333,0
1.6795e-06,0,0,0,28.028,-10,0
3.2412e-06,0.049426,0.00028606,0,28.333,-9.3333,0
3.2654e-06,0,0,0,28.333,-10,0
4.8315e-06,0.049309,0.00024309,0,28.639,-9.3333,0
4.776e-06,0,0,0,28.639,-10,0
6.4179e-06,0.049217,0.00018728,0,28.944,-9.3333,0
6.2761e-06,0,0,0,28.944,-10,0
7.9819e-06,0.049154,0.00011915,0,29.25,-9.3333,0
7.737e-06,0,0,0,29.25,-10,0
9.4292e-06,0.049122,4.1426e-05,0,29.556,-9.3333,0
9.0202e-06,0,0,0,29.556,-10,0
1.0926e-05,0.049124,-4.3144e-05,0,29.861,-9.3333,0
1.0436e-05,0,0,0,29.861,-10,0
1.2186e-05,0.049165,-0.00014011,0,30.167,-9.3333,0
1.1525e-05,0,0,0,30.167,-10,0
1.3417e-05,0.049265,-0.00025452,0,30.472,-9.3333,0
1.2738e-05,0,0,0,30.472,-10,0
1.4527e-05,0.049437,-0.00037907,0,30.778,-9.3333,0
1.3939e-05,0,0,0,30.778,-10,0
1.5239e-05,0.049696,-0.00050038,0,31.083,-9.3333,0
1.462e-05,0,0,0,31.083,-10,0
1.5701e-05,0.05003,-0.00060004,0,31.389,-9.3333,0
1.5157e-05,0,0,0,31.389,-10,0
1.572e-05,0.050413,-0.00066554,0,31.694,-9.3333,0
1.5267e-05,0,0,0,31.694,-10,0
1.5341e-05,0.050811,-0.00069039,0,32,-9.3333,0
1.5006e-05,0,0,0,32,-10,0
1.4599e-05,0.051196,-0.00067314,0,32.306,-9.3333,0
1.4392e-05,0,0,0,32.306,-10,0
1.3601e-05,0.051546,-0.00061631,0,32.611,-9.3333,0
1.3505e-05,0,0,0,32.611,-10,0
1.2433e-05,0.051848,-0.00052679,0,32.917,-9.3333,0
1.242e-05,0,0,0,32.917,-10,0
1.1166e-05,0.052093,-0.00041603,0,33.222,-9.3333,0
1.1229e-05,0,0,0,33.222,-10,0
9.8554e-06,0.052278,-0.00029771,0,33.528,-9.3333,0
9.9951e-06,0,0,0,33.528,-10,0
8.5641e-06,0.052405,-0.00018366,0,33.833,-9.3333,0
8.7799e-06,0,0,0,33.833,-10,0
7.3622e-06,0.052476,-8.1461e-05,0,34.139,-9.3333,0
7.6483e-06,0,0,0,34.139,-10,0
6.2773e-06,0.052499,6.387e-06,0,34.444,-9.3333,0
6.6088e-06,0,0,0,34.444,-10,0
5.3354e-06,0.05248,8.1291e-05,0,34.75,-9.3333,0
5.6883e-06,0,0,0,34.75,-10,0
4.5672e-06,0.052425,0.00014504,0,35.056,-9.3333,0
4.9321e-06,0,0,0,35.056,-10,0
3.9777e-06,0.052339,0.00019852,0,35.361,-9.3333,0
4.348e-06,0,0,0,35.361,-10,0
3.5567e-06,0.052229,0.00024261,0,35.667,-9.3333,0
3.9249e-06,0,0,0,35.667,-10,0
3.2934e-06,0.052099,0.00027835,0,35.972,-9.3333,0
3.6535e-06,0,0,0,35.972,-10,0
3.1759e-06,0.051954,0.00030691,0,36.278,-9.3333,0
3.5233e-06,0,0,0,36.278,-10,0
3.1919e-06,0.051797,0.00032975,0,36.583,-9.3333,0
3.5236e-06,0,0,0,36.583,-10,0
3.3269e-06,0.05163,0.00034797,0,36.889,-9.3333,0
3.6414e-06,0,0,0,36.889,-10,0
3.5674e-06,0.051458,0.0003619,0,37.194,-9.3333,0
3.864e-06,0,0,0,37.194,-10,0
3.9009e-06,0.05128,0.00037158,0,37.5,-9.3333,0
4.179e-06,0,0,0,37.5,-10,0
4.3162e-06,0.051099,0.00037782,0,37.806,-9.3333,0
4.5757e-06,0,0,0,37.806,-10,0
4.8023e-06,0.050917,0.00038174,0,38.111,-9.3333,0
5.0432e-06,0,0,0,38.111,-10,0
5.3485e-06,0.050734,0.00038472,0,38.417,-9.3333,0
5.5712e-06,0,0,0,38.417,-10,0
5.9437e-06,0.050549,0.00038768,0,38.722,-9.3333,0
6.1494e-06,0,0,0,38.722,-10,0
6.5781e-06,0.050365,0.00039124,0,39.028,-9.3333,0
6.7686e-06,0,0,0,39.028,-10,0
7.2423e-06,0.050179,0.00039517,0,39.333,-9.3333,0
7.4197e-06,0,0,0,39.333,-10,0
7.9297e-06,0.049993,0.00039885,0,39.639,-9.3333,0
8.0959e-06,0,0,0,39.639,-10,0
8.6366e-06,0.049806,0.0004014,0,39.944,-9.3333,0
8.7926e-06,0,0,0,39.944,-10,0
9.3588e-06,0.049621,0.00040233,0,40.25,-9.3333,0
9.5051e-06,0,0,0,40.25,-10,0
1.0095e-05,0.049436,0.00040127,0,40.556,-9.3333,0
1.0232e-05,0,0,0,40.556,-10,0
1.0843e-05,0.049254,0.00039814,0,40.861,-9.3333,0
1.097e-05,0,0,0,40.861,-10,0
1.1597e-05,0.049071,0.0003928,0,41.167,-9.3333,0
1.1717e-05,0,0,0,41.167,-10,0
1.2361e-05,0.04889,0.00038534,0,41.472,-9.3333,0
1.2474e-05,0,0,0,41.472,-10,0
1.3127e-05,0.04871,0.00037538,0,41.778,-9.3333,0
1.3235e-05,0,0,0,41.778,-10,0
1.3906e-05,0.048539,0.00036142,0,42.083,-9.3333,0
1.4008e-05,0,0,0,42.083,-10,0
1.4708e-05,0.048381,0.00034066,0,42.389,-9.3333,0
1.4792e-05,0,0,0,42.389,-10,0
1.5526e-05,0.048242,0.00031005,0,42.694,-9.3333,0
1.5591e-05,0,0,0,42.694,-10,0
1.6396e-05,0.048119,0.00026844,0,43,-9.3333,0
1.6419e-05,0,0,0,43,-10,0
1.7303e-05,0.048003,0.00021528,0,43.306,-9.3333,0
1.7256e-05,0,0,0,43.306,-10,0
1.8235e-05,0.047887,0.00014604,0,43.611,-9.3333,0
1.8105e-05,0,0,0,43.611,-10,0
1.923e-05,0.047778,4.7185e-05,0,43.917,-9.3333,0
1.8939e-05,0,0,0,43.917,-10,0
2.0219e-05,0.047711,-0.00010188,0,44.222,-9.3333,0
1.976e-05,0,0,0,44.222,-10,0
2.1268e-05,0.047752,-0.00031649,0,44.528,-9.3333,0
2.0692e-05,0,0,0,44.528,-10,0
2.2525e-05,0.047969,-0.00058074,0,44.833,-9.3333,0
2.1888e-05,0,0,0,44.833,-10,0
2.3771e-05,0.048381,-0.00084286,0,45.139,-9.3333,0
2.3242e-05,0,0,0,45.139,-10,0
2.4684e-05,0.048951,-0.0010394,0,45.444,-9.3333,0
2.4447e-05,0,0,0,45.444,-10,0
2.5168e-05,0.049602,-0.0011305,0,45.75,-9.3333,0
2.5235e-05,0,0,0,45.75,-10,0
2.5169e-05,0.050259,-0.0011127,0,46.056,-9.3333,0
2.5465e-05,0,0,0,46.056,-10,0
2.4701e-05,0.050862,-0.0010091,0,46.361,-9.3333,0
2.5171e-05,0,0,0,46.361,-10,0
2.3949e-05,0.051373,-0.00085161,0,46.667,-9.3333,0
2.4458e-05,0,0,0,46.667,-10,0
2.2999e-05,0.051774,-0.00067052,0,46.972,-9.3333,0
2.345e-05,0,0,0,46.972,-10,0
2.1873e-05,0.052064,-0.00048637,0,47.278,-9.3333,0
2.2313e-05,0,0,0,47.278,-10,0
2.067e-05,0.052249,-0.00030674,0,47.583,-9.3333,0
2.1155e-05,0,0,0,47.583,-10,0
1.9515e-05,0.052341,-0.00013456,0,47.889,-9.3333,0
2.0032e-05,0,0,0,47.889,-10,0
1.846e-05,0.05235,2.2918e-05,0,48.194,-9.3333,0
1.8977e-05,0,0,0,48.194,-10,0
1.7542e-05,0.052294,0.00015368,0,48.5,-9.3333,0
1.8047e-05,0,0,0,48.5,-10,0
1.6785e-05,0.052183,0.00025086,0,48.806,-9.3333,0
1.7277e-05,0,0,0,48.806,-10,0
1.6209e-05,0.052028,0.00031971,0,49.111,-9.3333,0
1.6683e-05,0,0,0,49.111,-10,0
1.5806e-05,0.051835,0.00037647,0,49.417,-9.3333,0
1.6262e-05,0,0,0,49.417,-10,0
1.555e-05,0.05161,0.00043708,0,49.722,-9.3333,0
1.599e-05,0,0,0,49.722,-10,0
1.5403e-05,0.05136,0.00050417,0,50.028,-9.3333,0
1.5831e-05,0,0,0,50.028,-10,0
1.5347e-05,0.051094,0.00056327,0,50.333,-9.3333,0
1.5761e-05,0,0,0,50.333,-10,0
1.5381e-05,0.05082,0.00059384,0,50.639,-9.3333,0
1.5775e-05,0,0,0,50.639,-10,0
1.5528e-05,0.050545,0.00058916,0,50.944,-9.3333,0
1.5895e-05,0,0,0,50.944,-10,0
1.5797e-05,0.050268,0.00056548,0,51.25,-9.3333,0
1.6135e-05,0,0,0,51.25,-10,0
1.6174e-05,0.049987,0.00055397,0,51.556,-9.3333,0
1.6486e-05,0,0,0,51.556,-10,0
1.6608e-05,0.049696,0.00057889,0,51.861,-9.3333,0
1.6904e-05,0,0,0,51.861,-10,0
1.7047e-05,0.049395,0.00063635,0,52.167,-9.3333,0
1.7335e-05,0,0,0,52.167,-10,0
1.7469e-05,0.049088,0.00069151,0,52.472,-9.3333,0
1.7749e-05,0,0,0,52.472,-10,0
1.7898e-05,0.048784,0.00070387,0,52.778,-9.3333,0
1.8157e-05,0,0,0,52.778,-10,0
1.8394e-05,0.048489,0.00065563,0,53.083,-9.3333,0
1.8617e-05,0,0,0,53.083,-10,0
1.9005e-05,0.048204,0.00057263,0,53.389,-9.3333,0
1.9169e-05,0,0,0,53.389,-10,0
1.973e-05,0.047918,0.0005128,0,53.694,-9.3333,0
1.9838e-05,0,0,0,53.694,-10,0
2.0486e-05,0.047616,0.00053111,0,54,-9.3333,0
2.0536e-05,0,0,0,54,-10,0
2.1169e-05,0.047281,0.00063798,0,54.306,-9.3333,0
2.1181e-05,0,0,0,54.306,-10,0
2.1704e-05,0.046911,0.00078566,0,54.611,-9.3333,0
2.1694e-05,0,0,0,54.611,-10,0
2.2104e-05,0.046513,0.00088429,0,54.917,-9.3333,0
2.2027e-05,0,0,0,54.917,-10,0
2.2463e-05,0.046111,0.00085657,0,55.222,-9.3333,0
2.2276e-05,0,0,0,55.222,-10,0
2.2984e-05,0.045722,0.00067946,0,55.528,-9.3333,0
2.2589e-05,0,0,0,55.528,-10,0
2.3733e-05,0.045358,0.00042331,0,55.833,-9.3333,0
2.2887e-05,0,0,0,55.833,-10,0
2.4779e-05,0.044995,0.00021778,0,56.139,-9.3333,0
2.354e-05,0,0,0,56.139,-10,0
2.5986e-05,0.044591,0.00020165,0,56.444,-9.3333,0
2.4128e-05,0,0,0,56.444,-10,0
2.5347e-05,0.044074,0.00048756,0,56.75,-9.3333,0
2.21e-05,0,0,0,56.75,-10,0
2.4754e-05,0.04342,0.0011934,0,57.056,-9.3333,0
2.1837e-05,0,0,0,57.056,-10,0
2.4431e-05,0.042587,0.0022997,0,57.361,-9.3333,0
2.2502e-05,0,0,0,57.361,-10,0
2.3331e-05,0.041645,0.0034837,0,57.667,-9.3333,0
2.2096e-05,0,0,0,57.667,-10,0
2.1805e-05,0.040642,0.0043411,0,57.972,-9.3333,0
2.1183e-05,0,0,0,57.972,-10,0
1.8325e-05,0.03968,0.0045398,0,58.278,-9.3333,0
1.707e-05,0,0,0,58.278,-10,0
1.1084e-05,0.03888,0.0037915,0,58.583,-9.3333,0
1.0139e-05,0,0,0,58.583,-10,0
4.8792e-06,0.038511,0.0020059,0,58.889,-9.3333,0
4.1903e-06,0,0,0,58.889,-10,0
4.7841e-06,0.038713,-0.00042318,0,59.194,-9.3333,0
3.8424e-06,0,0,0,59.194,-10,0
1.1519e-05,0.039532,-0.0028666,0,59.5,-9.3333,0
1.3088e-05,0,0,0,59.5,-10,0
2.4698e-05,0.040851,-0.0049883,0,59.806,-9.3333,0
3.1447e-05,0,0,0,59.806,-10,0
4.1311e-05,0.042609,-0.0068213,0,60.111,-9.3333,0
5.5409e-05,0,0,0,60.111,-10,0
5.9184e-05,0.044749,-0.00847,0,60.417,-9.3333,0
8.1253e-05,0,0,0,60.417,-10,0
7.3647e-05,0.047254,-0.0098963,0,60.722,-9.3333,0
0.0001001,0,0,0,60.722,-10,0
7.8987e-05,0.050075,-0.0109,0,61.028,-9.3333,0
0.0001075,0,0,0,61.028,-10,0
7.468e-05,0.053178,-0.011204,0,61.333,-9.3333,0
0.00010288,0,0,0,61.333,-10,0
6.0397e-05,0.056452,-0.010505,0,61.639,-9.3333,0
8.4482e-05,0,0,0,61.639,-10,0
3.7598e-05,0.059741,-0.0086362,0,61.944,-9.3333,0
5.7507e-05,0,0,0,61.944,-10,0
1.334e-05,0.062777,-0.0058471,0,62.25,-9.3333,0
3.1022e-05,0,0,0,62.25,-10,0
-3.6752e-06,0.065273,-0.00278,0,62.556,-9.3333,0
1.3061e-05,0,0,0,62.556,-10,0
-1.422e-05,0.066908,-0.00012425,0,62.861,-9.3333,0
1.4241e-07,0,0,0,62.861,-10,0
-1.8427e-05,0.067634,0.0017879,0,63.167,-9.3333,0
-8.0353e-06,0,0,0,63.167,-10,0
-1.9975e-05,0.067525,0.0029235,0,63.472,-9.3333,0
-1.6583e-05,0,0,0,63.472,-10,0
-1.9134e-05,0.066888,0.0034178,0,63.778,-9.3333,0
-1.8727e-05,0,0,0,63.778,-10,0
-2.218e-05,0.065895,0.0035357,0,64.083,-9.3333,0
-2.1443e-05,0,0,0,64.083,-10,0
-2.3762e-05,0.064833,0.003426,0,64.389,-9.3333,0
-2.7148e-05,0,0,0,64.389,-10,0
-2.8217e-05,0.063609,0.0031689,0,64.694,-9.3333,0
-3.3648e-05,0,0,0,64.694,-10,0
0,0.062697,0.0030176,0,65,-9.3333,0
-2.2967e-05,0.029058,0.00087802,0,65,-10,0
-0.0002541,0.056974,0.0013,0,10.306,-8.6667,0
-0.0002406,0.056625,0.0013284,0,10.611,-8.6667,0
-0.00022485,0.056247,0.0013729,0,10.917,-8.6667,0
-0.00021171,0.055906,0.0013913,0,11.222,-8.6667,0
-0.00019881,0.055565,0.001395,0,11.528,-8.6667,0
-0.00018688,0.05524,0.0013851,0,11.833,-8.6667,0
-0.0001754,0.054924,0.0013628,0,12.139,-8.6667,0
-0.00016456,0.054621,0.0013266,0,12.444,-8.6667,0
-0.00015421,0.054334,0.0012774,0,12.75,-8.6667,0
-0.00014442,0.054065,0.0012145,0,13.056,-8.6667,0
-0.00013513,0.053817,0.0011361,0,13.361,-8.6667,0
-0.00012635,0.053591,0.0010409,0,13.667,-8.6667,0
-0.00011805,0.053389,0.00093678,0,13.972,-8.6667,0
-0.00011024,0.053215,0.0008284,0,14.278,-8.6667,0
-0.0001029,0.053072,0.00071033,0,14.583,-8.6667,0
-9.6027e-05,0.05296,0.0005796,0,14.889,-8.6667,0
-8.9617e-05,0.052878,0.00044767,0,15.194,-8.6667,0
-8.3675e-05,0.052833,0.00032278,0,15.5,-8.6667,0
-7.8183e-05,0.05283,0.00019559,0,15.806,-8.6667,0
-7.3189e-05,0.052866,5.3238e-05,0,16.111,-8.6667,0
-6.8664e-05,0.05294,-9.5928e-05,0,16.417,-8.6667,0
-6.4586e-05,0.05305,-0.00023833,0,16.722,-8.6667,0
-6.0924e-05,0.053196,-0.00036532,0,17.028,-8.6667,0
-5.7755e-05,0.053377,-0.00047054,0,17.333,-8.6667,0
-5.4987e-05,0.053582,-0.00054944,0,17.639,-8.6667,0
-5.2616e-05,0.0538,-0.00059424,0,17.944,-8.6667,0
-5.0668e-05,0.054017,-0.0006052,0,18.25,-8.6667,0
-4.8993e-05,0.054223,-0.00058303,0,18.556,-8.6667,0
-4.7581e-05,0.054409,-0.00053358,0,18.861,-8.6667,0
-4.632e-05,0.05457,-0.00046206,0,19.167,-8.6667,0
-4.5167e-05,0.054705,-0.00037521,0,19.472,-8.6667,0
-4.4051e-05,0.054811,-0.0002806,0,19.778,-8.6667,0
-4.2945e-05,0.054889,-0.00018761,0,20.083,-8.6667,0
-4.1795e-05,0.054937,-0.00010178,0,20.389,-8.6667,0
-4.0601e-05,0.054953,-2.2186e-05,0,20.694,-8.6667,0
-3.9323e-05,0.054937,5.729e-05,0,21,-8.6667,0
-3.793e-05,0.054894,0.00013866,0,21.306,-8.6667,0
-3.6397e-05,0.054828,0.00021651,0,21.611,-8.6667,0
-3.4782e-05,0.054742,0.00028812,0,21.917,-8.6667,0
-3.3107e-05,0.054637,0.00035348,0,22.222,-8.6667,0
-3.1339e-05,0.054515,0.00041522,0,22.528,-8.6667,0
-2.9532e-05,0.054377,0.00047317,0,22.833,-8.6667,0
-2.767e-05,0.054224,0.00052675,0,23.139,-8.6667,0
-2.5779e-05,0.054059,0.00057527,0,23.444,-8.6667,0
-2.3861e-05,0.05388,0.00061969,0,23.75,-8.6667,0
-2.1931e-05,0.053691,0.00066088,0,24.056,-8.6667,0
-1.9996e-05,0.053494,0.00069926,0,24.361,-8.6667,0
-1.8067e-05,0.053291,0.00073312,0,24.667,-8.6667,0
-1.6146e-05,0.053084,0.00076076,0,24.972,-8.6667,0
-1.424e-05,0.052875,0.00078177,0,25.278,-8.6667,0
-1.235e-05,0.052666,0.00079708,0,25.583,-8.6667,0
-1.048e-05,0.05246,0.00080779,0,25.889,-8.6667,0
-8.6312e-06,0.052257,0.00081352,0,26.194,-8.6667,0
-6.8071e-06,0.05206,0.00081174,0,26.5,-8.6667,0
-5.001e-06,0.051868,0.00080039,0,26.806,-8.6667,0
-3.2207e-06,0.051684,0.00077768,0,27.111,-8.6667,0
-1.4579e-06,0.051508,0.000743,0,27.417,-8.6667,0
2.7851e-07,0.051341,0.00069553,0,27.722,-8.6667,0
1.9923e-06,0.051185,0.00063373,0,28.028,-8.6667,0
3.6982e-06,0.051046,0.00055445,0,28.333,-8.6667,0
5.3846e-06,0.050931,0.00045581,0,28.639,-8.6667,0
7.0814e-06,0.050844,0.00033854,0,28.944,-8.6667,0
8.7987e-06,0.05078,0.00020781,0,29.25,-8.6667,0
1.0481e-05,0.050729,6.5733e-05,0,29.556,-8.6667,0
1.2207e-05,0.050686,-9.6592e-05,0,29.861,-8.6667,0
1.3807e-05,0.050671,-0.00030552,0,30.167,-8.6667,0
1.522e-05,0.050737,-0.0005914,0,30.472,-8.6667,0
1.6446e-05,0.050954,-0.00094259,0,30.778,-8.6667,0
1.7288e-05,0.051354,-0.0012942,0,31.083,-8.6667,0
1.7622e-05,0.051906,-0.0015643,0,31.389,-8.6667,0
1.7322e-05,0.052538,-0.0017041,0,31.694,-8.6667,0
1.6473e-05,0.053171,-0.0017087,0,32,-8.6667,0
1.5206e-05,0.053748,-0.0016029,0,32.306,-8.6667,0
1.3676e-05,0.054234,-0.0014212,0,32.611,-8.6667,0
1.1985e-05,0.054618,-0.0011922,0,32.917,-8.6667,0
1.0228e-05,0.054904,-0.00093865,0,33.222,-8.6667,0
8.5369e-06,0.055105,-0.00068025,0,33.528,-8.6667,0
6.9892e-06,0.055231,-0.00043301,0,33.833,-8.6667,0
5.6201e-06,0.055294,-0.00020745,0,34.139,-8.6667,0
4.4538e-06,0.0553,-8.5597e-06,0,34.444,-8.6667,0
3.5052e-06,0.055257,0.00016267,0,34.75,-8.6667,0
2.7748e-06,0.055174,0.0003071,0,35.056,-8.6667,0
2.2531e-06,0.055059,0.00042659,0,35.361,-8.6667,0
1.9238e-06,0.054917,0.00052355,0,35.667,-8.6667,0
1.7686e-06,0.054756,0.00060051,0,35.972,-8.6667,0
1.7686e-06,0.054581,0.00066009,0,36.278,-8.6667,0
1.9057e-06,0.054395,0.00070545,0,36.583,-8.6667,0
2.1612e-06,0.054202,0.00073956,0,36.889,-8.6667,0
2.5182e-06,0.054004,0.00076447,0,37.194,-8.6667,0
2.9611e-06,0.053803,0.00078144,0,37.5,-8.6667,0
3.4774e-06,0.053599,0.00079202,0,37.806,-8.6667,0
4.0546e-06,0.053394,0.00079808,0,38.111,-8.6667,0
4.682e-06,0.053187,0.00080192,0,38.417,-8.6667,0
5.3482e-06,0.052978,0.00080524,0,38.722,-8.6667,0
6.0437e-06,0.052767,0.00080882,0,39.028,-8.6667,0
6.7599e-06,0.052554,0.00081189,0,39.333,-8.6667,0
7.4914e-06,0.052343,0.00081312,0,39.639,-8.6667,0
8.2368e-06,0.052136,0.00081131,0,39.944,-8.6667,0
8.9941e-06,0.051933,0.00080665,0,40.25,-8.6667,0
9.7631e-06,0.051733,0.00080075,0,40.556,-8.6667,0
1.0543e-05,0.051531,0.00079633,0,40.861,-8.6667,0
1.1326e-05,0.051324,0.0007938,0,41.167,-8.6667,0
1.2119e-05,0.051117,0.00078762,0,41.472,-8.6667,0
1.2919e-05,0.050919,0.00076642,0,41.778,-8.6667,0
1.3738e-05,0.050742,0.00071952,0,42.083,-8.6667,0
1.4615e-05,0.050593,0.00064824,0,42.389,-8.6667,0
1.5528e-05,0.050463,0.00057207,0,42.694,-8.6667,0
1.6546e-05,0.050328,0.0005204,0,43,-8.6667,0
1.7627e-05,0.050156,0.00050584,0,43.306,-8.6667,0
1.8761e-05,0.049931,0.00049249,0,43.611,-8.6667,0
2.0105e-05,0.049673,0.00038439,0,43.917,-8.6667,0
2.1289e-05,0.04944,5.655e-05,0,44.222,-8.6667,0
2.2217e-05,0.049346,-0.00056108,0,44.528,-8.6667,0
2.3203e-05,0.049533,-0.0013723,0,44.833,-8.6667,0
2.4304e-05,0.050072,-0.0021423,0,45.139,-8.6667,0
2.5269e-05,0.050911,-0.0026624,0,45.444,-8.6667,0
2.5637e-05,0.051912,-0.0028537,0,45.75,-8.6667,0
2.524e-05,0.052922,-0.0027469,0,46.056,-8.6667,0
2.4191e-05,0.053825,-0.0024274,0,46.361,-8.6667,0
2.2765e-05,0.054556,-0.0019891,0,46.667,-8.6667,0
2.1187e-05,0.055094,-0.0015086,0,46.972,-8.6667,0
1.9667e-05,0.055445,-0.001037,0,47.278,-8.6667,0
1.8301e-05,0.055634,-0.00060285,0,47.583,-8.6667,0
1.7083e-05,0.055695,-0.00022067,0,47.889,-8.6667,0
1.6015e-05,0.055659,0.0001024,0,48.194,-8.6667,0
1.5147e-05,0.055553,0.00036583,0,48.5,-8.6667,0
1.449e-05,0.055392,0.00057965,0,48.806,-8.6667,0
1.4037e-05,0.055185,0.00075808,0,49.111,-8.6667,0
1.3757e-05,0.054939,0.00091036,0,49.417,-8.6667,0
1.3621e-05,0.054667,0.0010356,0,49.722,-8.6667,0
1.3597e-05,0.054383,0.0011265,0,50.028,-8.6667,0
1.3674e-05,0.054101,0.0011785,0,50.333,-8.6667,0
1.3847e-05,0.053822,0.0011979,0,50.639,-8.6667,0
1.4126e-05,0.053541,0.0012037,0,50.944,-8.6667,0
1.45e-05,0.053245,0.0012171,0,51.25,-8.6667,0
1.4947e-05,0.052933,0.0012485,0,51.556,-8.6667,0
1.5423e-05,0.052611,0.0012914,0,51.861,-8.6667,0
1.5906e-05,0.052298,0.0013264,0,52.167,-8.6667,0
1.6386e-05,0.052007,0.0013324,0,52.472,-8.6667,0
1.6899e-05,0.051736,0.0013062,0,52.778,-8.6667,0
1.7471e-05,0.051464,0.0012655,0,53.083,-8.6667,0
1.8131e-05,0.051164,0.0012466,0,53.389,-8.6667,0
1.8836e-05,0.050816,0.0012835,0,53.694,-8.6667,0
1.9531e-05,0.050428,0.0013887,0,54,-8.6667,0
2.0124e-05,0.050028,0.001537,0,54.306,-8.6667,0
2.0603e-05,0.049656,0.0016752,0,54.611,-8.6667,0
2.0999e-05,0.049329,0.0017447,0,54.917,-8.6667,0
2.1427e-05,0.049033,0.0017233,0,55.222,-8.6667,0
2.196e-05,0.04871,0.0016404,0,55.528,-8.6667,0
2.2723e-05,0.048291,0.0015872,0,55.833,-8.6667,0
2.3559e-05,0.047723,0.0016759,0,56.139,-8.6667,0
2.4309e-05,0.047004,0.0019958,0,56.444,-8.6667,0
2.4134e-05,0.046184,0.0025519,0,56.75,-8.6667,0
2.2839e-05,0.045373,0.0032405,0,57.056,-8.6667,0
2.0325e-05,0.044716,0.0038653,0,57.361,-8.6667,0
1.6854e-05,0.044328,0.004237,0,57.667,-8.6667,0
1.3393e-05,0.044214,0.0042738,0,57.972,-8.6667,0
1.0238e-05,0.044342,0.0038186,0,58.278,-8.6667,0
5.482e-06,0.044668,0.0025401,0,58.583,-8.6667,0
2.2722e-06,0.045172,0.00036305,0,58.889,-8.6667,0
4.1942e-06,0.045736,-0.0022268,0,59.194,-8.6667,0
9.3829e-06,0.046313,-0.0046533,0,59.5,-8.6667,0
1.6541e-05,0.046882,-0.0067109,0,59.806,-8.6667,0
2.3854e-05,0.047448,-0.0084917,0,60.111,-8.6667,0
3.0348e-05,0.047989,-0.010125,0,60.417,-8.6667,0
3.599e-05,0.048521,-0.011627,0,60.722,-8.6667,0
3.8132e-05,0.04907,-0.012923,0,61.028,-8.6667,0
3.519e-05,0.049727,-0.013912,0,61.333,-8.6667,0
2.6564e-05,0.050591,-0.014331,0,61.639,-8.6667,0
1.3785e-05,0.051862,-0.013809,0,61.944,-8.6667,0
-1.5459e-06,0.053688,-0.01205,0,62.25,-8.6667,0
-1.5147e-05,0.056092,-0.0089993,0,62.556,-8.6667,0
-2.4084e-05,0.058707,-0.0051391,0,62.861,-8.6667,0
-2.7161e-05,0.061045,-0.0013445,0,63.167,-8.6667,0
-2.5043e-05,0.062682,0.0016442,0,63.472,-8.6667,0
-2.2609e-05,0.063517,0.003531,0,63.778,-8.6667,0
-2.2029e-05,0.06367,0.0045023,0,64.083,-8.6667,0
-1.8842e-05,0.063427,0.0048718,0,64.389,-8.6667,0
-2.0955e-05,0.062873,0.0048555,0,64.694,-8.6667,0
0,0.062392,0.0047754,0,65,-8.6667,0
-0.00025368,0.057026,0.0020869,0,10.306,-8,0
-0.00023858,0.056626,0.0020894,0,10.611,-8,0
-0.00022373,0.056227,0.0021047,0,10.917,-8,0
-0.00021,0.055841,0.0021033,0,11.222,-8,0
-0.00019682,0.055464,0.0020946,0,11.528,-8,0
-0.00018437,0.055105,0.0020641,0,11.833,-8,0
-0.00017251,0.054766,0.0020124,0,12.139,-8,0
-0.00016126,0.054449,0.0019386,0,12.444,-8,0
-0.00015058,0.054156,0.001846,0,12.75,-8,0
-0.00014045,0.053891,0.0017352,0,13.056,-8,0
-0.00013086,0.053655,0.0016072,0,13.361,-8,0
-0.00012182,0.053451,0.0014628,0,13.667,-8,0
-0.00011329,0.053278,0.0013034,0,13.972,-8,0
-0.00010528,0.053139,0.0011294,0,14.278,-8,0
-9.7771e-05,0.053033,0.00094137,0,14.583,-8,0
-9.077e-05,0.052962,0.0007411,0,14.889,-8,0
-8.4268e-05,0.052925,0.00053176,0,15.194,-8,0
-7.8279e-05,0.05293,0.00031494,0,15.5,-8,0
-7.2788e-05,0.052982,8.9845e-05,0,15.806,-8,0
-6.7821e-05,0.053082,-0.00014317,0,16.111,-8,0
-6.3343e-05,0.053227,-0.00037934,0,16.417,-8,0
-5.937e-05,0.053421,-0.00061023,0,16.722,-8,0
-5.5924e-05,0.053668,-0.00082221,0,17.028,-8,0
-5.3079e-05,0.053964,-0.00099571,0,17.333,-8,0
-5.0828e-05,0.054294,-0.0011123,0,17.639,-8,0
-4.9116e-05,0.054634,-0.0011615,0,17.944,-8,0
-4.7902e-05,0.054962,-0.001145,0,18.25,-8,0
-4.6955e-05,0.055259,-0.0010721,0,18.556,-8,0
-4.622e-05,0.055516,-0.00095735,0,18.861,-8,0
-4.5595e-05,0.055725,-0.00081478,0,19.167,-8,0
-4.4997e-05,0.055885,-0.00065633,0,19.472,-8,0
-4.434e-05,0.055999,-0.00049077,0,19.778,-8,0
-4.3587e-05,0.056069,-0.00032406,0,20.083,-8,0
-4.2698e-05,0.056097,-0.00015964,0,20.389,-8,0
-4.1683e-05,0.056083,-6.735e-08,0,20.694,-8,0
-4.0513e-05,0.056031,0.000152,0,21,-8,0
-3.917e-05,0.055946,0.00029413,0,21.306,-8,0
-3.7672e-05,0.05583,0.00042468,0,21.611,-8,0
-3.6047e-05,0.055689,0.00054444,0,21.917,-8,0
-3.4335e-05,0.055523,0.00065455,0,22.222,-8,0
-3.2523e-05,0.055338,0.00075633,0,22.528,-8,0
-3.0649e-05,0.055135,0.00085032,0,22.833,-8,0
-2.8719e-05,0.054919,0.00093685,0,23.139,-8,0
-2.6754e-05,0.054692,0.0010155,0,23.444,-8,0
-2.4763e-05,0.054457,0.0010855,0,23.75,-8,0
-2.2761e-05,0.054215,0.0011463,0,24.056,-8,0
-2.0755e-05,0.05397,0.001198,0,24.361,-8,0
-1.8756e-05,0.053725,0.0012399,0,24.667,-8,0
-1.6765e-05,0.05348,0.0012701,0,24.972,-8,0
-1.4785e-05,0.053239,0.0012873,0,25.278,-8,0
-1.2816e-05,0.053001,0.0012924,0,25.583,-8,0
-1.0868e-05,0.052764,0.0012876,0,25.889,-8,0
-8.9442e-06,0.05253,0.0012738,0,26.194,-8,0
-7.0449e-06,0.052301,0.00125,0,26.5,-8,0
-5.1574e-06,0.052082,0.0012155,0,26.806,-8,0
-3.2896e-06,0.051871,0.0011707,0,27.111,-8,0
-1.4296e-06,0.051665,0.0011168,0,27.417,-8,0
4.171e-07,0.051463,0.0010507,0,27.722,-8,0
2.2493e-06,0.05127,0.00096258,0,28.028,-8,0
4.1138e-06,0.051099,0.00084024,0,28.333,-8,0
5.9757e-06,0.050961,0.00068376,0,28.639,-8,0
7.8999e-06,0.050852,0.00051593,0,28.944,-8,0
9.9533e-06,0.050747,0.00037001,0,29.25,-8,0
1.2009e-05,0.050615,0.00024823,0,29.556,-8,0
1.4403e-05,0.050454,8.3964e-05,0,29.861,-8,0
1.6614e-05,0.0503,-0.00025186,0,30.167,-8,0
1.8102e-05,0.050271,-0.00087147,0,30.472,-8,0
1.9419e-05,0.050546,-0.001723,0,30.778,-8,0
2.0519e-05,0.051218,-0.0025751,0,31.083,-8,0
2.0748e-05,0.052199,-0.0031816,0,31.389,-8,0
1.9684e-05,0.053305,-0.0034247,0,31.694,-8,0
1.7701e-05,0.054365,-0.0033292,0,32,-8,0
1.5097e-05,0.055267,-0.0029911,0,32.306,-8,0
1.2382e-05,0.05596,-0.0025153,0,32.611,-8,0
1.0077e-05,0.056437,-0.0019897,0,32.917,-8,0
7.9298e-06,0.056726,-0.0014773,0,33.222,-8,0
5.8212e-06,0.056868,-0.0010101,0,33.528,-8,0
3.9056e-06,0.056902,-0.00059486,0,33.833,-8,0
2.2989e-06,0.056858,-0.00023003,0,34.139,-8,0
1.0628e-06,0.056757,8.6021e-05,0,34.444,-8,0
1.6241e-07,0.056614,0.00035465,0,34.75,-8,0
-4.4286e-07,0.056441,0.0005782,0,35.056,-8,0
-7.8911e-07,0.056247,0.00075983,0,35.361,-8,0
-9.124e-07,0.056037,0.0009031,0,35.667,-8,0
-8.4577e-07,0.055816,0.0010126,0,35.972,-8,0
-6.1962e-07,0.055588,0.0010945,0,36.278,-8,0
-2.6269e-07,0.055353,0.0011555,0,36.583,-8,0
1.996e-07,0.055114,0.0012009,0,36.889,-8,0
7.488e-07,0.054872,0.0012338,0,37.194,-8,0
1.3689e-06,0.054629,0.001256,0,37.5,-8,0
2.047e-06,0.054385,0.0012702,0,37.806,-8,0
2.7704e-06,0.054142,0.0012805,0,38.111,-8,0
3.5267e-06,0.053899,0.0012916,0,38.417,-8,0
4.3028e-06,0.053652,0.0013047,0,38.722,-8,0
5.0894e-06,0.053405,0.0013163,0,39.028,-8,0
5.8822e-06,0.053158,0.0013198,0,39.333,-8,0
6.6813e-06,0.052919,0.0013115,0,39.639,-8,0
7.4911e-06,0.052687,0.001295,0,39.944,-8,0
8.3112e-06,0.052461,0.001281,0,40.25,-8,0
9.1383e-06,0.052234,0.0012792,0,40.556,-8,0
9.9699e-06,0.051999,0.0012894,0,40.861,-8,0
1.0796e-05,0.05176,0.0012953,0,41.167,-8,0
1.1626e-05,0.051527,0.0012702,0,41.472,-8,0
1.2464e-05,0.051316,0.0011938,0,41.778,-8,0
1.3321e-05,0.051135,0.0010725,0,42.083,-8,0
1.4247e-05,0.050972,0.00094896,0,42.389,-8,0
1.5211e-05,0.050803,0.00088892,0,42.694,-8,0
1.6284e-05,0.050595,0.00093948,0,43,-8,0
1.7449e-05,0.05033,0.00108,0,43.306,-8,0
1.865e-05,0.050016,0.0011998,0,43.611,-8,0
2.0123e-05,0.04968,0.0011201,0,43.917,-8,0
2.1291e-05,0.049361,0.00061218,0,44.222,-8,0
2.1779e-05,0.049144,-0.00052012,0,44.528,-8,0
2.2167e-05,0.049184,-0.0021662,0,44.833,-8,0
2.2737e-05,0.049596,-0.0038511,0,45.139,-8,0
2.3343e-05,0.050396,-0.0050558,0,45.444,-8,0
2.3156e-05,0.051495,-0.0055195,0,45.75,-8,0
2.1924e-05,0.052752,-0.0052885,0,46.056,-8,0
2.0314e-05,0.054018,-0.0045756,0,46.361,-8,0
1.8501e-05,0.055158,-0.0036193,0,46.667,-8,0
1.6549e-05,0.05607,-0.0026088,0,46.972,-8,0
1.4776e-05,0.056706,-0.0016652,0,47.278,-8,0
1.3288e-05,0.05707,-0.00085243,0,47.583,-8,0
1.2103e-05,0.057204,-0.00019028,0,47.889,-8,0
1.1247e-05,0.057161,0.00033148,0,48.194,-8,0
1.0687e-05,0.056996,0.00073698,0,48.5,-8,0
1.0332e-05,0.056749,0.0010549,0,48.806,-8,0
1.0172e-05,0.056456,0.0013082,0,49.111,-8,0
1.0183e-05,0.05614,0.0015064,0,49.417,-8,0
1.0333e-05,0.05582,0.0016495,0,49.722,-8,0
1.0588e-05,0.055506,0.0017391,0,50.028,-8,0
1.0938e-05,0.0552,0.0017874,0,50.333,-8,0
1.1366e-05,0.054897,0.0018167,0,50.639,-8,0
1.1861e-05,0.05459,0.0018488,0,50.944,-8,0
1.2399e-05,0.054277,0.0018923,0,51.25,-8,0
1.2965e-05,0.053963,0.0019373,0,51.556,-8,0
1.3538e-05,0.053656,0.0019625,0,51.861,-8,0
1.4122e-05,0.053364,0.0019536,0,52.167,-8,0
1.4716e-05,0.053087,0.0019185,0,52.472,-8,0
1.5339e-05,0.052813,0.0018892,0,52.778,-8,0
1.5981e-05,0.052523,0.0019047,0,53.083,-8,0
1.6633e-05,0.052205,0.0019865,0,53.389,-8,0
1.7257e-05,0.051858,0.0021181,0,53.694,-8,0
1.7826e-05,0.051501,0.0022494,0,54,-8,0
1.8308e-05,0.051161,0.0023223,0,54.306,-8,0
1.8751e-05,0.050861,0.0023104,0,54.611,-8,0
1.9154e-05,0.050597,0.0022442,0,54.917,-8,0
1.9582e-05,0.050338,0.0022073,0,55.222,-8,0
1.9977e-05,0.050035,0.0022976,0,55.528,-8,0
2.0296e-05,0.049651,0.0025761,0,55.833,-8,0
2.0459e-05,0.049183,0.0030272,0,56.139,-8,0
2.0199e-05,0.048676,0.0035575,0,56.444,-8,0
1.9244e-05,0.048209,0.0040429,0,56.75,-8,0
1.7631e-05,0.047861,0.004393,0,57.056,-8,0
1.4795e-05,0.047663,0.0045754,0,57.361,-8,0
1.0966e-05,0.0476,0.0045777,0,57.667,-8,0
6.9422e-06,0.047623,0.0043128,0,57.972,-8,0
4.025e-06,0.047729,0.0035398,0,58.278,-8,0
2.6586e-06,0.04789,0.0019829,0,58.583,-8,0
2.6634e-06,0.048035,-0.00031255,0,58.889,-8,0
4.9128e-06,0.048113,-0.0029117,0,59.194,-8,0
8.8329e-06,0.048159,-0.0053618,0,59.5,-8,0
1.3589e-05,0.04823,-0.0074603,0,59.806,-8,0
1.8529e-05,0.048349,-0.0092274,0,60.111,-8,0
2.1732e-05,0.04847,-0.010787,0,60.417,-8,0
2.3274e-05,0.048569,-0.01223,0,60.722,-8,0
2.3857e-05,0.048646,-0.013508,0,61.028,-8,0
2.1652e-05,0.048718,-0.014505,0,61.333,-8,0
1.5832e-05,0.048808,-0.015145,0,61.639,-8,0
8.2333e-06,0.049034,-0.015387,0,61.944,-8,0
-1.2549e-06,0.049567,-0.015067,0,62.25,-8,0
-9.7655e-06,0.050673,-0.013719,0,62.556,-8,0
-1.7643e-05,0.052486,-0.010919,0,62.861,-8,0
-2.4309e-05,0.054879,-0.006868,0,63.167,-8,0
-2.5462e-05,0.057326,-0.0024723,0,63.472,-8,0
-2.4518e-05,0.059323,0.0012512,0,63.778,-8,0
-1.9788e-05,0.060574,0.0037535,0,64.083,-8,0
-1.5487e-05,0.061135,0.0050819,0,64.389,-8,0
-1.2174e-05,0.061193,0.005531,0,64.694,-8,0
0,0.061049,0.0055641,0,65,-8,0
-0.00025399,0.056681,0.0030555,0,10.306,-7.3333,0
-0.00023752,0.056203,0.0030713,0,10.611,-7.3333,0
-0.00022253,0.055753,0.0030791,0,10.917,-7.3333,0
-0.00020786,0.055318,0.003054,0,11.222,-7.3333,0
-0.00019412,0.054915,0.0029982,0,11.528,-7.3333,0
-0.00018093,0.054542,0.0029081,0,11.833,-7.3333,0
-0.00016848,0.054199,0.0027935,0,12.139,-7.3333,0
-0.00015663,0.053885,0.0026562,0,12.444,-7.3333,0
-0.00014543,0.053602,0.0024952,0,12.75,-7.3333,0
-0.00013481,0.053351,0.0023075,0,13.056,-7.3333,0
-0.00012478,0.05313,0.0020956,0,13.361,-7.3333,0
-0.00011534,0.052939,0.0018642,0,13.667,-7.3333,0
-0.00010649,0.05278,0.0016192,0,13.972,-7.3333,0
-9.8184e-05,0.052654,0.0013635,0,14.278,-7.3333,0
-9.0414e-05,0.052565,0.001097,0,14.583,-7.3333,0
-8.3177e-05,0.052517,0.00081634,0,14.889,-7.3333,0
-7.6487e-05,0.052519,0.00051736,0,15.194,-7.3333,0
-7.0329e-05,0.052578,0.00019902,0,15.5,-7.3333,0
-6.4729e-05,0.052696,-0.0001348,0,15.806,-7.3333,0
-5.9655e-05,0.052867,-0.00047968,0,16.111,-7.3333,0
-5.5091e-05,0.053091,-0.00083533,0,16.417,-7.3333,0
-5.1126e-05,0.053383,-0.0011991,0,16.722,-7.3333,0
-4.7795e-05,0.05377,-0.0015486,0,17.028,-7.3333,0
-4.5235e-05,0.054258,-0.0018358,0,17.333,-7.3333,0
-4.361e-05,0.054814,-0.0020109,0,17.639,-7.3333,0
-4.29e-05,0.055381,-0.00205,0,17.944,-7.3333,0
-4.2895e-05,0.055907,-0.0019662,0,18.25,-7.3333,0
-4.3343e-05,0.056354,-0.0017894,0,18.556,-7.3333,0
-4.4015e-05,0.056707,-0.0015472,0,18.861,-7.3333,0
-4.4629e-05,0.056964,-0.0012667,0,19.167,-7.3333,0
-4.5052e-05,0.057133,-0.0009728,0,19.472,-7.3333,0
-4.5201e-05,0.057221,-0.00068135,0,19.778,-7.3333,0
-4.5037e-05,0.057239,-0.0004001,0,20.083,-7.3333,0
-4.4548e-05,0.057195,-0.00013221,0,20.389,-7.3333,0
-4.3748e-05,0.057097,0.00012096,0,20.694,-7.3333,0
-4.2665e-05,0.056954,0.00035777,0,21,-7.3333,0
-4.1333e-05,0.056772,0.00057712,0,21.306,-7.3333,0
-3.9784e-05,0.05656,0.00077756,0,21.611,-7.3333,0
-3.8051e-05,0.05632,0.00095821,0,21.917,-7.3333,0
-3.6185e-05,0.05606,0.0011191,0,22.222,-7.3333,0
-3.4212e-05,0.055782,0.0012616,0,22.528,-7.3333,0
-3.2171e-05,0.055493,0.0013866,0,22.833,-7.3333,0
-3.008e-05,0.055197,0.001494,0,23.139,-7.3333,0
-2.7961e-05,0.054897,0.0015846,0,23.444,-7.3333,0
-2.5826e-05,0.054597,0.0016603,0,23.75,-7.3333,0
-2.3691e-05,0.054297,0.0017226,0,24.056,-7.3333,0
-2.1566e-05,0.054001,0.0017704,0,24.361,-7.3333,0
-1.9462e-05,0.05371,0.0018023,0,24.667,-7.3333,0
-1.7382e-05,0.053426,0.0018198,0,24.972,-7.3333,0
-1.5336e-05,0.053144,0.0018286,0,25.278,-7.3333,0
-1.3319e-05,0.052861,0.0018346,0,25.583,-7.3333,0
-1.1325e-05,0.052577,0.0018359,0,25.889,-7.3333,0
-9.3604e-06,0.052299,0.001823,0,26.194,-7.3333,0
-7.4309e-06,0.052034,0.0017892,0,26.5,-7.3333,0
-5.5172e-06,0.051784,0.0017398,0,26.806,-7.3333,0
-3.6196e-06,0.051541,0.001687,0,27.111,-7.3333,0
-1.717e-06,0.051297,0.0016333,0,27.417,-7.3333,0
2.0254e-07,0.051053,0.001558,0,27.722,-7.3333,0
2.1121e-06,0.050825,0.0014274,0,28.028,-7.3333,0
4.0798e-06,0.05063,0.0012275,0,28.333,-7.3333,0
6.0673e-06,0.050471,0.00099456,0,28.639,-7.3333,0
8.1311e-06,0.050324,0.00080758,0,28.944,-7.3333,0
1.0446e-05,0.050155,0.00072512,0,29.25,-7.3333,0
1.2794e-05,0.049939,0.00070778,0,29.556,-7.3333,0
1.5587e-05,0.049693,0.00059205,0,29.861,-7.3333,0
1.8149e-05,0.049453,9.1573e-05,0,30.167,-7.3333,0
1.9537e-05,0.049345,-0.0011282,0,30.472,-7.3333,0
2.0324e-05,0.049615,-0.0030081,0,30.778,-7.3333,0
2.0664e-05,0.050418,-0.0048995,0,31.083,-7.3333,0
2.0108e-05,0.051696,-0.0061206,0,31.389,-7.3333,0
1.8139e-05,0.053248,-0.0064331,0,31.694,-7.3333,0
1.5258e-05,0.054841,-0.00599,0,32,-7.3333,0
1.207e-05,0.056276,-0.00508,0,32.306,-7.3333,0
8.5331e-06,0.057413,-0.0039708,0,32.611,-7.3333,0
4.9237e-06,0.058195,-0.0028627,0,32.917,-7.3333,0
1.759e-06,0.058635,-0.0018787,0,33.222,-7.3333,0
-7.9219e-07,0.05879,-0.0010654,0,33.528,-7.3333,0
-2.7367e-06,0.058733,-0.00041208,0,33.833,-7.3333,0
-4.1224e-06,0.058534,0.00010941,0,34.139,-7.3333,0
-5.0352e-06,0.058251,0.00052411,0,34.444,-7.3333,0
-5.533e-06,0.057925,0.00085217,0,34.75,-7.3333,0
-5.6895e-06,0.057584,0.0011098,0,35.056,-7.3333,0
-5.5726e-06,0.057242,0.00131,0,35.361,-7.3333,0
-5.2391e-06,0.056907,0.0014633,0,35.667,-7.3333,0
-4.7351e-06,0.05658,0.00158,0,35.972,-7.3333,0
-4.1008e-06,0.056259,0.0016694,0,36.278,-7.3333,0
-3.3677e-06,0.055943,0.0017383,0,36.583,-7.3333,0
-2.5595e-06,0.055631,0.0017897,0,36.889,-7.3333,0
-1.6963e-06,0.055324,0.0018242,0,37.194,-7.3333,0
-7.9604e-07,0.055021,0.0018434,0,37.5,-7.3333,0
1.282e-07,0.054723,0.0018527,0,37.806,-7.3333,0
1.0647e-06,0.054428,0.00186,0,38.111,-7.3333,0
2.0037e-06,0.054134,0.0018709,0,38.417,-7.3333,0
2.9362e-06,0.053843,0.0018832,0,38.722,-7.3333,0
3.857e-06,0.053562,0.0018867,0,39.028,-7.3333,0
4.7626e-06,0.053292,0.0018721,0,39.333,-7.3333,0
5.6523e-06,0.053035,0.0018409,0,39.639,-7.3333,0
6.5296e-06,0.052784,0.001809,0,39.944,-7.3333,0
7.3977e-06,0.052531,0.0017962,0,40.25,-7.3333,0
8.2576e-06,0.052269,0.0018093,0,40.556,-7.3333,0
9.108e-06,0.052,0.0018307,0,40.861,-7.3333,0
9.9414e-06,0.051735,0.0018236,0,41.167,-7.3333,0
1.0765e-05,0.051486,0.001755,0,41.472,-7.3333,0
1.1582e-05,0.051259,0.0016228,0,41.778,-7.3333,0
1.2397e-05,0.051048,0.0014701,0,42.083,-7.3333,0
1.324e-05,0.050834,0.0013715,0,42.389,-7.3333,0
1.4082e-05,0.050598,0.0013946,0,42.694,-7.3333,0
1.4975e-05,0.050331,0.001551,0,43,-7.3333,0
1.5959e-05,0.050044,0.0017692,0,43.306,-7.3333,0
1.6938e-05,0.049754,0.0019116,0,43.611,-7.3333,0
1.8124e-05,0.049478,0.0018129,0,43.917,-7.3333,0
1.9147e-05,0.049211,0.0012239,0,44.222,-7.3333,0
1.9559e-05,0.048978,-0.0001752,0,44.528,-7.3333,0
1.9716e-05,0.048848,-0.0023586,0,44.833,-7.3333,0
1.9482e-05,0.048899,-0.0047857,0,45.139,-7.3333,0
1.8846e-05,0.049197,-0.0068072,0,45.444,-7.3333,0
1.7663e-05,0.0498,-0.0079991,0,45.75,-7.3333,0
1.571e-05,0.05072,-0.0082523,0,46.056,-7.3333,0
1.2904e-05,0.051909,-0.0076781,0,46.361,-7.3333,0
9.7405e-06,0.053267,-0.0064708,0,46.667,-7.3333,0
7.5165e-06,0.054653,-0.0048883,0,46.972,-7.3333,0
6.0743e-06,0.055894,-0.0032208,0,47.278,-7.3333,0
4.7824e-06,0.05685,-0.0016915,0,47.583,-7.3333,0
3.9557e-06,0.057456,-0.00042045,0,47.889,-7.3333,0
3.6532e-06,0.057722,0.00055619,0,48.194,-7.3333,0
3.6158e-06,0.057712,0.0012638,0,48.5,-7.3333,0
3.8565e-06,0.057512,0.0017569,0,48.806,-7.3333,0
4.3675e-06,0.057201,0.0020877,0,49.111,-7.3333,0
4.986e-06,0.056838,0.0022973,0,49.417,-7.3333,0
5.6769e-06,0.05646,0.0024185,0,49.722,-7.3333,0
6.418e-06,0.056085,0.0024793,0,50.028,-7.3333,0
7.1923e-06,0.055717,0.0025079,0,50.333,-7.3333,0
7.9806e-06,0.055356,0.0025288,0,50.639,-7.3333,0
8.7746e-06,0.055002,0.0025556,0,50.944,-7.3333,0
9.557e-06,0.054661,0.0025854,0,51.25,-7.3333,0
1.0327e-05,0.054335,0.0026039,0,51.556,-7.3333,0
1.1077e-05,0.054028,0.0025972,0,51.861,-7.3333,0
1.1816e-05,0.053736,0.0025674,0,52.167,-7.3333,0
1.2537e-05,0.053447,0.0025363,0,52.472,-7.3333,0
1.3245e-05,0.053153,0.0025368,0,52.778,-7.3333,0
1.3923e-05,0.052849,0.0025921,0,53.083,-7.3333,0
1.4567e-05,0.052543,0.0026982,0,53.389,-7.3333,0
1.5153e-05,0.052247,0.0028196,0,53.694,-7.3333,0
1.5682e-05,0.051973,0.0029078,0,54,-7.3333,0
1.6149e-05,0.051719,0.0029318,0,54.306,-7.3333,0
1.6575e-05,0.051473,0.0029058,0,54.611,-7.3333,0
1.6955e-05,0.05121,0.0028878,0,54.917,-7.3333,0
1.7288e-05,0.050914,0.0029506,0,55.222,-7.3333,0
1.7543e-05,0.050585,0.0031399,0,55.528,-7.3333,0
1.7647e-05,0.050249,0.0034463,0,55.833,-7.3333,0
1.7519e-05,0.049945,0.0038036,0,56.139,-7.3333,0
1.7128e-05,0.049713,0.0041221,0,56.444,-7.3333,0
1.6303e-05,0.049568,0.0043361,0,56.75,-7.3333,0
1.4942e-05,0.049501,0.0044331,0,57.056,-7.3333,0
1.3331e-05,0.04949,0.004435,0,57.361,-7.3333,0
1.157e-05,0.049508,0.0043304,0,57.667,-7.3333,0
9.599e-06,0.049539,0.0040036,0,57.972,-7.3333,0
8.2619e-06,0.049571,0.0032462,0,58.278,-7.3333,0
7.8429e-06,0.049558,0.0018752,0,58.583,-7.3333,0
7.9566e-06,0.049456,-0.00011496,0,58.889,-7.3333,0
8.6136e-06,0.049282,-0.0024919,0,59.194,-7.3333,0
9.7468e-06,0.049097,-0.0049108,0,59.5,-7.3333,0
1.1828e-05,0.048943,-0.0071248,0,59.806,-7.3333,0
1.4436e-05,0.048819,-0.0090236,0,60.111,-7.3333,0
1.653e-05,0.048689,-0.010614,0,60.417,-7.3333,0
1.7502e-05,0.048515,-0.01201,0,60.722,-7.3333,0
1.7098e-05,0.048284,-0.013256,0,61.028,-7.3333,0
1.4738e-05,0.04803,-0.014278,0,61.333,-7.3333,0
1.0899e-05,0.047811,-0.015024,0,61.639,-7.3333,0
5.7774e-06,0.047672,-0.015471,0,61.944,-7.3333,0
-8.2419e-07,0.047652,-0.015624,0,62.25,-7.3333,0
-6.2337e-06,0.047856,-0.015382,0,62.556,-7.3333,0
-1.0706e-05,0.048515,-0.014332,0,62.861,-7.3333,0
-1.5946e-05,0.049905,-0.011893,0,63.167,-7.3333,0
-1.7211e-05,0.052022,-0.0080582,0,63.472,-7.3333,0
-1.7804e-05,0.054466,-0.0035365,0,63.778,-7.3333,0
-1.2693e-05,0.056664,0.0005456,0,64.083,-7.3333,0
-8.0913e-06,0.058227,0.0035177,0,64.389,-7.3333,0
1.2626e-06,0.059089,0.0050452,0,64.694,-7.3333,0
0,0.059341,0.0053564,0,65,-7.3333,0
-0.00024992,0.056091,0.0041396,0,10.306,-6.6667,0
-0.00023289,0.055585,0.004111,0,10.611,-6.6667,0
-0.00021757,0.055132,0.0040419,0,10.917,-6.6667,0
-0.00020237,0.054701,0.0039309,0,11.222,-6.6667,0
-0.00018824,0.054304,0.0037912,0,11.528,-6.6667,0
-0.0001746,0.053925,0.0036291,0,11.833,-6.6667,0
-0.00016177,0.05357,0.003447,0,12.139,-6.6667,0
-0.00014954,0.05324,0.0032402,0,12.444,-6.6667,0
-0.00013799,0.05294,0.0030112,0,12.75,-6.6667,0
-0.00012704,0.05267,0.0027657,0,13.056,-6.6667,0
-0.00011672,0.052432,0.0025056,0,13.361,-6.6667,0
-0.00010699,0.052234,0.0022268,0,13.667,-6.6667,0
-9.7843e-05,0.05208,0.0019252,0,13.972,-6.6667,0
-8.9269e-05,0.051972,0.0015979,0,14.278,-6.6667,0
-8.1247e-05,0.051906,0.0012397,0,14.583,-6.6667,0
-7.3779e-05,0.051882,0.0008414,0,14.889,-6.6667,0
-6.6901e-05,0.051918,0.0003987,0,15.194,-6.6667,0
-6.0591e-05,0.052033,-7.2052e-05,0,15.5,-6.6667,0
-5.4872e-05,0.052222,-0.00054122,0,15.806,-6.6667,0
-4.9673e-05,0.052455,-0.0010058,0,16.111,-6.6667,0
-4.5031e-05,0.052724,-0.0015068,0,16.417,-6.6667,0
-4.1054e-05,0.05309,-0.0020921,0,16.722,-6.6667,0
-3.7863e-05,0.053662,-0.0027307,0,17.028,-6.6667,0
-3.5955e-05,0.054486,-0.0032752,0,17.333,-6.6667,0
-3.5622e-05,0.055484,-0.003566,0,17.639,-6.6667,0
-3.7027e-05,0.056493,-0.0035479,0,17.944,-6.6667,0
-3.9653e-05,0.057374,-0.0032702,0,18.25,-6.6667,0
-4.1961e-05,0.058053,-0.0028209,0,18.556,-6.6667,0
-4.3871e-05,0.058509,-0.0022892,0,18.861,-6.6667,0
-4.5897e-05,0.058769,-0.0017431,0,19.167,-6.6667,0
-4.7559e-05,0.058871,-0.0012161,0,19.472,-6.6667,0
-4.8536e-05,0.058847,-0.00072235,0,19.778,-6.6667,0
-4.8855e-05,0.058717,-0.00026672,0,20.083,-6.6667,0
-4.858e-05,0.058502,0.00014986,0,20.389,-6.6667,0
-4.7796e-05,0.058221,0.00052623,0,20.694,-6.6667,0
-4.6596e-05,0.057894,0.00086076,0,21,-6.6667,0
-4.5052e-05,0.057537,0.0011546,0,21.306,-6.6667,0
-4.3243e-05,0.057161,0.0014116,0,21.611,-6.6667,0
-4.1231e-05,0.056773,0.0016354,0,21.917,-6.6667,0
-3.9078e-05,0.056379,0.0018284,0,22.222,-6.6667,0
-3.6824e-05,0.055984,0.0019923,0,22.528,-6.6667,0
-3.4509e-05,0.055592,0.002128,0,22.833,-6.6667,0
-3.2158e-05,0.055207,0.0022372,0,23.139,-6.6667,0
-2.9799e-05,0.054831,0.0023241,0,23.444,-6.6667,0
-2.7451e-05,0.05446,0.0023936,0,23.75,-6.6667,0
-2.5131e-05,0.054097,0.002446,0,24.056,-6.6667,0
-2.2845e-05,0.05374,0.0024789,0,24.361,-6.6667,0
-2.0599e-05,0.053392,0.0024952,0,24.667,-6.6667,0
-1.8402e-05,0.05305,0.0025059,0,24.972,-6.6667,0
-1.626e-05,0.052708,0.0025196,0,25.278,-6.6667,0
-1.4186e-05,0.052369,0.0025293,0,25.583,-6.6667,0
-1.2172e-05,0.052044,0.0025138,0,25.889,-6.6667,0
-1.0189e-05,0.051746,0.0024581,0,26.194,-6.6667,0
-8.2335e-06,0.051479,0.0023731,0,26.5,-6.6667,0
-6.3033e-06,0.051232,0.0022908,0,26.806,-6.6667,0
-4.4023e-06,0.050988,0.002233,0,27.111,-6.6667,0
-2.5132e-06,0.05074,0.0021811,0,27.417,-6.6667,0
-6.2797e-07,0.050497,0.0020801,0,27.722,-6.6667,0
1.2191e-06,0.050275,0.0018847,0,28.028,-6.6667,0
3.0588e-06,0.050082,0.0016115,0,28.333,-6.6667,0
4.8789e-06,0.049905,0.00135,0,28.639,-6.6667,0
6.7138e-06,0.049721,0.0012064,0,28.944,-6.6667,0
8.721e-06,0.049512,0.0012089,0,29.25,-6.6667,0
1.0759e-05,0.049282,0.0012557,0,29.556,-6.6667,0
1.3008e-05,0.049054,0.0011424,0,29.861,-6.6667,0
1.5103e-05,0.048842,0.0005024,0,30.167,-6.6667,0
1.6374e-05,0.048718,-0.0012255,0,30.472,-6.6667,0
1.6471e-05,0.048831,-0.0040671,0,30.778,-6.6667,0
1.5417e-05,0.049297,-0.0071197,0,31.083,-6.6667,0
1.3609e-05,0.050165,-0.0093616,0,31.389,-6.6667,0
1.053e-05,0.051426,-0.01029,0,31.694,-6.6667,0
5.3379e-06,0.052992,-0.0099356,0,32,-6.6667,0
-5.967e-07,0.054729,-0.0086085,0,32.306,-6.6667,0
-5.2051e-06,0.056465,-0.00671,0,32.611,-6.6667,0
-8.9812e-06,0.057993,-0.00466,0,32.917,-6.6667,0
-1.2237e-05,0.059133,-0.002779,0,33.222,-6.6667,0
-1.4376e-05,0.059805,-0.0012267,0,33.528,-6.6667,0
-1.5484e-05,0.060036,-3.9093e-05,0,33.833,-6.6667,0
-1.5846e-05,0.059924,0.00081991,0,34.139,-6.6667,0
-1.5601e-05,0.059589,0.0014133,0,34.444,-6.6667,0
-1.4915e-05,0.059134,0.0018089,0,34.75,-6.6667,0
-1.3945e-05,0.058631,0.0020675,0,35.056,-6.6667,0
-1.2795e-05,0.058122,0.0022359,0,35.361,-6.6667,0
-1.1538e-05,0.057625,0.0023477,0,35.667,-6.6667,0
-1.0221e-05,0.057147,0.002426,0,35.972,-6.6667,0
-8.8755e-06,0.05669,0.0024842,0,36.278,-6.6667,0
-7.5217e-06,0.056257,0.0025265,0,36.583,-6.6667,0
-6.174e-06,0.055847,0.0025528,0,36.889,-6.6667,0
-4.8458e-06,0.055461,0.002564,0,37.194,-6.6667,0
-3.5466e-06,0.055095,0.0025657,0,37.5,-6.6667,0
-2.2833e-06,0.054743,0.0025654,0,37.806,-6.6667,0
-1.0609e-06,0.054399,0.002567,0,38.111,-6.6667,0
1.1845e-07,0.054063,0.0025664,0,38.417,-6.6667,0
1.2552e-06,0.053739,0.0025529,0,38.722,-6.6667,0
2.3517e-06,0.053431,0.0025188,0,39.028,-6.6667,0
3.4084e-06,0.05314,0.0024683,0,39.333,-6.6667,0
4.4224e-06,0.05286,0.0024196,0,39.639,-6.6667,0
5.3922e-06,0.052582,0.0023954,0,39.944,-6.6667,0
6.3197e-06,0.052299,0.0024061,0,40.25,-6.6667,0
7.209e-06,0.052012,0.0024378,0,40.556,-6.6667,0
8.0635e-06,0.051729,0.0024547,0,40.861,-6.6667,0
8.8841e-06,0.051461,0.0024174,0,41.167,-6.6667,0
9.6708e-06,0.051211,0.0023082,0,41.472,-6.6667,0
1.0428e-05,0.050976,0.0021492,0,41.778,-6.6667,0
1.1155e-05,0.050743,0.0019999,0,42.083,-6.6667,0
1.1858e-05,0.050498,0.0019312,0,42.389,-6.6667,0
1.2548e-05,0.050237,0.0019861,0,42.694,-6.6667,0
1.322e-05,0.049969,0.0021488,0,43,-6.6667,0
1.3908e-05,0.049708,0.0023386,0,43.306,-6.6667,0
1.4586e-05,0.049466,0.002436,0,43.611,-6.6667,0
1.5331e-05,0.049242,0.0023042,0,43.917,-6.6667,0
1.62e-05,0.049025,0.0017015,0,44.222,-6.6667,0
1.6732e-05,0.04881,0.00027555,0,44.528,-6.6667,0
1.6852e-05,0.048605,-0.0019932,0,44.833,-6.6667,0
1.6626e-05,0.048436,-0.0046122,0,45.139,-6.6667,0
1.5564e-05,0.048341,-0.0070193,0,45.444,-6.6667,0
1.3727e-05,0.048389,-0.0088398,0,45.75,-6.6667,0
1.1115e-05,0.048665,-0.0098888,0,46.056,-6.6667,0
7.4018e-06,0.049231,-0.010132,0,46.361,-6.6667,0
3.6304e-06,0.05013,-0.0096001,0,46.667,-6.6667,0
3.7381e-07,0.051358,-0.0083372,0,46.972,-6.6667,0
-2.4431e-06,0.052831,-0.0064612,0,47.278,-6.6667,0
-4.2886e-06,0.054353,-0.0042608,0,47.583,-6.6667,0
-5.2926e-06,0.055687,-0.0020931,0,47.889,-6.6667,0
-5.6095e-06,0.056662,-0.00022753,0,48.194,-6.6667,0
-5.0732e-06,0.057221,0.0011952,0,48.5,-6.6667,0
-4.0466e-06,0.057407,0.0021686,0,48.806,-6.6667,0
-2.9228e-06,0.057325,0.0027774,0,49.111,-6.6667,0
-1.6528e-06,0.05708,0.0031231,0,49.417,-6.6667,0
-2.25e-07,0.056747,0.0032935,0,49.722,-6.6667,0
1.1899e-06,0.056375,0.0033611,0,50.028,-6.6667,0
2.5377e-06,0.055988,0.0033777,0,50.333,-6.6667,0
3.8095e-06,0.055603,0.0033747,0,50.639,-6.6667,0
5.0075e-06,0.055229,0.003365,0,50.944,-6.6667,0
6.1276e-06,0.054873,0.0033477,0,51.25,-6.6667,0
7.1809e-06,0.054535,0.0033167,0,51.556,-6.6667,0
8.1684e-06,0.054213,0.0032712,0,51.861,-6.6667,0
9.1001e-06,0.053899,0.0032224,0,52.167,-6.6667,0
9.9713e-06,0.053586,0.0031902,0,52.472,-6.6667,0
1.0785e-05,0.053272,0.0031929,0,52.778,-6.6667,0
1.1529e-05,0.052962,0.0032346,0,53.083,-6.6667,0
1.2209e-05,0.052667,0.0033004,0,53.389,-6.6667,0
1.2816e-05,0.052395,0.0033633,0,53.694,-6.6667,0
1.3363e-05,0.052145,0.0034014,0,54,-6.6667,0
1.3845e-05,0.051905,0.0034131,0,54.306,-6.6667,0
1.425e-05,0.051659,0.0034215,0,54.611,-6.6667,0
1.4575e-05,0.051396,0.0034638,0,54.917,-6.6667,0
1.482e-05,0.051121,0.0035707,0,55.222,-6.6667,0
1.4944e-05,0.050854,0.0037478,0,55.528,-6.6667,0
1.4934e-05,0.05062,0.0039708,0,55.833,-6.6667,0
1.4781e-05,0.050437,0.0041956,0,56.139,-6.6667,0
1.4484e-05,0.050309,0.0043805,0,56.444,-6.6667,0
1.4024e-05,0.050219,0.0045033,0,56.75,-6.6667,0
1.3348e-05,0.050142,0.0045632,0,57.056,-6.6667,0
1.2578e-05,0.050063,0.0045593,0,57.361,-6.6667,0
1.1968e-05,0.049976,0.0044621,0,57.667,-6.6667,0
1.1671e-05,0.049878,0.0041702,0,57.972,-6.6667,0
1.1702e-05,0.049748,0.0034965,0,58.278,-6.6667,0
1.1774e-05,0.049565,0.0022293,0,58.583,-6.6667,0
1.195e-05,0.049351,0.00028853,0,58.889,-6.6667,0
1.2386e-05,0.049163,-0.0021281,0,59.194,-6.6667,0
1.3026e-05,0.049045,-0.0046182,0,59.5,-6.6667,0
1.3656e-05,0.048972,-0.0068481,0,59.806,-6.6667,0
1.3647e-05,0.048885,-0.0086718,0,60.111,-6.6667,0
1.3927e-05,0.048746,-0.010126,0,60.417,-6.6667,0
1.391e-05,0.04852,-0.011346,0,60.722,-6.6667,0
1.3129e-05,0.04819,-0.012455,0,61.028,-6.6667,0
1.1365e-05,0.047777,-0.013475,0,61.333,-6.6667,0
9.0907e-06,0.04735,-0.014362,0,61.639,-6.6667,0
6.9154e-06,0.046972,-0.015043,0,61.944,-6.6667,0
4.3049e-06,0.046696,-0.015461,0,62.25,-6.6667,0
7.8222e-07,0.046539,-0.015595,0,62.556,-6.6667,0
-1.5933e-06,0.046574,-0.015398,0,62.861,-6.6667,0
-3.9928e-06,0.046967,-0.014505,0,63.167,-6.6667,0
-3.8392e-06,0.048052,-0.012438,0,63.472,-6.6667,0
-6.0261e-06,0.049875,-0.0088516,0,63.778,-6.6667,0
-4.8136e-07,0.052206,-0.0044709,0,64.083,-6.6667,0
4.0969e-06,0.054465,-0.00012327,0,64.389,-6.6667,0
1.5304e-05,0.056271,0.0029537,0,64.694,-6.6667,0
0,0.057097,0.0038381,0,65,-6.6667,0
-0.0002452,0.055721,0.0052716,0,10.306,-6,0
-0.00022769,0.055175,0.0051547,0,10.611,-6,0
-0.00021173,0.054661,0.0050113,0,10.917,-6,0
-0.00019589,0.054152,0.0048568,0,11.222,-6,0
-0.00018112,0.053665,0.0046931,0,11.528,-6,0
-0.00016689,0.053194,0.0045064,0,11.833,-6,0
-0.00015354,0.052758,0.0042863,0,12.139,-6,0
-0.00014083,0.052362,0.0040296,0,12.444,-6,0
-0.00012886,0.052011,0.0037404,0,12.75,-6,0
-0.00011752,0.051701,0.0034162,0,13.056,-6,0
-0.00010684,0.051433,0.003047,0,13.361,-6,0
-9.6776e-05,0.051217,0.0026322,0,13.667,-6,0
-8.7331e-05,0.051061,0.0021902,0,13.972,-6,0
-7.846e-05,0.05095,0.0017451,0,14.278,-6,0
-7.0133e-05,0.050867,0.0012946,0,14.583,-6,0
-6.2352e-05,0.050819,0.00079078,0,14.889,-6,0
-5.5264e-05,0.050854,0.00018863,0,15.194,-6,0
-4.8743e-05,0.051012,-0.00046473,0,15.5,-6,0
-4.285e-05,0.051264,-0.0010549,0,15.806,-6,0
-3.7372e-05,0.051538,-0.0015721,0,16.111,-6,0
-3.2013e-05,0.051798,-0.0022174,0,16.417,-6,0
-2.7917e-05,0.052132,-0.0032431,0,16.722,-6,0
-2.5233e-05,0.052781,-0.0045948,0,17.028,-6,0
-2.3848e-05,0.053947,-0.0058093,0,17.333,-6,0
-2.5126e-05,0.055567,-0.0063865,0,17.639,-6,0
-2.9052e-05,0.057352,-0.0061711,0,17.944,-6,0
-3.4665e-05,0.058962,-0.0053584,0,18.25,-6,0
-4.1152e-05,0.060155,-0.0042552,0,18.556,-6,0
-4.7254e-05,0.060854,-0.0031069,0,18.861,-6,0
-5.1944e-05,0.06111,-0.0020563,0,19.167,-6,0
-5.5088e-05,0.061037,-0.0011405,0,19.472,-6,0
-5.6849e-05,0.06075,-0.00034244,0,19.778,-6,0
-5.7359e-05,0.060335,0.00035262,0,20.083,-6,0
-5.6869e-05,0.059847,0.00094846,0,20.389,-6,0
-5.5624e-05,0.059319,0.0014462,0,20.694,-6,0
-5.382e-05,0.05877,0.0018516,0,21,-6,0
-5.1608e-05,0.058214,0.0021779,0,21.306,-6,0
-4.9131e-05,0.057661,0.0024431,0,21.611,-6,0
-4.6489e-05,0.057119,0.0026621,0,21.917,-6,0
-4.3752e-05,0.056596,0.0028409,0,22.222,-6,0
-4.0969e-05,0.056095,0.0029797,0,22.528,-6,0
-3.8174e-05,0.055617,0.003081,0,22.833,-6,0
-3.5393e-05,0.055153,0.0031548,0,23.139,-6,0
-3.2651e-05,0.054697,0.0032135,0,23.444,-6,0
-2.9966e-05,0.05425,0.0032614,0,23.75,-6,0
-2.7352e-05,0.053819,0.0032934,0,24.056,-6,0
-2.4813e-05,0.053411,0.0033065,0,24.361,-6,0
-2.2348e-05,0.053024,0.0033092,0,24.667,-6,0
-1.9956e-05,0.052648,0.0033133,0,24.972,-6,0
-1.7635e-05,0.052282,0.003314,0,25.278,-6,0
-1.5393e-05,0.051929,0.0032841,0,25.583,-6,0
-1.3247e-05,0.051598,0.0031957,0,25.889,-6,0
-1.1195e-05,0.051293,0.0030554,0,26.194,-6,0
-9.2063e-06,0.051007,0.0029108,0,26.5,-6,0
-7.2557e-06,0.050728,0.0028112,0,26.806,-6,0
-5.3431e-06,0.050447,0.0027604,0,27.111,-6,0
-3.4666e-06,0.050168,0.0027053,0,27.417,-6,0
-1.6331e-06,0.049899,0.0025732,0,27.722,-6,0
1.2609e-07,0.049649,0.0023332,0,28.028,-6,0
1.7996e-06,0.04942,0.0020336,0,28.333,-6,0
3.3749e-06,0.049204,0.001781,0,28.639,-6,0
4.9057e-06,0.048993,0.0016664,0,28.944,-6,0
6.44e-06,0.048785,0.0016831,0,29.25,-6,0
7.9678e-06,0.048587,0.0017105,0,29.556,-6,0
9.5472e-06,0.048407,0.0015532,0,29.861,-6,0
1.1141e-05,0.048257,0.00082466,0,30.167,-6,0
1.2211e-05,0.048173,-0.0011023,0,30.472,-6,0
1.2032e-05,0.048184,-0.0042719,0,30.778,-6,0
1.0329e-05,0.048278,-0.0078075,0,31.083,-6,0
7.0369e-06,0.048486,-0.010761,0,31.389,-6,0
1.9731e-06,0.048912,-0.012603,0,31.694,-6,0
-5.0895e-06,0.049672,-0.013199,0,32,-6,0
-1.2485e-05,0.050843,-0.012652,0,32.306,-6,0
-1.9046e-05,0.052427,-0.011091,0,32.611,-6,0
-2.5063e-05,0.054316,-0.0086868,0,32.917,-6,0
-2.9261e-05,0.056257,-0.0058328,0,33.222,-6,0
-3.1484e-05,0.057918,-0.0030378,0,33.528,-6,0
-3.2159e-05,0.05906,-0.00067429,0,33.833,-6,0
-3.1283e-05,0.059616,0.0010843,0,34.139,-6,0
-2.9634e-05,0.059672,0.0022468,0,34.444,-6,0
-2.7481e-05,0.059387,0.0029411,0,34.75,-6,0
-2.4885e-05,0.058911,0.0033181,0,35.056,-6,0
-2.2211e-05,0.058349,0.0035054,0,35.361,-6,0
-1.9635e-05,0.057764,0.0035901,0,35.667,-6,0
-1.7186e-05,0.057188,0.0036189,0,35.972,-6,0
-1.4883e-05,0.056638,0.0036121,0,36.278,-6,0
-1.2729e-05,0.056122,0.0035781,0,36.583,-6,0
-1.0715e-05,0.055643,0.0035248,0,36.889,-6,0
-8.8319e-06,0.055197,0.0034642,0,37.194,-6,0
-7.0668e-06,0.05478,0.0034102,0,37.5,-6,0
-5.4104e-06,0.054387,0.0033709,0,37.806,-6,0
-3.855e-06,0.054013,0.0033429,0,38.111,-6,0
-2.3951e-06,0.053658,0.0033119,0,38.417,-6,0
-1.0254e-06,0.053321,0.0032631,0,38.722,-6,0
2.6032e-07,0.053,0.0031934,0,39.028,-6,0
1.4697e-06,0.052692,0.0031167,0,39.333,-6,0
2.6113e-06,0.052392,0.003057,0,39.639,-6,0
3.6917e-06,0.052096,0.0030323,0,39.944,-6,0
4.7156e-06,0.051805,0.0030399,0,40.25,-6,0
5.6861e-06,0.051526,0.0030532,0,40.556,-6,0
6.6015e-06,0.051263,0.0030338,0,40.861,-6,0
7.4626e-06,0.05102,0.002953,0,41.167,-6,0
8.2589e-06,0.050794,0.0028113,0,41.472,-6,0
8.9911e-06,0.050577,0.0026451,0,41.778,-6,0
9.6629e-06,0.050357,0.0025142,0,42.083,-6,0
1.027e-05,0.05013,0.0024748,0,42.389,-6,0
1.0858e-05,0.049896,0.0025489,0,42.694,-6,0
1.1401e-05,0.049665,0.0027058,0,43,-6,0
1.1888e-05,0.049448,0.0028663,0,43.306,-6,0
1.2316e-05,0.04925,0.0029289,0,43.611,-6,0
1.2703e-05,0.049065,0.002775,0,43.917,-6,0
1.3265e-05,0.048881,0.0021655,0,44.222,-6,0
1.3579e-05,0.048678,0.00074083,0,44.528,-6,0
1.3541e-05,0.048443,-0.0015431,0,44.833,-6,0
1.3032e-05,0.04819,-0.0042116,0,45.139,-6,0
1.1613e-05,0.047948,-0.0067063,0,45.444,-6,0
9.5731e-06,0.047755,-0.0087052,0,45.75,-6,0
6.9132e-06,0.047658,-0.010093,0,46.056,-6,0
3.8359e-06,0.04771,-0.010873,0,46.361,-6,0
6.1539e-07,0.047966,-0.011108,0,46.667,-6,0
-2.8223e-06,0.048505,-0.010783,0,46.972,-6,0
-6.0186e-06,0.049419,-0.0097517,0,47.278,-6,0
-9.1693e-06,0.050733,-0.0079195,0,47.583,-6,0
-1.1847e-05,0.052308,-0.005459,0,47.889,-6,0
-1.3053e-05,0.053875,-0.0027889,0,48.194,-6,0
-1.2937e-05,0.05517,-0.00035986,0,48.5,-6,0
-1.184e-05,0.05604,0.0015289,0,48.806,-6,0
-1.0179e-05,0.056475,0.0028015,0,49.111,-6,0
-8.2918e-06,0.05657,0.0035585,0,49.417,-6,0
-6.307e-06,0.056442,0.003957,0,49.722,-6,0
-4.3148e-06,0.056187,0.0041346,0,50.028,-6,0
-2.4043e-06,0.055869,0.0041904,0,50.333,-6,0
-6.3305e-07,0.055526,0.004185,0,50.639,-6,0
9.9467e-07,0.05518,0.0041504,0,50.944,-6,0
2.4819e-06,0.054843,0.0041004,0,51.25,-6,0
3.8437e-06,0.054515,0.0040428,0,51.556,-6,0
5.0866e-06,0.054195,0.0039845,0,51.861,-6,0
6.2224e-06,0.053878,0.0039357,0,52.167,-6,0
7.2539e-06,0.053561,0.0039056,0,52.472,-6,0
8.188e-06,0.053249,0.0038989,0,52.778,-6,0
9.0272e-06,0.052947,0.003912,0,53.083,-6,0
9.78e-06,0.052661,0.0039355,0,53.389,-6,0
1.0452e-05,0.052392,0.0039585,0,53.694,-6,0
1.105e-05,0.052135,0.0039762,0,54,-6,0
1.1571e-05,0.051881,0.0039923,0,54.306,-6,0
1.2017e-05,0.051624,0.0040169,0,54.611,-6,0
1.2389e-05,0.051364,0.0040612,0,54.917,-6,0
1.268e-05,0.051113,0.0041338,0,55.222,-6,0
1.2891e-05,0.050886,0.004235,0,55.528,-6,0
1.3005e-05,0.050695,0.0043553,0,55.833,-6,0
1.3023e-05,0.050543,0.0044811,0,56.139,-6,0
1.2931e-05,0.050424,0.0046002,0,56.444,-6,0
1.2732e-05,0.050321,0.004702,0,56.75,-6,0
1.2465e-05,0.050219,0.0047746,0,57.056,-6,0
1.2163e-05,0.050107,0.0047975,0,57.361,-6,0
1.1908e-05,0.049981,0.0047345,0,57.667,-6,0
1.1913e-05,0.049834,0.0045017,0,57.972,-6,0
1.2134e-05,0.04965,0.003926,0,58.278,-6,0
1.2329e-05,0.049416,0.0027403,0,58.583,-6,0
1.2346e-05,0.049157,0.00075996,0,58.889,-6,0
1.2562e-05,0.048934,-0.0018278,0,59.194,-6,0
1.2968e-05,0.048787,-0.0044948,0,59.5,-6,0
1.3163e-05,0.048705,-0.0067831,0,59.806,-6,0
1.2973e-05,0.048644,-0.00853,0,60.111,-6,0
1.2962e-05,0.048564,-0.0098166,0,60.417,-6,0
1.2727e-05,0.048416,-0.010797,0,60.722,-6,0
1.2325e-05,0.048162,-0.011635,0,61.028,-6,0
1.1311e-05,0.047782,-0.012444,0,61.333,-6,0
1.0279e-05,0.047309,-0.013264,0,61.639,-6,0
8.6428e-06,0.046783,-0.014043,0,61.944,-6,0
7.0801e-06,0.046295,-0.01469,0,62.25,-6,0
5.5797e-06,0.045885,-0.015114,0,62.556,-6,0
4.3158e-06,0.045616,-0.015274,0,62.861,-6,0
3.0391e-06,0.045493,-0.01511,0,63.167,-6,0
5.7625e-06,0.045729,-0.014436,0,63.472,-6,0
5.0236e-06,0.046475,-0.01256,0,63.778,-6,0
1.1368e-05,0.048055,-0.0095028,0,64.083,-6,0
1.6251e-05,0.050138,-0.0051843,0,64.389,-6,0
2.7481e-05,0.052507,-0.001005,0,64.694,-6,0
0,0.053909,0.00052037,0,65,-6,0
-0.00023964,0.055135,0.0065233,0,10.306,-5.3333,0
-0.00022088,0.054472,0.0064186,0,10.611,-5.3333,0
-0.00020403,0.053842,0.0062795,0,10.917,-5.3333,0
-0.00018744,0.053227,0.0061026,0,11.222,-5.3333,0
-0.0001721,0.052664,0.0058837,0,11.528,-5.3333,0
-0.00015736,0.052155,0.0056067,0,11.833,-5.3333,0
-0.00014359,0.051709,0.0052636,0,12.139,-5.3333,0
-0.0001305,0.051317,0.0048695,0,12.444,-5.3333,0
-0.00011823,0.05097,0.0044544,0,12.75,-5.3333,0
-0.00010664,0.050641,0.0040282,0,13.056,-5.3333,0
-9.5737e-05,0.050324,0.0035614,0,13.361,-5.3333,0
-8.549e-05,0.050047,0.0030377,0,13.667,-5.3333,0
-7.594e-05,0.049844,0.0025065,0,13.972,-5.3333,0
-6.6947e-05,0.049702,0.0020201,0,14.278,-5.3333,0
-5.8429e-05,0.049573,0.0015257,0,14.583,-5.3333,0
-5.0356e-05,0.049452,0.00086887,0,14.889,-5.3333,0
-4.2984e-05,0.049404,-2.1669e-05,0,15.194,-5.3333,0
-3.6361e-05,0.049493,-0.00096712,0,15.5,-5.3333,0
-3.0212e-05,0.049697,-0.0016885,0,15.806,-5.3333,0
-2.4361e-05,0.049922,-0.0021653,0,16.111,-5.3333,0
-1.8766e-05,0.050097,-0.0028029,0,16.417,-5.3333,0
-1.4512e-05,0.05025,-0.0042353,0,16.722,-5.3333,0
-1.2294e-05,0.050627,-0.0066824,0,17.028,-5.3333,0
-1.4008e-05,0.05157,-0.0093536,0,17.333,-5.3333,0
-2.161e-05,0.053207,-0.010998,0,17.639,-5.3333,0
-3.433e-05,0.055405,-0.01096,0,17.944,-5.3333,0
-4.825e-05,0.057854,-0.0094001,0,18.25,-5.3333,0
-5.8647e-05,0.060175,-0.0069605,0,18.556,-5.3333,0
-6.6149e-05,0.061988,-0.0043753,0,18.861,-5.3333,0
-7.1906e-05,0.063026,-0.0021437,0,19.167,-5.3333,0
-7.5108e-05,0.063268,-0.00043185,0,19.472,-5.3333,0
-7.5594e-05,0.062914,0.00081077,0,19.778,-5.3333,0
-7.4179e-05,0.062219,0.0017054,0,20.083,-5.3333,0
-7.1854e-05,0.061383,0.0023671,0,20.389,-5.3333,0
-6.882e-05,0.060528,0.0028761,0,20.694,-5.3333,0
-6.5331e-05,0.059709,0.0032722,0,21,-5.3333,0
-6.1622e-05,0.058939,0.003575,0,21.306,-5.3333,0
-5.7833e-05,0.058213,0.0038004,0,21.611,-5.3333,0
-5.4036e-05,0.057526,0.0039593,0,21.917,-5.3333,0
-5.0284e-05,0.056876,0.004062,0,22.222,-5.3333,0
-4.6616e-05,0.056261,0.0041282,0,22.528,-5.3333,0
-4.3057e-05,0.055676,0.0041843,0,22.833,-5.3333,0
-3.9626e-05,0.05512,0.0042439,0,23.139,-5.3333,0
-3.6336e-05,0.054592,0.0042938,0,23.444,-5.3333,0
-3.319e-05,0.054095,0.0043078,0,23.75,-5.3333,0
-3.0188e-05,0.053631,0.0042752,0,24.056,-5.3333,0
-2.7321e-05,0.053193,0.0042151,0,24.361,-5.3333,0
-2.4579e-05,0.052773,0.0041599,0,24.667,-5.3333,0
-2.1951e-05,0.052364,0.0041241,0,24.972,-5.3333,0
-1.9435e-05,0.051968,0.0040893,0,25.278,-5.3333,0
-1.702e-05,0.051589,0.0040212,0,25.583,-5.3333,0
-1.4717e-05,0.05123,0.0039012,0,25.889,-5.3333,0
-1.2559e-05,0.05089,0.0037479,0,26.194,-5.3333,0
-1.0542e-05,0.050563,0.0036063,0,26.5,-5.3333,0
-8.6188e-06,0.050243,0.0035114,0,26.806,-5.3333,0
-6.7464e-06,0.049924,0.003454,0,27.111,-5.3333,0
-4.9245e-06,0.049603,0.0033771,0,27.417,-5.3333,0
-3.1773e-06,0.049283,0.0032111,0,27.722,-5.3333,0
-1.5278e-06,0.048976,0.0029294,0,28.028,-5.3333,0
-2.3684e-08,0.048692,0.0025829,0,28.333,-5.3333,0
1.349e-06,0.048439,0.0022815,0,28.639,-5.3333,0
2.661e-06,0.048214,0.00212,0,28.944,-5.3333,0
3.8481e-06,0.048005,0.002094,0,29.25,-5.3333,0
5.1009e-06,0.047809,0.0020803,0,29.556,-5.3333,0
6.3243e-06,0.047629,0.0018639,0,29.861,-5.3333,0
7.7561e-06,0.047504,0.0010138,0,30.167,-5.3333,0
8.7534e-06,0.04749,-0.0010663,0,30.472,-5.3333,0
8.1922e-06,0.04755,-0.0042951,0,30.778,-5.3333,0
6.316e-06,0.047578,-0.0077785,0,31.083,-5.3333,0
2.5697e-06,0.047519,-0.010743,0,31.389,-5.3333,0
-3.052e-06,0.047434,-0.012879,0,31.694,-5.3333,0
-9.3214e-06,0.047461,-0.014145,0,32,-5.3333,0
-1.6465e-05,0.047741,-0.01461,0,32.306,-5.3333,0
-2.4495e-05,0.048398,-0.014288,0,32.611,-5.3333,0
-3.1586e-05,0.049556,-0.013012,0,32.917,-5.3333,0
-3.851e-05,0.051257,-0.01063,0,33.222,-5.3333,0
-4.4425e-05,0.053325,-0.0073411,0,33.528,-5.3333,0
-4.6882e-05,0.055368,-0.0037439,0,33.833,-5.3333,0
-4.6635e-05,0.05699,-0.00051566,0,34.139,-5.3333,0
-4.4293e-05,0.057972,0.0019129,0,34.444,-5.3333,0
-4.0794e-05,0.058332,0.0034683,0,34.75,-5.3333,0
-3.6971e-05,0.058239,0.0043317,0,35.056,-5.3333,0
-3.2874e-05,0.057883,0.0047394,0,35.361,-5.3333,0
-2.8831e-05,0.057404,0.0048808,0,35.667,-5.3333,0
-2.5097e-05,0.056884,0.0048811,0,35.972,-5.3333,0
-2.1679e-05,0.056366,0.0048086,0,36.278,-5.3333,0
-1.8572e-05,0.055866,0.0046984,0,36.583,-5.3333,0
-1.576e-05,0.055388,0.0045717,0,36.889,-5.3333,0
-1.3211e-05,0.05493,0.0044455,0,37.194,-5.3333,0
-1.0892e-05,0.05449,0.0043328,0,37.5,-5.3333,0
-8.7747e-06,0.054068,0.0042385,0,37.806,-5.3333,0
-6.8348e-06,0.053666,0.0041573,0,38.111,-5.3333,0
-5.0548e-06,0.053285,0.0040772,0,38.417,-5.3333,0
-3.4205e-06,0.052927,0.0039885,0,38.722,-5.3333,0
-1.9193e-06,0.052587,0.0038911,0,39.028,-5.3333,0
-5.3853e-07,0.052262,0.0037966,0,39.333,-5.3333,0
7.3728e-07,0.051946,0.0037214,0,39.639,-5.3333,0
1.923e-06,0.051639,0.0036748,0,39.944,-5.3333,0
3.0304e-06,0.051341,0.0036498,0,40.25,-5.3333,0
4.068e-06,0.051054,0.0036213,0,40.556,-5.3333,0
5.0345e-06,0.050783,0.0035579,0,40.861,-5.3333,0
5.9315e-06,0.050526,0.00344,0,41.167,-5.3333,0
6.7495e-06,0.050283,0.0032755,0,41.472,-5.3333,0
7.4734e-06,0.050048,0.0031026,0,41.778,-5.3333,0
8.1098e-06,0.049818,0.0029755,0,42.083,-5.3333,0
8.656e-06,0.049595,0.0029386,0,42.389,-5.3333,0
9.1426e-06,0.049383,0.0030008,0,42.694,-5.3333,0
9.5849e-06,0.049187,0.0031262,0,43,-5.3333,0
9.9454e-06,0.049012,0.0032436,0,43.306,-5.3333,0
1.0268e-05,0.048854,0.0032711,0,43.611,-5.3333,0
1.0601e-05,0.048709,0.0031105,0,43.917,-5.3333,0
1.0998e-05,0.048571,0.002546,0,44.222,-5.3333,0
1.1167e-05,0.04842,0.0012326,0,44.528,-5.3333,0
1.0794e-05,0.048224,-0.00092773,0,44.833,-5.3333,0
9.7859e-06,0.04798,-0.0035355,0,45.139,-5.3333,0
8.4722e-06,0.047713,-0.0060714,0,45.444,-5.3333,0
6.9465e-06,0.047448,-0.0082059,0,45.75,-5.3333,0
4.846e-06,0.047214,-0.0097875,0,46.056,-5.3333,0
2.2714e-06,0.047047,-0.010804,0,46.361,-5.3333,0
-7.6547e-07,0.046983,-0.011336,0,46.667,-5.3333,0
-4.0236e-06,0.047048,-0.011505,0,46.972,-5.3333,0
-7.0862e-06,0.04731,-0.011325,0,47.278,-5.3333,0
-1.0116e-05,0.047902,-0.010564,0,47.583,-5.3333,0
-1.3313e-05,0.048946,-0.0089448,0,47.889,-5.3333,0
-1.5992e-05,0.050402,-0.006471,0,48.194,-5.3333,0
-1.7383e-05,0.052033,-0.003527,0,48.5,-5.3333,0
-1.7398e-05,0.053521,-0.00067803,0,48.806,-5.3333,0
-1.6102e-05,0.054626,0.0016208,0,49.111,-5.3333,0
-1.4046e-05,0.055268,0.0031947,0,49.417,-5.3333,0
-1.1811e-05,0.055516,0.0041282,0,49.722,-5.3333,0
-9.5093e-06,0.055492,0.0046116,0,50.028,-5.3333,0
-7.2094e-06,0.05531,0.0048204,0,50.333,-5.3333,0
-5.0406e-06,0.055047,0.004877,0,50.639,-5.3333,0
-3.0366e-06,0.054748,0.0048557,0,50.944,-5.3333,0
-1.2117e-06,0.054437,0.0047984,0,51.25,-5.3333,0
4.4198e-07,0.054126,0.0047293,0,51.556,-5.3333,0
1.9294e-06,0.053819,0.0046621,0,51.861,-5.3333,0
3.2624e-06,0.053517,0.0046051,0,52.167,-5.3333,0
4.4548e-06,0.053222,0.0045622,0,52.472,-5.3333,0
5.5196e-06,0.052937,0.0045338,0,52.778,-5.3333,0
6.468e-06,0.052665,0.0045176,0,53.083,-5.3333,0
7.3112e-06,0.052405,0.0045107,0,53.389,-5.3333,0
8.0574e-06,0.052154,0.0045107,0,53.694,-5.3333,0
8.7126e-06,0.051909,0.0045166,0,54,-5.3333,0
9.2779e-06,0.051665,0.0045287,0,54.306,-5.3333,0
9.7628e-06,0.051427,0.0045484,0,54.611,-5.3333,0
1.0169e-05,0.051197,0.0045769,0,54.917,-5.3333,0
1.0485e-05,0.050983,0.0046146,0,55.222,-5.3333,0
1.0738e-05,0.050791,0.0046612,0,55.528,-5.3333,0
1.0929e-05,0.050627,0.0047171,0,55.833,-5.3333,0
1.1046e-05,0.050485,0.0047847,0,56.139,-5.3333,0
1.1079e-05,0.050359,0.0048648,0,56.444,-5.3333,0
1.1054e-05,0.050238,0.0049513,0,56.75,-5.3333,0
1.1019e-05,0.050115,0.0050297,0,57.056,-5.3333,0
1.1001e-05,0.049981,0.0050775,0,57.361,-5.3333,0
1.0978e-05,0.049832,0.0050582,0,57.667,-5.3333,0
1.1111e-05,0.049665,0.0048931,0,57.972,-5.3333,0
1.129e-05,0.049476,0.0044086,0,58.278,-5.3333,0
1.1408e-05,0.049263,0.0033022,0,58.583,-5.3333,0
1.1269e-05,0.04904,0.0013408,0,58.889,-5.3333,0
1.135e-05,0.048834,-0.0013187,0,59.194,-5.3333,0
1.1558e-05,0.048667,-0.0041184,0,59.5,-5.3333,0
1.1809e-05,0.048543,-0.0065372,0,59.806,-5.3333,0
1.1857e-05,0.048441,-0.0083632,0,60.111,-5.3333,0
1.1835e-05,0.048344,-0.0096283,0,60.417,-5.3333,0
1.1431e-05,0.048219,-0.010469,0,60.722,-5.3333,0
1.1185e-05,0.048043,-0.011077,0,61.028,-5.3333,0
1.0677e-05,0.047768,-0.011613,0,61.333,-5.3333,0
1.0347e-05,0.047389,-0.012187,0,61.639,-5.3333,0
9.744e-06,0.046892,-0.01283,0,61.944,-5.3333,0
9.3368e-06,0.046342,-0.013502,0,62.25,-5.3333,0
8.754e-06,0.045776,-0.014111,0,62.556,-5.3333,0
8.7224e-06,0.045298,-0.014551,0,62.861,-5.3333,0
8.5297e-06,0.044912,-0.014728,0,63.167,-5.3333,0
1.01e-05,0.044715,-0.014611,0,63.472,-5.3333,0
1.007e-05,0.044706,-0.013892,0,63.778,-5.3333,0
1.7199e-05,0.045307,-0.012504,0,64.083,-5.3333,0
2.0923e-05,0.046437,-0.0096084,0,64.389,-5.3333,0
2.9211e-05,0.048503,-0.0057121,0,64.694,-5.3333,0
0,0.050066,-0.0039267,0,65,-5.3333,0
-0.00023542,0.05421,0.008147,0,10.306,-4.6667,0
-0.00021496,0.053425,0.007965,0,10.611,-4.6667,0
-0.00019665,0.052721,0.0077327,0,10.917,-4.6667,0
-0.0001789,0.052082,0.007423,0,11.222,-4.6667,0
-0.00016261,0.051516,0.007032,0,11.528,-4.6667,0
-0.00014716,0.050985,0.0065876,0,11.833,-4.6667,0
-0.00013286,0.05048,0.0061143,0,12.139,-4.6667,0
-0.00011938,0.049994,0.0056427,0,12.444,-4.6667,0
-0.00010677,0.049524,0.0052156,0,12.75,-4.6667,0
-9.485e-05,0.049066,0.0048244,0,13.056,-4.6667,0
-8.3688e-05,0.04865,0.004346,0,13.361,-4.6667,0
-7.3264e-05,0.048325,0.0036814,0,13.667,-4.6667,0
-6.3755e-05,0.048113,0.002944,0,13.972,-4.6667,0
-5.4863e-05,0.047966,0.0023381,0,14.278,-4.6667,0
-4.6313e-05,0.047806,0.0018418,0,14.583,-4.6667,0
-3.8351e-05,0.047609,0.0011607,0,14.889,-4.6667,0
-3.1121e-05,0.047432,9.936e-05,0,15.194,-4.6667,0
-2.5389e-05,0.047339,-0.0011046,0,15.5,-4.6667,0
-2.0164e-05,0.04734,-0.0019924,0,15.806,-4.6667,0
-1.5755e-05,0.047377,-0.0024438,0,16.111,-4.6667,0
-1.2406e-05,0.047409,-0.0029368,0,16.417,-4.6667,0
-9.8167e-06,0.047374,-0.0044015,0,16.722,-4.6667,0
-1.1567e-05,0.047336,-0.0074814,0,17.028,-4.6667,0
-1.888e-05,0.047594,-0.011454,0,17.333,-4.6667,0
-3.1195e-05,0.04837,-0.014768,0,17.639,-4.6667,0
-4.7863e-05,0.049784,-0.016318,0,17.944,-4.6667,0
-6.6316e-05,0.051892,-0.01576,0,18.25,-4.6667,0
-8.5235e-05,0.054595,-0.01328,0,18.556,-4.6667,0
-0.00010206,0.057598,-0.0093427,0,18.861,-4.6667,0
-0.00011199,0.060372,-0.0048623,0,19.167,-4.6667,0
-0.00011379,0.062315,-0.00090476,0,19.472,-4.6667,0
-0.00011058,0.063121,0.001939,0,19.778,-4.6667,0
-0.00010586,0.062951,0.0036848,0,20.083,-4.6667,0
-9.9532e-05,0.062203,0.0046334,0,20.389,-4.6667,0
-9.1697e-05,0.061206,0.0050947,0,20.694,-4.6667,0
-8.3966e-05,0.060162,0.0053149,0,21,-4.6667,0
-7.681e-05,0.059166,0.0054389,0,21.306,-4.6667,0
-7.0214e-05,0.058249,0.0055242,0,21.611,-4.6667,0
-6.4174e-05,0.057412,0.0055796,0,21.917,-4.6667,0
-5.8644e-05,0.056647,0.0056026,0,22.222,-4.6667,0
-5.3555e-05,0.055942,0.0055972,0,22.528,-4.6667,0
-4.8846e-05,0.055291,0.0055696,0,22.833,-4.6667,0
-4.448e-05,0.054693,0.0055209,0,23.139,-4.6667,0
-4.043e-05,0.054146,0.0054493,0,23.444,-4.6667,0
-3.6671e-05,0.053642,0.0053587,0,23.75,-4.6667,0
-3.3185e-05,0.053169,0.0052627,0,24.056,-4.6667,0
-2.9943e-05,0.052717,0.0051789,0,24.361,-4.6667,0
-2.6914e-05,0.052281,0.0051173,0,24.667,-4.6667,0
-2.4063e-05,0.051853,0.0050693,0,24.972,-4.6667,0
-2.1371e-05,0.051431,0.0050061,0,25.278,-4.6667,0
-1.8833e-05,0.051016,0.0048938,0,25.583,-4.6667,0
-1.6454e-05,0.050617,0.0047199,0,25.889,-4.6667,0
-1.4228e-05,0.050245,0.0045113,0,26.194,-4.6667,0
-1.2151e-05,0.049905,0.0043239,0,26.5,-4.6667,0
-1.0212e-05,0.049585,0.0042069,0,26.806,-4.6667,0
-8.3451e-06,0.049267,0.0041571,0,27.111,-4.6667,0
-6.5433e-06,0.048945,0.0041024,0,27.417,-4.6667,0
-4.8307e-06,0.048628,0.0039414,0,27.722,-4.6667,0
-3.2119e-06,0.048331,0.0036238,0,28.028,-4.6667,0
-1.8146e-06,0.048059,0.0032046,0,28.333,-4.6667,0
-5.5073e-07,0.0478,0.0028251,0,28.639,-4.6667,0
5.9153e-07,0.04753,0.0026128,0,28.944,-4.6667,0
1.5325e-06,0.047237,0.0025678,0,29.25,-4.6667,0
2.7219e-06,0.04694,0.0025317,0,29.556,-4.6667,0
3.9063e-06,0.04668,0.0022185,0,29.861,-4.6667,0
5.5532e-06,0.046563,0.0011307,0,30.167,-4.6667,0
6.4625e-06,0.046664,-0.0012031,0,30.472,-4.6667,0
5.3106e-06,0.046863,-0.0044615,0,30.778,-4.6667,0
2.7705e-06,0.046954,-0.0077401,0,31.083,-4.6667,0
-1.6318e-06,0.046855,-0.010451,0,31.389,-4.6667,0
-6.9309e-06,0.046614,-0.012476,0,31.694,-4.6667,0
-1.2501e-05,0.046338,-0.013875,0,32,-4.6667,0
-1.9256e-05,0.046144,-0.014702,0,32.306,-4.6667,0
-2.6375e-05,0.046129,-0.015046,0,32.611,-4.6667,0
-3.2568e-05,0.046381,-0.014929,0,32.917,-4.6667,0
-3.9125e-05,0.047075,-0.014057,0,33.222,-4.6667,0
-4.6322e-05,0.048396,-0.011996,0,33.528,-4.6667,0
-5.2407e-05,0.050316,-0.0086678,0,33.833,-4.6667,0
-5.5678e-05,0.05251,-0.0045966,0,34.139,-4.6667,0
-5.524e-05,0.054483,-0.00068076,0,34.444,-4.6667,0
-5.2041e-05,0.055865,0.0023576,0,34.75,-4.6667,0
-4.752e-05,0.056572,0.004297,0,35.056,-4.6667,0
-4.2582e-05,0.056745,0.0053285,0,35.361,-4.6667,0
-3.7559e-05,0.056586,0.0057708,0,35.667,-4.6667,0
-3.2707e-05,0.056255,0.0058841,0,35.972,-4.6667,0
-2.8257e-05,0.055849,0.0058333,0,36.278,-4.6667,0
-2.4259e-05,0.055418,0.0057109,0,36.583,-4.6667,0
-2.0679e-05,0.054984,0.0055659,0,36.889,-4.6667,0
-1.7494e-05,0.054559,0.0054224,0,37.194,-4.6667,0
-1.465e-05,0.054145,0.0052906,0,37.5,-4.6667,0
-1.2092e-05,0.053742,0.0051697,0,37.806,-4.6667,0
-9.7841e-06,0.053352,0.0050511,0,38.111,-4.6667,0
-7.699e-06,0.052978,0.0049247,0,38.417,-4.6667,0
-5.8123e-06,0.052621,0.0047866,0,38.722,-4.6667,0
-4.1029e-06,0.052282,0.0046441,0,39.028,-4.6667,0
-2.5505e-06,0.051959,0.0045147,0,39.333,-4.6667,0
-1.1357e-06,0.051648,0.0044162,0,39.639,-4.6667,0
1.6087e-07,0.051346,0.0043544,0,39.944,-4.6667,0
1.3546e-06,0.05105,0.0043161,0,40.25,-4.6667,0
2.4547e-06,0.05076,0.0042706,0,40.556,-4.6667,0
3.457e-06,0.050477,0.0041852,0,40.861,-4.6667,0
4.3633e-06,0.050199,0.0040429,0,41.167,-4.6667,0
5.1777e-06,0.049927,0.0038549,0,41.472,-4.6667,0
5.8942e-06,0.04966,0.0036588,0,41.778,-4.6667,0
6.5191e-06,0.049403,0.0035025,0,42.083,-4.6667,0
7.0467e-06,0.04916,0.0034254,0,42.389,-4.6667,0
7.4917e-06,0.048936,0.0034385,0,42.694,-4.6667,0
7.8891e-06,0.048733,0.0035148,0,43,-4.6667,0
8.1877e-06,0.048546,0.0035926,0,43.306,-4.6667,0
8.4937e-06,0.048372,0.0035886,0,43.611,-4.6667,0
8.8455e-06,0.048212,0.0033931,0,43.917,-4.6667,0
9.2608e-06,0.04808,0.0027962,0,44.222,-4.6667,0
9.5636e-06,0.047985,0.0014977,0,44.528,-4.6667,0
9.0755e-06,0.04789,-0.00058423,0,44.833,-4.6667,0
8.1151e-06,0.047758,-0.0030959,0,45.139,-4.6667,0
6.915e-06,0.047571,-0.0055442,0,45.444,-4.6667,0
5.3316e-06,0.047321,-0.0076171,0,45.75,-4.6667,0
3.463e-06,0.047028,-0.0092191,0,46.056,-4.6667,0
1.2218e-06,0.046734,-0.010372,0,46.361,-4.6667,0
-1.153e-06,0.046495,-0.011111,0,46.667,-4.6667,0
-3.8796e-06,0.046347,-0.011494,0,46.972,-4.6667,0
-6.8227e-06,0.046299,-0.011614,0,47.278,-4.6667,0
-9.0648e-06,0.046389,-0.011492,0,47.583,-4.6667,0
-1.1364e-05,0.046741,-0.010915,0,47.889,-4.6667,0
-1.4513e-05,0.047526,-0.0095218,0,48.194,-4.6667,0
-1.7356e-05,0.04879,-0.0071626,0,48.5,-4.6667,0
-1.8998e-05,0.05036,-0.0041266,0,48.806,-4.6667,0
-1.9171e-05,0.051919,-0.00101,0,49.111,-4.6667,0
-1.8028e-05,0.053167,0.0016168,0,49.417,-4.6667,0
-1.6071e-05,0.053966,0.0034689,0,49.722,-4.6667,0
-1.3762e-05,0.054348,0.0045833,0,50.028,-4.6667,0
-1.1318e-05,0.054432,0.0051624,0,50.333,-4.6667,0
-8.9118e-06,0.054337,0.0054123,0,50.639,-4.6667,0
-6.6402e-06,0.054144,0.0054802,0,50.944,-4.6667,0
-4.5571e-06,0.053901,0.0054563,0,51.25,-4.6667,0
-2.6721e-06,0.053637,0.0053923,0,51.556,-4.6667,0
-9.8747e-07,0.053367,0.0053149,0,51.861,-4.6667,0
5.1294e-07,0.053099,0.0052383,0,52.167,-4.6667,0
1.8535e-06,0.052839,0.0051694,0,52.472,-4.6667,0
3.0405e-06,0.052592,0.0051133,0,52.778,-4.6667,0
4.095e-06,0.052354,0.0050734,0,53.083,-4.6667,0
5.0273e-06,0.052123,0.0050504,0,53.389,-4.6667,0
5.8487e-06,0.051895,0.005042,0,53.694,-4.6667,0
6.566e-06,0.051667,0.005042,0,54,-4.6667,0
7.1841e-06,0.051441,0.0050434,0,54.306,-4.6667,0
7.7041e-06,0.051221,0.0050403,0,54.611,-4.6667,0
8.137e-06,0.051013,0.0050305,0,54.917,-4.6667,0
8.4762e-06,0.050822,0.0050178,0,55.222,-4.6667,0
8.7454e-06,0.05065,0.0050116,0,55.528,-4.6667,0
8.9512e-06,0.050495,0.0050243,0,55.833,-4.6667,0
9.1408e-06,0.050352,0.0050661,0,56.139,-4.6667,0
9.3048e-06,0.050212,0.0051388,0,56.444,-4.6667,0
9.4577e-06,0.050071,0.0052344,0,56.75,-4.6667,0
9.6083e-06,0.049922,0.0053362,0,57.056,-4.6667,0
9.7521e-06,0.049765,0.0054149,0,57.361,-4.6667,0
9.8755e-06,0.0496,0.0054236,0,57.667,-4.6667,0
1.0138e-05,0.049434,0.0052781,0,57.972,-4.6667,0
1.0283e-05,0.049266,0.0048046,0,58.278,-4.6667,0
1.0333e-05,0.049103,0.0036914,0,58.583,-4.6667,0
1.0247e-05,0.04895,0.0016989,0,58.889,-4.6667,0
1.048e-05,0.048804,-0.001013,0,59.194,-4.6667,0
1.0617e-05,0.048655,-0.0038589,0,59.5,-4.6667,0
1.0592e-05,0.048502,-0.0062887,0,59.806,-4.6667,0
1.0343e-05,0.048342,-0.0080937,0,60.111,-4.6667,0
1.031e-05,0.04819,-0.0093347,0,60.417,-4.6667,0
1.0072e-05,0.048033,-0.010138,0,60.722,-4.6667,0
9.9848e-06,0.04787,-0.010653,0,61.028,-4.6667,0
9.7477e-06,0.047655,-0.011016,0,61.333,-4.6667,0
9.7657e-06,0.04738,-0.011353,0,61.639,-4.6667,0
9.5893e-06,0.046992,-0.011756,0,61.944,-4.6667,0
9.5471e-06,0.046521,-0.01226,0,62.25,-4.6667,0
9.418e-06,0.045958,-0.012832,0,62.556,-4.6667,0
9.5538e-06,0.045389,-0.013395,0,62.861,-4.6667,0
9.8232e-06,0.044843,-0.01383,0,63.167,-4.6667,0
9.3987e-06,0.044422,-0.014009,0,63.472,-4.6667,0
8.9544e-06,0.044105,-0.013819,0,63.778,-4.6667,0
1.5485e-05,0.044098,-0.013321,0,64.083,-4.6667,0
1.65e-05,0.044304,-0.011935,0,64.389,-4.6667,0
2.2131e-05,0.045464,-0.0093308,0,64.694,-4.6667,0
0,0.046627,-0.0078306,0,65,-4.6667,0
-0.00022929,0.053397,0.010016,0,10.306,-4,0
-0.00020706,0.052517,0.0096619,0,10.611,-4,0
-0.00018731,0.051725,0.0092177,0,10.917,-4,0
-0.0001686,0.050979,0.0087283,0,11.222,-4,0
-0.00015162,0.050241,0.0082784,0,11.528,-4,0
-0.00013579,0.049479,0.0078682,0,11.833,-4,0
-0.00012133,0.048746,0.0074285,0,12.139,-4,0
-0.00010798,0.048098,0.0069547,0,12.444,-4,0
-9.5519e-05,0.047544,0.0064791,0,12.75,-4,0
-8.3687e-05,0.047053,0.0059355,0,13.056,-4,0
-7.2661e-05,0.046605,0.0051781,0,13.361,-4,0
-6.2407e-05,0.046197,0.0042069,0,13.667,-4,0
-5.3131e-05,0.04582,0.0032878,0,13.972,-4,0
-4.4496e-05,0.045462,0.0026895,0,14.278,-4,0
-3.6344e-05,0.045123,0.0023037,0,14.583,-4,0
-2.8652e-05,0.044836,0.001686,0,14.889,-4,0
-2.16e-05,0.044615,0.00056237,0,15.194,-4,0
-1.7068e-05,0.044413,-0.00076644,0,15.5,-4,0
-1.3043e-05,0.044192,-0.0017706,0,15.806,-4,0
-1.0564e-05,0.043933,-0.0023183,0,16.111,-4,0
-1.1107e-05,0.04378,-0.0027928,0,16.417,-4,0
-1.1412e-05,0.043908,-0.0040815,0,16.722,-4,0
-1.5811e-05,0.044255,-0.007167,0,17.028,-4,0
-2.5523e-05,0.04463,-0.01161,0,17.333,-4,0
-3.8114e-05,0.044933,-0.015773,0,17.639,-4,0
-5.3223e-05,0.045278,-0.018638,0,17.944,-4,0
-7.1803e-05,0.045945,-0.019899,0,18.25,-4,0
-9.4245e-05,0.047236,-0.019412,0,18.556,-4,0
-0.00011563,0.049384,-0.016962,0,18.861,-4,0
-0.00013541,0.052391,-0.012415,0,19.167,-4,0
-0.00014829,0.055782,-0.0064286,0,19.472,-4,0
-0.00014857,0.058683,-0.00058702,0,19.778,-4,0
-0.00014082,0.06039,0.0037071,0,20.083,-4,0
-0.00012987,0.060842,0.0061776,0,20.389,-4,0
-0.00011817,0.060447,0.0073266,0,20.694,-4,0
-0.00010611,0.059636,0.0077212,0,21,-4,0
-9.4809e-05,0.058685,0.0077482,0,21.306,-4,0
-8.4898e-05,0.057739,0.0076251,0,21.611,-4,0
-7.619e-05,0.056857,0.0074526,0,21.917,-4,0
-6.854e-05,0.056058,0.007269,0,22.222,-4,0
-6.1752e-05,0.05534,0.0070864,0,22.528,-4,0
-5.5673e-05,0.054688,0.0069088,0,22.833,-4,0
-5.0204e-05,0.054077,0.0067407,0,23.139,-4,0
-4.5263e-05,0.053484,0.0065855,0,23.444,-4,0
-4.0797e-05,0.052906,0.0064385,0,23.75,-4,0
-3.6756e-05,0.052358,0.0062922,0,24.056,-4,0
-3.3082e-05,0.051855,0.0061533,0,24.361,-4,0
-2.9718e-05,0.051398,0.0060444,0,24.667,-4,0
-2.661e-05,0.050968,0.0059761,0,24.972,-4,0
-2.3723e-05,0.050547,0.0059161,0,25.278,-4,0
-2.1037e-05,0.050131,0.0057988,0,25.583,-4,0
-1.8559e-05,0.04973,0.0055822,0,25.889,-4,0
-1.6268e-05,0.04935,0.0052998,0,26.194,-4,0
-1.4138e-05,0.048982,0.0050475,0,26.5,-4,0
-1.2163e-05,0.048611,0.0049036,0,26.806,-4,0
-1.0281e-05,0.048238,0.0048498,0,27.111,-4,0
-8.4976e-06,0.047885,0.0047723,0,27.417,-4,0
-6.806e-06,0.047579,0.0045519,0,27.722,-4,0
-5.2208e-06,0.04732,0.00417,0,28.028,-4,0
-3.8742e-06,0.047068,0.0037408,0,28.333,-4,0
-2.5357e-06,0.046765,0.0034366,0,28.639,-4,0
-1.384e-06,0.046375,0.0033475,0,28.944,-4,0
-2.5946e-07,0.045925,0.0033851,0,29.25,-4,0
1.1462e-06,0.045487,0.0032963,0,29.556,-4,0
2.2745e-06,0.045175,0.0026908,0,29.861,-4,0
3.6478e-06,0.045176,0.0010518,0,30.167,-4,0
3.8278e-06,0.045538,-0.001724,0,30.472,-4,0
1.5914e-06,0.046006,-0.0049263,0,30.778,-4,0
-2.2478e-06,0.0463,-0.007767,0,31.083,-4,0
-6.7079e-06,0.046335,-0.010002,0,31.389,-4,0
-1.0812e-05,0.046134,-0.011747,0,31.694,-4,0
-1.5356e-05,0.045774,-0.013128,0,32,-4,0
-2.0166e-05,0.045373,-0.014153,0,32.306,-4,0
-2.5234e-05,0.045039,-0.014795,0,32.611,-4,0
-3.1211e-05,0.044838,-0.015081,0,32.917,-4,0
-3.6581e-05,0.044831,-0.015031,0,33.222,-4,0
-4.1916e-05,0.045171,-0.014414,0,33.528,-4,0
-4.8294e-05,0.046103,-0.012717,0,33.833,-4,0
-5.4197e-05,0.047751,-0.0095994,0,34.139,-4,0
-5.7718e-05,0.049896,-0.0054046,0,34.444,-4,0
-5.7448e-05,0.052032,-0.0010884,0,34.75,-4,0
-5.4215e-05,0.053672,0.002413,0,35.056,-4,0
-4.9586e-05,0.054625,0.0047095,0,35.361,-4,0
-4.4299e-05,0.054991,0.0059494,0,35.667,-4,0
-3.8895e-05,0.054979,0.0064885,0,35.972,-4,0
-3.3796e-05,0.054766,0.0066352,0,36.278,-4,0
-2.9067e-05,0.05446,0.0065845,0,36.583,-4,0
-2.4901e-05,0.054114,0.0064444,0,36.889,-4,0
-2.1304e-05,0.053758,0.0062777,0,37.194,-4,0
-1.8074e-05,0.053406,0.0061165,0,37.5,-4,0
-1.5165e-05,0.053063,0.0059681,0,37.806,-4,0
-1.2552e-05,0.05273,0.0058243,0,38.111,-4,0
-1.0209e-05,0.052404,0.0056725,0,38.417,-4,0
-8.1086e-06,0.052088,0.0055069,0,38.722,-4,0
-6.2256e-06,0.05178,0.0053357,0,39.028,-4,0
-4.5347e-06,0.051482,0.0051792,0,39.333,-4,0
-3.0076e-06,0.051191,0.0050579,0,39.639,-4,0
-1.6174e-06,0.050907,0.0049786,0,39.944,-4,0
-3.4092e-07,0.050629,0.0049273,0,40.25,-4,0
8.3782e-07,0.050355,0.004873,0,40.556,-4,0
1.9189e-06,0.050086,0.0047833,0,40.861,-4,0
2.8951e-06,0.049821,0.0046406,0,41.167,-4,0
3.756e-06,0.049562,0.0044515,0,41.472,-4,0
4.5102e-06,0.049312,0.004246,0,41.778,-4,0
5.1843e-06,0.049071,0.0040674,0,42.083,-4,0
5.7845e-06,0.048841,0.0039564,0,42.389,-4,0
6.3444e-06,0.048616,0.003932,0,42.694,-4,0
6.881e-06,0.048391,0.0039769,0,43,-4,0
7.3282e-06,0.04816,0.0040323,0,43.306,-4,0
7.782e-06,0.047926,0.0040023,0,43.611,-4,0
8.2841e-06,0.047707,0.0037477,0,43.917,-4,0
8.8116e-06,0.047538,0.0030437,0,44.222,-4,0
9.1608e-06,0.04746,0.0016474,0,44.528,-4,0
8.8138e-06,0.047465,-0.00043349,0,44.833,-4,0
7.6801e-06,0.04749,-0.0028369,0,45.139,-4,0
5.9476e-06,0.047461,-0.0051166,0,45.444,-4,0
4.052e-06,0.047334,-0.0070223,0,45.75,-4,0
2.2484e-06,0.047103,-0.008509,0,46.056,-4,0
3.0244e-07,0.046785,-0.0096411,0,46.361,-4,0
-1.8201e-06,0.04643,-0.010492,0,46.667,-4,0
-3.7938e-06,0.046106,-0.01108,0,46.972,-4,0
-5.6477e-06,0.045861,-0.011414,0,47.278,-4,0
-7.725e-06,0.04571,-0.01153,0,47.583,-4,0
-9.6204e-06,0.045676,-0.011431,0,47.889,-4,0
-1.1718e-05,0.045856,-0.01094,0,48.194,-4,0
-1.4604e-05,0.046424,-0.0097112,0,48.5,-4,0
-1.7395e-05,0.047487,-0.0075053,0,48.806,-4,0
-1.9061e-05,0.048942,-0.0045018,0,49.111,-4,0
-1.9333e-05,0.050495,-0.0012708,0,49.417,-4,0
-1.8394e-05,0.051826,0.0015525,0,49.722,-4,0
-1.6622e-05,0.052746,0.0035946,0,50.028,-4,0
-1.4388e-05,0.053252,0.0048445,0,50.333,-4,0
-1.1979e-05,0.053447,0.0055066,0,50.639,-4,0
-9.5864e-06,0.053444,0.0058054,0,50.944,-4,0
-7.3418e-06,0.053327,0.0059031,0,51.25,-4,0
-5.2477e-06,0.05315,0.0058961,0,51.556,-4,0
-3.3974e-06,0.052943,0.0058373,0,51.861,-4,0
-1.8171e-06,0.052725,0.0057553,0,52.167,-4,0
-3.9545e-07,0.052507,0.0056689,0,52.472,-4,0
8.6483e-07,0.052293,0.0055936,0,52.778,-4,0
1.9872e-06,0.052082,0.0055401,0,53.083,-4,0
2.9773e-06,0.051874,0.0055123,0,53.389,-4,0
3.851e-06,0.051666,0.005505,0,53.694,-4,0
4.6143e-06,0.051461,0.0055062,0,54,-4,0
5.2765e-06,0.05126,0.0055019,0,54.306,-4,0
5.8409e-06,0.051067,0.0054828,0,54.611,-4,0
6.3184e-06,0.050884,0.0054478,0,54.917,-4,0
6.7084e-06,0.05071,0.005406,0,55.222,-4,0
7.0319e-06,0.050545,0.0053735,0,55.528,-4,0
7.2778e-06,0.050384,0.005368,0,55.833,-4,0
7.4941e-06,0.050225,0.0054021,0,56.139,-4,0
7.6538e-06,0.050066,0.0054774,0,56.444,-4,0
7.7914e-06,0.049907,0.0055836,0,56.75,-4,0
7.9055e-06,0.049749,0.0056971,0,57.056,-4,0
7.9964e-06,0.049595,0.0057792,0,57.361,-4,0
8.0578e-06,0.049451,0.0057804,0,57.667,-4,0
8.2671e-06,0.04932,0.0056214,0,57.972,-4,0
8.4184e-06,0.049204,0.0051288,0,58.278,-4,0
8.5777e-06,0.049109,0.0039884,0,58.583,-4,0
8.5036e-06,0.049014,0.0019934,0,58.889,-4,0
8.514e-06,0.048891,-0.00067685,0,59.194,-4,0
8.1532e-06,0.048728,-0.0034612,0,59.5,-4,0
7.8987e-06,0.048554,-0.0058571,0,59.806,-4,0
7.8514e-06,0.048377,-0.0076812,0,60.111,-4,0
8.0116e-06,0.04821,-0.008957,0,60.417,-4,0
7.9467e-06,0.048031,-0.0097706,0,60.722,-4,0
8.0065e-06,0.047854,-0.010256,0,61.028,-4,0
7.9135e-06,0.047646,-0.010543,0,61.333,-4,0
7.8744e-06,0.047416,-0.010743,0,61.639,-4,0
7.8309e-06,0.047111,-0.010956,0,61.944,-4,0
7.849e-06,0.046739,-0.011247,0,62.25,-4,0
7.8648e-06,0.046262,-0.011641,0,62.556,-4,0
7.7271e-06,0.045727,-0.012116,0,62.861,-4,0
7.5725e-06,0.045136,-0.01262,0,63.167,-4,0
7.398e-06,0.044589,-0.013015,0,63.472,-4,0
7.1741e-06,0.04412,-0.013144,0,63.778,-4,0
8.7252e-06,0.043833,-0.012982,0,64.083,-4,0
7.164e-06,0.043611,-0.012429,0,64.389,-4,0
1.2748e-05,0.043943,-0.011042,0,64.694,-4,0
0,0.044509,-0.010073,0,65,-4,0
-0.00022344,0.052095,0.012083,0,10.306,-3.3333,0
-0.00019878,0.051049,0.011603,0,10.611,-3.3333,0
-0.0001775,0.050071,0.011091,0,10.917,-3.3333,0
-0.00015802,0.04912,0.010657,0,11.222,-3.3333,0
-0.0001409,0.048224,0.010306,0,11.528,-3.3333,0
-0.00012518,0.047437,0.0098456,0,11.833,-3.3333,0
-0.00011066,0.046781,0.0091258,0,12.139,-3.3333,0
-9.7407e-05,0.046183,0.0082653,0,12.444,-3.3333,0
-8.5401e-05,0.04559,0.0074968,0,12.75,-3.3333,0
-7.4101e-05,0.045012,0.0068727,0,13.056,-3.3333,0
-6.3436e-05,0.044483,0.0062142,0,13.361,-3.3333,0
-5.3719e-05,0.043961,0.0053933,0,13.667,-3.3333,0
-4.4885e-05,0.043367,0.0045479,0,13.972,-3.3333,0
-3.6714e-05,0.042734,0.0038601,0,14.278,-3.3333,0
-2.8943e-05,0.042193,0.0032087,0,14.583,-3.3333,0
-2.1737e-05,0.04181,0.002276,0,14.889,-3.3333,0
-1.4944e-05,0.041491,0.0010153,0,15.194,-3.3333,0
-9.0867e-06,0.041032,-0.00017074,0,15.5,-3.3333,0
-6.2725e-06,0.040386,-0.00093529,0,15.806,-3.3333,0
-4.5685e-06,0.039846,-0.0015514,0,16.111,-3.3333,0
-4.6163e-06,0.039895,-0.0028491,0,16.417,-3.3333,0
-8.297e-06,0.04084,-0.0054258,0,16.722,-3.3333,0
-1.472e-05,0.042275,-0.0090572,0,17.028,-3.3333,0
-2.5553e-05,0.043383,-0.012919,0,17.333,-3.3333,0
-3.9304e-05,0.043808,-0.016171,0,17.639,-3.3333,0
-5.5266e-05,0.0437,-0.018533,0,17.944,-3.3333,0
-7.3196e-05,0.043385,-0.020051,0,18.25,-3.3333,0
-9.0493e-05,0.043229,-0.020773,0,18.556,-3.3333,0
-0.00010792,0.043562,-0.020592,0,18.861,-3.3333,0
-0.00012843,0.044781,-0.018813,0,19.167,-3.3333,0
-0.00014873,0.047197,-0.014601,0,19.472,-3.3333,0
-0.00016192,0.050612,-0.0081023,0,19.778,-3.3333,0
-0.00016232,0.054119,-0.001028,0,20.083,-3.3333,0
-0.000152,0.05664,0.004505,0,20.389,-3.3333,0
-0.00013814,0.057806,0.0077301,0,20.694,-3.3333,0
-0.00012368,0.057941,0.0091618,0,21,-3.3333,0
-0.00010982,0.057522,0.0095773,0,21.306,-3.3333,0
-9.6636e-05,0.056872,0.0095155,0,21.611,-3.3333,0
-8.5583e-05,0.056147,0.0092509,0,21.917,-3.3333,0
-7.664e-05,0.055422,0.0089139,0,22.222,-3.3333,0
-6.856e-05,0.054733,0.0085871,0,22.528,-3.3333,0
-6.1424e-05,0.054079,0.0083277,0,22.833,-3.3333,0
-5.5104e-05,0.053441,0.0081493,0,23.139,-3.3333,0
-4.9482e-05,0.052816,0.0080039,0,23.444,-3.3333,0
-4.4484e-05,0.05222,0.007816,0,23.75,-3.3333,0
-4.0027e-05,0.05167,0.0075556,0,24.056,-3.3333,0
-3.603e-05,0.051164,0.0072734,0,24.361,-3.3333,0
-3.2422e-05,0.050683,0.0070536,0,24.667,-3.3333,0
-2.9146e-05,0.050215,0.0069263,0,24.972,-3.3333,0
-2.6158e-05,0.049771,0.0068317,0,25.278,-3.3333,0
-2.3422e-05,0.049364,0.0066755,0,25.583,-3.3333,0
-2.092e-05,0.048988,0.0064243,0,25.889,-3.3333,0
-1.8635e-05,0.04861,0.0061442,0,26.194,-3.3333,0
-1.6546e-05,0.048192,0.0059364,0,26.5,-3.3333,0
-1.4633e-05,0.047729,0.0058303,0,26.806,-3.3333,0
-1.2858e-05,0.047259,0.0057405,0,27.111,-3.3333,0
-1.1227e-05,0.046832,0.0055382,0,27.417,-3.3333,0
-9.6909e-06,0.046469,0.0051734,0,27.722,-3.3333,0
-8.3219e-06,0.046136,0.0047388,0,28.028,-3.3333,0
-7.1023e-06,0.045763,0.0044165,0,28.333,-3.3333,0
-5.8765e-06,0.045298,0.004335,0,28.639,-3.3333,0
-4.8501e-06,0.044746,0.0044438,0,28.944,-3.3333,0
-3.5644e-06,0.044188,0.004507,0,29.25,-3.3333,0
-2.1318e-06,0.043735,0.0041651,0,29.556,-3.3333,0
-1.0704e-06,0.043569,0.0029008,0,29.861,-3.3333,0
-4.7971e-07,0.043874,0.00033627,0,30.167,-3.3333,0
-1.3361e-06,0.044539,-0.0030198,0,30.472,-3.3333,0
-4.0577e-06,0.045229,-0.0061251,0,30.778,-3.3333,0
-7.5115e-06,0.04573,-0.0084575,0,31.083,-3.3333,0
-1.0357e-05,0.04598,-0.010083,0,31.389,-3.3333,0
-1.3325e-05,0.045966,-0.011253,0,31.694,-3.3333,0
-1.7134e-05,0.045708,-0.012212,0,32,-3.3333,0
-2.1232e-05,0.045264,-0.013097,0,32.306,-3.3333,0
-2.5301e-05,0.044745,-0.013889,0,32.611,-3.3333,0
-2.9466e-05,0.044267,-0.014473,0,32.917,-3.3333,0
-3.4351e-05,0.043906,-0.014779,0,33.222,-3.3333,0
-3.886e-05,0.043714,-0.01478,0,33.528,-3.3333,0
-4.2285e-05,0.043802,-0.014304,0,33.833,-3.3333,0
-4.6521e-05,0.044402,-0.012873,0,34.139,-3.3333,0
-5.1604e-05,0.045729,-0.010015,0,34.444,-3.3333,0
-5.4861e-05,0.04768,-0.0058764,0,34.75,-3.3333,0
-5.476e-05,0.049788,-0.0013613,0,35.056,-3.3333,0
-5.1898e-05,0.051526,0.0024504,0,35.361,-3.3333,0
-4.7468e-05,0.052625,0.0049993,0,35.667,-3.3333,0
-4.2415e-05,0.053142,0.0063755,0,35.972,-3.3333,0
-3.7195e-05,0.053273,0.0069682,0,36.278,-3.3333,0
-3.2308e-05,0.053189,0.0071348,0,36.583,-3.3333,0
-2.8082e-05,0.052994,0.0070969,0,36.889,-3.3333,0
-2.4268e-05,0.052741,0.0069668,0,37.194,-3.3333,0
-2.0768e-05,0.052458,0.0068056,0,37.5,-3.3333,0
-1.7627e-05,0.052165,0.0066454,0,37.806,-3.3333,0
-1.4826e-05,0.051869,0.0064886,0,38.111,-3.3333,0
-1.2331e-05,0.051575,0.006325,0,38.417,-3.3333,0
-1.0107e-05,0.051287,0.0061484,0,38.722,-3.3333,0
-8.1256e-06,0.051004,0.0059668,0,39.028,-3.3333,0
-6.3588e-06,0.050725,0.0058006,0,39.333,-3.3333,0
-4.774e-06,0.050445,0.0056699,0,39.639,-3.3333,0
-3.341e-06,0.050163,0.0055813,0,39.944,-3.3333,0
-2.0352e-06,0.049881,0.0055201,0,40.25,-3.3333,0
-8.3496e-07,0.049601,0.0054545,0,40.556,-3.3333,0
2.6662e-07,0.04933,0.0053496,0,40.861,-3.3333,0
1.2729e-06,0.049073,0.0051851,0,41.167,-3.3333,0
2.1679e-06,0.048832,0.0049668,0,41.472,-3.3333,0
2.95e-06,0.048603,0.00473,0,41.778,-3.3333,0
3.6632e-06,0.048373,0.0045296,0,42.083,-3.3333,0
4.3141e-06,0.048128,0.0044182,0,42.389,-3.3333,0
4.9724e-06,0.047853,0.0044199,0,42.694,-3.3333,0
5.6713e-06,0.047542,0.00451,0,43,-3.3333,0
6.3997e-06,0.047203,0.0046074,0,43.306,-3.3333,0
7.2709e-06,0.04686,0.0045791,0,43.611,-3.3333,0
8.1392e-06,0.04655,0.0042412,0,43.917,-3.3333,0
8.7177e-06,0.046344,0.0033358,0,44.222,-3.3333,0
8.9138e-06,0.046324,0.001658,0,44.528,-3.3333,0
8.5328e-06,0.046507,-0.00064855,0,44.833,-3.3333,0
7.3781e-06,0.046796,-0.0030866,0,45.139,-3.3333,0
5.7894e-06,0.047057,-0.0052019,0,45.444,-3.3333,0
3.8833e-06,0.047195,-0.006833,0,45.75,-3.3333,0
1.8315e-06,0.047169,-0.0080221,0,46.056,-3.3333,0
-4.8026e-08,0.046988,-0.0089058,0,46.361,-3.3333,0
-1.7575e-06,0.046678,-0.0096279,0,46.667,-3.3333,0
-3.3872e-06,0.046289,-0.01025,0,46.972,-3.3333,0
-5.144e-06,0.04589,-0.010752,0,47.278,-3.3333,0
-6.8783e-06,0.045545,-0.01109,0,47.583,-3.3333,0
-8.732e-06,0.045287,-0.011235,0,47.889,-3.3333,0
-1.049e-05,0.045145,-0.011159,0,48.194,-3.3333,0
-1.1922e-05,0.045196,-0.010723,0,48.5,-3.3333,0
-1.3861e-05,0.045594,-0.0096196,0,48.806,-3.3333,0
-1.6186e-05,0.046476,-0.0075721,0,49.111,-3.3333,0
-1.7797e-05,0.047792,-0.0046731,0,49.417,-3.3333,0
-1.8129e-05,0.049286,-0.0014403,0,49.722,-3.3333,0
-1.7345e-05,0.050629,0.0014715,0,50.028,-3.3333,0
-1.577e-05,0.051604,0.003633,0,50.333,-3.3333,0
-1.3723e-05,0.052177,0.0049933,0,50.639,-3.3333,0
-1.1481e-05,0.05244,0.0057408,0,50.944,-3.3333,0
-9.2367e-06,0.052502,0.0060988,0,51.25,-3.3333,0
-7.13e-06,0.052451,0.0062307,0,51.556,-3.3333,0
-5.3471e-06,0.052338,0.0062409,0,51.861,-3.3333,0
-3.7225e-06,0.052195,0.0061898,0,52.167,-3.3333,0
-2.2081e-06,0.052032,0.0061133,0,52.472,-3.3333,0
-9.1352e-07,0.051859,0.0060402,0,52.778,-3.3333,0
2.5642e-07,0.051678,0.0059875,0,53.083,-3.3333,0
1.2797e-06,0.051494,0.0059579,0,53.389,-3.3333,0
2.1828e-06,0.051308,0.005943,0,53.694,-3.3333,0
2.97e-06,0.051126,0.0059289,0,54,-3.3333,0
3.6553e-06,0.05095,0.0059033,0,54.306,-3.3333,0
4.2404e-06,0.050781,0.0058614,0,54.611,-3.3333,0
4.7392e-06,0.050617,0.0058082,0,54.917,-3.3333,0
5.1531e-06,0.050453,0.0057567,0,55.222,-3.3333,0
5.5031e-06,0.050289,0.0057231,0,55.528,-3.3333,0
5.783e-06,0.050123,0.0057219,0,55.833,-3.3333,0
6.0396e-06,0.049955,0.0057597,0,56.139,-3.3333,0
6.2285e-06,0.049789,0.0058333,0,56.444,-3.3333,0
6.438e-06,0.049629,0.0059275,0,56.75,-3.3333,0
6.5902e-06,0.049478,0.0060171,0,57.056,-3.3333,0
6.7484e-06,0.049339,0.0060652,0,57.361,-3.3333,0
6.907e-06,0.049212,0.0060263,0,57.667,-3.3333,0
7.1078e-06,0.049104,0.0058175,0,57.972,-3.3333,0
7.4342e-06,0.049022,0.0052667,0,58.278,-3.3333,0
7.8281e-06,0.048975,0.0041062,0,58.583,-3.3333,0
7.7733e-06,0.048927,0.0021773,0,58.889,-3.3333,0
7.5243e-06,0.048851,-0.00038982,0,59.194,-3.3333,0
6.8841e-06,0.048734,-0.0031214,0,59.5,-3.3333,0
6.9053e-06,0.048611,-0.005521,0,59.806,-3.3333,0
6.896e-06,0.048469,-0.0073402,0,60.111,-3.3333,0
6.7345e-06,0.048311,-0.0085802,0,60.417,-3.3333,0
6.6779e-06,0.048121,-0.0093581,0,60.722,-3.3333,0
6.6197e-06,0.047929,-0.0098119,0,61.028,-3.3333,0
6.6154e-06,0.047714,-0.01006,0,61.333,-3.3333,0
6.4221e-06,0.047494,-0.010184,0,61.639,-3.3333,0
6.2382e-06,0.047232,-0.010278,0,61.944,-3.3333,0
6.2808e-06,0.046934,-0.010408,0,62.25,-3.3333,0
6.0821e-06,0.046551,-0.010622,0,62.556,-3.3333,0
5.9516e-06,0.04611,-0.010935,0,62.861,-3.3333,0
5.765e-06,0.045578,-0.011345,0,63.167,-3.3333,0
5.035e-06,0.045019,-0.011797,0,63.472,-3.3333,0
4.5981e-06,0.044466,-0.012157,0,63.778,-3.3333,0
2.3898e-06,0.04403,-0.01224,0,64.083,-3.3333,0
5.8941e-07,0.043682,-0.012072,0,64.389,-3.3333,0
4.113e-06,0.043549,-0.011417,0,64.694,-3.3333,0
0,0.043683,-0.01088,0,65,-3.3333,0
-0.00021507,0.04978,0.014685,0,10.306,-2.6667,0
-0.00018799,0.048634,0.014069,0,10.611,-2.6667,0
-0.0001656,0.047642,0.013429,0,10.917,-2.6667,0
-0.00014558,0.046765,0.012756,0,11.222,-2.6667,0
-0.0001282,0.046013,0.011952,0,11.528,-2.6667,0
-0.00011332,0.045357,0.011019,0,11.833,-2.6667,0
-0.0001003,0.044726,0.010165,0,12.139,-2.6667,0
-8.7933e-05,0.04404,0.0095509,0,12.444,-2.6667,0
-7.6618e-05,0.043307,0.0090367,0,12.75,-2.6667,0
-6.6355e-05,0.042583,0.0083525,0,13.056,-2.6667,0
-5.6751e-05,0.041909,0.00747,0,13.361,-2.6667,0
-4.8032e-05,0.04124,0.0066414,0,13.667,-2.6667,0
-3.9867e-05,0.040543,0.0059662,0,13.972,-2.6667,0
-3.2242e-05,0.039868,0.005253,0,14.278,-2.6667,0
-2.5909e-05,0.039292,0.0043186,0,14.583,-2.6667,0
-1.8595e-05,0.038755,0.0032211,0,14.889,-2.6667,0
-1.2689e-05,0.038042,0.0022655,0,15.194,-2.6667,0
-8.3121e-06,0.037175,0.0016182,0,15.5,-2.6667,0
-4.2048e-06,0.036588,0.00081819,0,15.806,-2.6667,0
-5.08e-06,0.036908,-0.0012414,0,16.111,-2.6667,0
-9.1464e-06,0.038268,-0.0049762,0,16.417,-2.6667,0
-1.585e-05,0.040135,-0.0092701,0,16.722,-2.6667,0
-2.4846e-05,0.041819,-0.012732,0,17.028,-2.6667,0
-3.508e-05,0.04286,-0.014965,0,17.333,-2.6667,0
-4.621e-05,0.043197,-0.016473,0,17.639,-2.6667,0
-5.8068e-05,0.042975,-0.017728,0,17.944,-2.6667,0
-7.078e-05,0.042399,-0.018864,0,18.25,-2.6667,0
-8.5442e-05,0.041688,-0.019799,0,18.556,-2.6667,0
-0.00010265,0.041073,-0.020364,0,18.861,-2.6667,0
-0.00011663,0.040812,-0.020353,0,19.167,-2.6667,0
-0.00012774,0.041286,-0.019158,0,19.472,-2.6667,0
-0.00014118,0.042994,-0.015664,0,19.778,-2.6667,0
-0.00015486,0.046086,-0.0094143,0,20.083,-2.6667,0
-0.00015788,0.049808,-0.0018708,0,20.389,-2.6667,0
-0.0001476,0.052897,0.0044826,0,20.694,-2.6667,0
-0.00013376,0.054649,0.0083395,0,21,-2.6667,0
-0.00011961,0.055244,0.010084,0,21.306,-2.6667,0
-0.00010563,0.055166,0.01062,0,21.611,-2.6667,0
-9.4391e-05,0.054779,0.010612,0,21.917,-2.6667,0
-8.4152e-05,0.054257,0.010356,0,22.222,-2.6667,0
-7.4458e-05,0.05367,0.010014,0,22.528,-2.6667,0
-6.6472e-05,0.053064,0.0097267,0,22.833,-2.6667,0
-5.9438e-05,0.052475,0.0094961,0,23.139,-2.6667,0
-5.3242e-05,0.051938,0.0092486,0,23.444,-2.6667,0
-4.7787e-05,0.051464,0.0089367,0,23.75,-2.6667,0
-4.2971e-05,0.051022,0.0085959,0,24.056,-2.6667,0
-3.8709e-05,0.050568,0.0083086,0,24.361,-2.6667,0
-3.4925e-05,0.050084,0.0081147,0,24.667,-2.6667,0
-3.1556e-05,0.049594,0.0079658,0,24.972,-2.6667,0
-2.8537e-05,0.04914,0.007774,0,25.278,-2.6667,0
-2.5828e-05,0.048734,0.0075065,0,25.583,-2.6667,0
-2.339e-05,0.048342,0.0072271,0,25.889,-2.6667,0
-2.1197e-05,0.047914,0.007037,0,26.194,-2.6667,0
-1.9238e-05,0.04743,0.0069693,0,26.5,-2.6667,0
-1.7455e-05,0.046922,0.0069399,0,26.806,-2.6667,0
-1.5849e-05,0.046446,0.0068075,0,27.111,-2.6667,0
-1.4405e-05,0.046031,0.0064957,0,27.417,-2.6667,0
-1.3084e-05,0.045647,0.0060711,0,27.722,-2.6667,0
-1.1976e-05,0.045221,0.0057096,0,28.028,-2.6667,0
-1.0963e-05,0.044696,0.0055703,0,28.333,-2.6667,0
-1.0192e-05,0.044072,0.0056556,0,28.639,-2.6667,0
-9.4512e-06,0.043435,0.0057698,0,28.944,-2.6667,0
-8.3029e-06,0.042904,0.0055901,0,29.25,-2.6667,0
-7.3411e-06,0.042646,0.0046438,0,29.556,-2.6667,0
-6.4339e-06,0.042878,0.0023891,0,29.861,-2.6667,0
-6.4546e-06,0.043582,-0.0010674,0,30.167,-2.6667,0
-7.9464e-06,0.044412,-0.0046851,0,30.472,-2.6667,0
-9.7906e-06,0.045081,-0.0075238,0,30.778,-2.6667,0
-1.1834e-05,0.045523,-0.0093987,0,31.083,-2.6667,0
-1.4077e-05,0.045762,-0.010518,0,31.389,-2.6667,0
-1.6666e-05,0.045829,-0.011158,0,31.694,-2.6667,0
-1.9358e-05,0.04573,-0.011596,0,32,-2.6667,0
-2.2071e-05,0.045449,-0.012051,0,32.306,-2.6667,0
-2.4959e-05,0.04499,-0.012618,0,32.611,-2.6667,0
-2.8136e-05,0.044415,-0.013255,0,32.917,-2.6667,0
-3.1586e-05,0.043831,-0.013823,0,33.222,-2.6667,0
-3.4898e-05,0.04333,-0.014176,0,33.528,-2.6667,0
-3.7845e-05,0.042979,-0.014223,0,33.833,-2.6667,0
-4.0051e-05,0.042877,-0.013818,0,34.139,-2.6667,0
-4.2667e-05,0.043234,-0.012556,0,34.444,-2.6667,0
-4.6488e-05,0.044287,-0.009938,0,34.75,-2.6667,0
-4.9122e-05,0.046027,-0.0059751,0,35.056,-2.6667,0
-4.8924e-05,0.048054,-0.0014799,0,35.361,-2.6667,0
-4.6583e-05,0.049829,0.0024225,0,35.667,-2.6667,0
-4.2887e-05,0.051028,0.0050772,0,35.972,-2.6667,0
-3.8451e-05,0.051659,0.0065331,0,36.278,-2.6667,0
-3.4074e-05,0.051892,0.0071907,0,36.583,-2.6667,0
-3.0054e-05,0.051893,0.0074217,0,36.889,-2.6667,0
-2.6271e-05,0.051764,0.0074466,0,37.194,-2.6667,0
-2.2666e-05,0.051559,0.0073732,0,37.5,-2.6667,0
-1.9375e-05,0.051311,0.0072546,0,37.806,-2.6667,0
-1.6523e-05,0.051047,0.0071102,0,38.111,-2.6667,0
-1.4001e-05,0.05078,0.0069411,0,38.417,-2.6667,0
-1.1757e-05,0.050518,0.0067521,0,38.722,-2.6667,0
-9.7672e-06,0.050259,0.0065625,0,39.028,-2.6667,0
-7.9984e-06,0.049996,0.0063997,0,39.333,-2.6667,0
-6.4192e-06,0.049723,0.0062829,0,39.639,-2.6667,0
-4.9992e-06,0.049438,0.0062101,0,39.944,-2.6667,0
-3.7164e-06,0.049147,0.0061542,0,40.25,-2.6667,0
-2.5541e-06,0.048859,0.006074,0,40.556,-2.6667,0
-1.5067e-06,0.048585,0.0059343,0,40.861,-2.6667,0
-5.6458e-07,0.048329,0.0057262,0,41.167,-2.6667,0
2.7527e-07,0.048084,0.0054778,0,41.472,-2.6667,0
1.0139e-06,0.047834,0.0052478,0,41.778,-2.6667,0
1.6783e-06,0.047555,0.0051035,0,42.083,-2.6667,0
2.2689e-06,0.04723,0.0050912,0,42.389,-2.6667,0
2.846e-06,0.046854,0.0052091,0,42.694,-2.6667,0
3.4163e-06,0.046442,0.005393,0,43,-2.6667,0
4.0194e-06,0.046028,0.0055201,0,43.306,-2.6667,0
4.8858e-06,0.04566,0.0054263,0,43.611,-2.6667,0
5.7314e-06,0.045393,0.004873,0,43.917,-2.6667,0
5.9262e-06,0.045319,0.0035354,0,44.222,-2.6667,0
5.7485e-06,0.045505,0.0012894,0,44.528,-2.6667,0
5.2724e-06,0.045894,-0.0014653,0,44.833,-2.6667,0
4.2968e-06,0.046341,-0.0040406,0,45.139,-2.6667,0
3.1183e-06,0.046724,-0.0059899,0,45.444,-2.6667,0
1.6731e-06,0.046985,-0.0072702,0,45.75,-2.6667,0
1.0031e-07,0.047104,-0.0080612,0,46.056,-2.6667,0
-1.3149e-06,0.047084,-0.0085714,0,46.361,-2.6667,0
-2.4945e-06,0.046925,-0.008967,0,46.667,-2.6667,0
-3.6096e-06,0.046632,-0.0093619,0,46.972,-2.6667,0
-4.8609e-06,0.046236,-0.0097906,0,47.278,-2.6667,0
-6.1506e-06,0.045794,-0.010215,0,47.583,-2.6667,0
-7.6715e-06,0.045373,-0.010557,0,47.889,-2.6667,0
-9.3036e-06,0.045025,-0.010739,0,48.194,-2.6667,0
-1.0387e-05,0.044793,-0.010693,0,48.5,-2.6667,0
-1.1124e-05,0.044742,-0.010302,0,48.806,-2.6667,0
-1.2335e-05,0.045011,-0.0092975,0,49.111,-2.6667,0
-1.4213e-05,0.04574,-0.0073995,0,49.417,-2.6667,0
-1.5648e-05,0.046917,-0.0046368,0,49.722,-2.6667,0
-1.5878e-05,0.048317,-0.0014634,0,50.028,-2.6667,0
-1.5211e-05,0.049622,0.0014668,0,50.333,-2.6667,0
-1.3879e-05,0.050599,0.0036843,0,50.639,-2.6667,0
-1.2125e-05,0.051203,0.0050973,0,50.944,-2.6667,0
-1.0184e-05,0.051513,0.0058789,0,51.25,-2.6667,0
-8.3412e-06,0.051632,0.0062526,0,51.556,-2.6667,0
-6.7064e-06,0.051636,0.0063962,0,51.861,-2.6667,0
-5.0472e-06,0.051577,0.0064246,0,52.167,-2.6667,0
-3.5277e-06,0.051475,0.0064008,0,52.472,-2.6667,0
-2.2274e-06,0.051348,0.0063643,0,52.778,-2.6667,0
-1.0533e-06,0.051204,0.0063368,0,53.083,-2.6667,0
-4.2202e-08,0.051052,0.00632,0,53.389,-2.6667,0
8.4546e-07,0.050895,0.0063068,0,53.694,-2.6667,0
1.6133e-06,0.050737,0.006287,0,54,-2.6667,0
2.2766e-06,0.050578,0.0062549,0,54.306,-2.6667,0
2.8382e-06,0.050416,0.006211,0,54.611,-2.6667,0
3.3132e-06,0.050252,0.0061624,0,54.917,-2.6667,0
3.7021e-06,0.050085,0.00612,0,55.222,-2.6667,0
4.0317e-06,0.049918,0.0060951,0,55.528,-2.6667,0
4.2918e-06,0.049754,0.0060971,0,55.833,-2.6667,0
4.5406e-06,0.049597,0.006129,0,56.139,-2.6667,0
4.729e-06,0.049447,0.0061884,0,56.444,-2.6667,0
4.9547e-06,0.049305,0.0062628,0,56.75,-2.6667,0
5.1393e-06,0.049165,0.0063313,0,57.056,-2.6667,0
5.3549e-06,0.049029,0.0063581,0,57.361,-2.6667,0
5.6003e-06,0.048895,0.0062915,0,57.667,-2.6667,0
5.9762e-06,0.048778,0.0060352,0,57.972,-2.6667,0
6.4424e-06,0.048693,0.0054114,0,58.278,-2.6667,0
6.8929e-06,0.048662,0.0041941,0,58.583,-2.6667,0
6.8048e-06,0.048667,0.0022633,0,58.889,-2.6667,0
6.5087e-06,0.048692,-0.00025976,0,59.194,-2.6667,0
5.9286e-06,0.048687,-0.0029341,0,59.5,-2.6667,0
5.4186e-06,0.048642,-0.0052794,0,59.806,-2.6667,0
4.9076e-06,0.048539,-0.0070281,0,60.111,-2.6667,0
4.7047e-06,0.048407,-0.0081989,0,60.417,-2.6667,0
4.7028e-06,0.048235,-0.0089385,0,60.722,-2.6667,0
4.5997e-06,0.048051,-0.0093677,0,61.028,-2.6667,0
4.6547e-06,0.04784,-0.0095974,0,61.333,-2.6667,0
4.4468e-06,0.047626,-0.0096928,0,61.639,-2.6667,0
4.1828e-06,0.047388,-0.0097322,0,61.944,-2.6667,0
4.1126e-06,0.047135,-0.0097648,0,62.25,-2.6667,0
3.7589e-06,0.046826,-0.0098434,0,62.556,-2.6667,0
3.3413e-06,0.046477,-0.0099944,0,62.861,-2.6667,0
3.3031e-06,0.046046,-0.010243,0,63.167,-2.6667,0
2.0818e-06,0.045556,-0.010582,0,63.472,-2.6667,0
1.9275e-06,0.045014,-0.010996,0,63.778,-2.6667,0
-4.154e-08,0.044493,-0.011273,0,64.083,-2.6667,0
-5.4315e-07,0.044076,-0.011339,0,64.389,-2.6667,0
-9.446e-07,0.043725,-0.01108,0,64.694,-2.6667,0
0,0.043629,-0.010802,0,65,-2.6667,0
-0.00019891,0.04726,0.017367,0,10.306,-2,0
-0.00017113,0.046264,0.016256,0,10.611,-2,0
-0.00014892,0.045409,0.015174,0,10.917,-2,0
-0.00013073,0.044608,0.014211,0,11.222,-2,0
-0.00011479,0.043796,0.013376,0,11.528,-2,0
-0.00010106,0.042927,0.012653,0,11.833,-2,0
-8.9872e-05,0.042025,0.012005,0,12.139,-2,0
-8.0164e-05,0.041191,0.011363,0,12.444,-2,0
-7.0994e-05,0.040444,0.010676,0,12.75,-2,0
-6.2539e-05,0.039686,0.0099255,0,13.056,-2,0
-5.4768e-05,0.038827,0.0091456,0,13.361,-2,0
-4.7011e-05,0.03791,0.0083759,0,13.667,-2,0
-4.0901e-05,0.03705,0.0075414,0,13.972,-2,0
-3.4313e-05,0.036301,0.0065784,0,14.278,-2,0
-2.8718e-05,0.035489,0.0056526,0,14.583,-2,0
-2.4761e-05,0.034549,0.004994,0,14.889,-2,0
-1.712e-05,0.033758,0.0044551,0,15.194,-2,0
-1.2459e-05,0.033741,0.0030321,0,15.5,-2,0
-1.3536e-05,0.035021,-0.00037033,0,15.806,-2,0
-1.7692e-05,0.037323,-0.0052336,0,16.111,-2,0
-2.43e-05,0.039732,-0.0098977,0,16.417,-2,0
-3.1582e-05,0.041484,-0.013176,0,16.722,-2,0
-3.9575e-05,0.042447,-0.015004,0,17.028,-2,0
-4.6953e-05,0.042863,-0.01593,0,17.333,-2,0
-5.3897e-05,0.042943,-0.016421,0,17.639,-2,0
-6.1784e-05,0.04274,-0.016789,0,17.944,-2,0
-7.079e-05,0.042247,-0.017248,0,18.25,-2,0
-8.139e-05,0.041469,-0.017906,0,18.556,-2,0
-9.2633e-05,0.040528,-0.018664,0,18.861,-2,0
-0.00010252,0.039601,-0.019249,0,19.167,-2,0
-0.00011159,0.038912,-0.019385,0,19.472,-2,0
-0.00011919,0.038819,-0.018616,0,19.778,-2,0
-0.00012818,0.039869,-0.01588,0,20.083,-2,0
-0.00013763,0.042436,-0.010315,0,20.389,-2,0
-0.00013976,0.046017,-0.0028387,0,20.694,-2,0
-0.00013322,0.049366,0.0040308,0,21,-2,0
-0.00012174,0.051551,0.0084515,0,21.306,-2,0
-0.00011028,0.05253,0.010519,0,21.611,-2,0
-9.9621e-05,0.052747,0.011235,0,21.917,-2,0
-8.8291e-05,0.052584,0.011337,0,22.222,-2,0
-7.7701e-05,0.052234,0.011184,0,22.528,-2,0
-6.905e-05,0.051804,0.010936,0,22.833,-2,0
-6.1846e-05,0.051361,0.010606,0,23.139,-2,0
-5.5447e-05,0.050954,0.01021,0,23.444,-2,0
-4.986e-05,0.050565,0.0098155,0,23.75,-2,0
-4.4986e-05,0.050151,0.0095099,0,24.056,-2,0
-4.0731e-05,0.049692,0.0093197,0,24.361,-2,0
-3.7009e-05,0.049213,0.0091783,0,24.667,-2,0
-3.3742e-05,0.048754,0.0089864,0,24.972,-2,0
-3.0863e-05,0.048326,0.0087096,0,25.278,-2,0
-2.8328e-05,0.047895,0.0084159,0,25.583,-2,0
-2.6093e-05,0.047417,0.0082115,0,25.889,-2,0
-2.4142e-05,0.046885,0.0081339,0,26.194,-2,0
-2.2432e-05,0.046342,0.0081022,0,26.5,-2,0
-2.0905e-05,0.045854,0.0079781,0,26.806,-2,0
-1.957e-05,0.04545,0.0076842,0,27.111,-2,0
-1.8337e-05,0.045089,0.0072817,0,27.417,-2,0
-1.7289e-05,0.044681,0.0069391,0,27.722,-2,0
-1.6414e-05,0.044149,0.0068146,0,28.028,-2,0
-1.5633e-05,0.043487,0.0069227,0,28.333,-2,0
-1.5213e-05,0.04278,0.0070841,0,28.639,-2,0
-1.4648e-05,0.042173,0.0069962,0,28.944,-2,0
-1.3722e-05,0.041852,0.0062297,0,29.25,-2,0
-1.2889e-05,0.042074,0.0042276,0,29.556,-2,0
-1.2505e-05,0.042909,0.00086085,0,29.861,-2,0
-1.3298e-05,0.043996,-0.0030162,0,30.167,-2,0
-1.4731e-05,0.044887,-0.0062905,0,30.472,-2,0
-1.5855e-05,0.045435,-0.0085486,0,30.778,-2,0
-1.6992e-05,0.045702,-0.0099448,0,31.083,-2,0
-1.8433e-05,0.045798,-0.010754,0,31.389,-2,0
-1.9769e-05,0.045807,-0.011184,0,31.694,-2,0
-2.0952e-05,0.04576,-0.01138,0,32,-2,0
-2.246e-05,0.045629,-0.011481,0,32.306,-2,0
-2.4163e-05,0.045359,-0.011634,0,32.611,-2,0
-2.6058e-05,0.044915,-0.011944,0,32.917,-2,0
-2.8076e-05,0.044321,-0.012411,0,33.222,-2,0
-3.0226e-05,0.043661,-0.012923,0,33.528,-2,0
-3.2735e-05,0.043043,-0.013313,0,33.833,-2,0
-3.515e-05,0.042561,-0.013429,0,34.139,-2,0
-3.6811e-05,0.042313,-0.013102,0,34.444,-2,0
-3.8315e-05,0.042488,-0.011974,0,34.75,-2,0
-4.034e-05,0.043319,-0.0095759,0,35.056,-2,0
-4.1895e-05,0.044851,-0.0058433,0,35.361,-2,0
-4.1889e-05,0.046751,-0.0014892,0,35.667,-2,0
-4.0151e-05,0.048488,0.0023831,0,35.972,-2,0
-3.727e-05,0.049706,0.0050821,0,36.278,-2,0
-3.3808e-05,0.050376,0.0066222,0,36.583,-2,0
-3.0201e-05,0.050648,0.0073771,0,36.889,-2,0
-2.6679e-05,0.050682,0.0076986,0,37.194,-2,0
-2.322e-05,0.050585,0.0077936,0,37.5,-2,0
-1.9949e-05,0.050419,0.0077617,0,37.806,-2,0
-1.7192e-05,0.050218,0.0076484,0,38.111,-2,0
-1.4883e-05,0.050001,0.0074791,0,38.417,-2,0
-1.279e-05,0.049777,0.0072858,0,38.722,-2,0
-1.0927e-05,0.049545,0.0071056,0,39.028,-2,0
-9.268e-06,0.049297,0.0069697,0,39.333,-2,0
-7.7898e-06,0.04903,0.0068873,0,39.639,-2,0
-6.4679e-06,0.048748,0.0068391,0,39.944,-2,0
-5.2838e-06,0.048463,0.006784,0,40.25,-2,0
-4.2239e-06,0.048189,0.0066798,0,40.556,-2,0
-3.2788e-06,0.047933,0.0065058,0,40.861,-2,0
-2.4446e-06,0.047689,0.0062779,0,41.167,-2,0
-1.7069e-06,0.047439,0.0060476,0,41.472,-2,0
-1.0602e-06,0.047158,0.0058848,0,41.778,-2,0
-4.9353e-07,0.046824,0.0058469,0,42.083,-2,0
4.0693e-08,0.046434,0.005948,0,42.389,-2,0
5.0674e-07,0.046003,0.0061397,0,42.694,-2,0
9.5197e-07,0.045572,0.0063111,0,43,-2,0
1.3516e-06,0.045194,0.0063145,0,43.306,-2,0
1.7236e-06,0.044929,0.0059662,0,43.611,-2,0
2.1132e-06,0.044876,0.0049828,0,43.917,-2,0
2.153e-06,0.045118,0.0030935,0,44.222,-2,0
1.7837e-06,0.045609,0.00040481,0,44.528,-2,0
1.1643e-06,0.046166,-0.0024738,0,44.833,-2,0
4.1937e-07,0.046617,-0.0048964,0,45.139,-2,0
-2.8983e-07,0.046914,-0.0066069,0,45.444,-2,0
-8.8732e-07,0.047086,-0.0076624,0,45.75,-2,0
-1.5433e-06,0.047169,-0.0082372,0,46.056,-2,0
-2.2743e-06,0.047177,-0.0085124,0,46.361,-2,0
-2.9479e-06,0.047105,-0.0086412,0,46.667,-2,0
-3.7009e-06,0.046936,-0.0087475,0,46.972,-2,0
-4.459e-06,0.046651,-0.0089237,0,47.278,-2,0
-5.2427e-06,0.046259,-0.0092058,0,47.583,-2,0
-6.0968e-06,0.045798,-0.0095574,0,47.889,-2,0
-7.0692e-06,0.045329,-0.0098908,0,48.194,-2,0
-8.1636e-06,0.044916,-0.010102,0,48.5,-2,0
-9.098e-06,0.044613,-0.010097,0,48.806,-2,0
-9.6942e-06,0.044486,-0.0097542,0,49.111,-2,0
-1.0519e-05,0.044655,-0.0088326,0,49.417,-2,0
-1.1806e-05,0.045259,-0.007061,0,49.722,-2,0
-1.2764e-05,0.046304,-0.0044289,0,50.028,-2,0
-1.2938e-05,0.047599,-0.0013448,0,50.333,-2,0
-1.2389e-05,0.048841,0.0015433,0,50.639,-2,0
-1.1328e-05,0.049797,0.0037469,0,50.944,-2,0
-9.917e-06,0.050409,0.0051637,0,51.25,-2,0
-8.3931e-06,0.050741,0.0059607,0,51.556,-2,0
-6.8831e-06,0.050882,0.006362,0,51.861,-2,0
-5.3822e-06,0.050908,0.0065424,0,52.167,-2,0
-4.0455e-06,0.050861,0.0066116,0,52.472,-2,0
-2.8349e-06,0.050771,0.0066303,0,52.778,-2,0
-1.765e-06,0.050655,0.0066335,0,53.083,-2,0
-8.3668e-07,0.050522,0.0066324,0,53.389,-2,0
-2.5222e-08,0.050377,0.0066299,0,53.694,-2,0
6.7211e-07,0.050224,0.0066214,0,54,-2,0
1.2699e-06,0.050063,0.0066036,0,54.306,-2,0
1.7687e-06,0.049898,0.0065735,0,54.611,-2,0
2.1864e-06,0.049735,0.0065324,0,54.917,-2,0
2.5196e-06,0.049578,0.006486,0,55.222,-2,0
2.8029e-06,0.049431,0.0064448,0,55.528,-2,0
3.0173e-06,0.049294,0.0064216,0,55.833,-2,0
3.2379e-06,0.049163,0.0064284,0,56.139,-2,0
3.3969e-06,0.049028,0.0064711,0,56.444,-2,0
3.6155e-06,0.048883,0.0065431,0,56.75,-2,0
3.806e-06,0.04872,0.0066203,0,57.056,-2,0
4.0388e-06,0.048543,0.0066548,0,57.361,-2,0
4.3414e-06,0.04836,0.0065741,0,57.667,-2,0
4.7479e-06,0.048193,0.0062585,0,57.972,-2,0
5.0006e-06,0.048071,0.0055217,0,58.278,-2,0
5.338e-06,0.048047,0.0041614,0,58.583,-2,0
5.3987e-06,0.04813,0.0021129,0,58.889,-2,0
5.2136e-06,0.048305,-0.00043367,0,59.194,-2,0
4.7977e-06,0.048475,-0.0030109,0,59.5,-2,0
4.0087e-06,0.048579,-0.0051974,0,59.806,-2,0
3.406e-06,0.048585,-0.0068246,0,60.111,-2,0
3.2406e-06,0.048528,-0.0079155,0,60.417,-2,0
3.1082e-06,0.048407,-0.0085829,0,60.722,-2,0
2.9154e-06,0.048252,-0.0089487,0,61.028,-2,0
2.9137e-06,0.048059,-0.0091314,0,61.333,-2,0
2.7759e-06,0.047852,-0.0091968,0,61.639,-2,0
2.5713e-06,0.04763,-0.0092057,0,61.944,-2,0
2.3531e-06,0.047398,-0.009184,0,62.25,-2,0
2.0958e-06,0.047137,-0.0091858,0,62.556,-2,0
1.4574e-06,0.046846,-0.0092266,0,62.861,-2,0
1.3194e-06,0.046505,-0.0093429,0,63.167,-2,0
5.5536e-08,0.046106,-0.009532,0,63.472,-2,0
5.0519e-08,0.04565,-0.0098524,0,63.778,-2,0
-2.0134e-06,0.045132,-0.010183,0,64.083,-2,0
-2.4217e-06,0.044679,-0.010418,0,64.389,-2,0
-3.8889e-06,0.044226,-0.010416,0,64.694,-2,0
0,0.044003,-0.01028,0,65,-2,0
-0.00016609,0.044581,0.019439,0,10.306,-1.3333,0
-0.00014343,0.043729,0.018104,0,10.611,-1.3333,0
-0.00012543,0.042821,0.017041,0,10.917,-1.3333,0
-0.00011175,0.041871,0.016279,0,11.222,-1.3333,0
-0.00010091,0.04093,0.015623,0,11.528,-1.3333,0
-9.1443e-05,0.040031,0.014878,0,11.833,-1.3333,0
-8.3394e-05,0.03917,0.01395,0,12.139,-1.3333,0
-7.7006e-05,0.038302,0.013002,0,12.444,-1.3333,0
-7.1606e-05,0.037389,0.012319,0,12.75,-1.3333,0
-6.5765e-05,0.036444,0.011878,0,13.056,-1.3333,0
-6.0566e-05,0.035503,0.011352,0,13.361,-1.3333,0
-5.4849e-05,0.03461,0.01051,0,13.667,-1.3333,0
-4.7287e-05,0.033661,0.0094944,0,13.972,-1.3333,0
-4.469e-05,0.032523,0.0086611,0,14.278,-1.3333,0
-4.2854e-05,0.031397,0.0080897,0,14.583,-1.3333,0
-3.7904e-05,0.030911,0.0070581,0,14.889,-1.3333,0
-3.6438e-05,0.031877,0.0040432,0,15.194,-1.3333,0
-3.5221e-05,0.034404,-0.0011825,0,15.5,-1.3333,0
-3.565e-05,0.037608,-0.0069933,0,15.806,-1.3333,0
-3.7956e-05,0.04036,-0.011536,0,16.111,-1.3333,0
-3.9406e-05,0.042103,-0.014049,0,16.417,-1.3333,0
-4.2247e-05,0.042945,-0.015185,0,16.722,-1.3333,0
-4.6414e-05,0.043198,-0.015729,0,17.028,-1.3333,0
-5.1164e-05,0.043122,-0.016037,0,17.333,-1.3333,0
-5.5749e-05,0.042873,-0.016199,0,17.639,-1.3333,0
-6.0741e-05,0.042534,-0.016204,0,17.944,-1.3333,0
-6.6531e-05,0.042123,-0.016089,0,18.25,-1.3333,0
-7.2756e-05,0.041563,-0.016045,0,18.556,-1.3333,0
-7.9105e-05,0.040774,-0.016282,0,18.861,-1.3333,0
-8.6091e-05,0.039758,-0.01683,0,19.167,-1.3333,0
-9.4482e-05,0.038669,-0.017445,0,19.472,-1.3333,0
-0.00010263,0.037723,-0.017757,0,19.778,-1.3333,0
-0.00010687,0.037236,-0.017328,0,20.083,-1.3333,0
-0.00010874,0.037724,-0.015284,0,20.389,-1.3333,0
-0.00011179,0.039684,-0.01062,0,20.694,-1.3333,0
-0.00011413,0.042938,-0.003721,0,21,-1.3333,0
-0.00011147,0.046358,0.0031769,0,21.306,-1.3333,0
-0.00010421,0.048829,0.0080119,0,21.611,-1.3333,0
-9.5008e-05,0.050117,0.010507,0,21.917,-1.3333,0
-8.5019e-05,0.050594,0.011477,0,22.222,-1.3333,0
-7.5592e-05,0.050661,0.011716,0,22.528,-1.3333,0
-6.7755e-05,0.050531,0.011634,0,22.833,-1.3333,0
-6.1422e-05,0.050295,0.011352,0,23.139,-1.3333,0
-5.5445e-05,0.049983,0.010984,0,23.444,-1.3333,0
-5.0053e-05,0.049599,0.010689,0,23.75,-1.3333,0
-4.5485e-05,0.049159,0.010503,0,24.056,-1.3333,0
-4.1605e-05,0.048711,0.010355,0,24.361,-1.3333,0
-3.8259e-05,0.048295,0.01016,0,24.667,-1.3333,0
-3.5376e-05,0.047908,0.0099014,0,24.972,-1.3333,0
-3.2891e-05,0.047501,0.0096491,0,25.278,-1.3333,0
-3.0746e-05,0.047024,0.0094891,0,25.583,-1.3333,0
-2.8935e-05,0.046476,0.0094314,0,25.889,-1.3333,0
-2.7395e-05,0.045914,0.0093833,0,26.194,-1.3333,0
-2.6073e-05,0.045409,0.009218,0,26.5,-1.3333,0
-2.4959e-05,0.044987,0.0088865,0,26.806,-1.3333,0
-2.3923e-05,0.044601,0.0084776,0,27.111,-1.3333,0
-2.3054e-05,0.04415,0.0081731,0,27.417,-1.3333,0
-2.2356e-05,0.043556,0.0081222,0,27.722,-1.3333,0
-2.1645e-05,0.042818,0.0083166,0,28.028,-1.3333,0
-2.1334e-05,0.042033,0.0085546,0,28.333,-1.3333,0
-2.1141e-05,0.041356,0.0085241,0,28.639,-1.3333,0
-2.0504e-05,0.040994,0.0077992,0,28.944,-1.3333,0
-1.9985e-05,0.041232,0.0058081,0,29.25,-1.3333,0
-1.9673e-05,0.042216,0.0023411,0,29.556,-1.3333,0
-1.9939e-05,0.043617,-0.0018064,0,29.861,-1.3333,0
-2.0669e-05,0.044881,-0.0053844,0,30.167,-1.3333,0
-2.1045e-05,0.045721,-0.0078211,0,30.472,-1.3333,0
-2.1225e-05,0.046149,-0.0093011,0,30.778,-1.3333,0
-2.119e-05,0.046284,-0.010191,0,31.083,-1.3333,0
-2.1247e-05,0.046245,-0.010746,0,31.389,-1.3333,0
-2.1493e-05,0.046125,-0.011072,0,31.694,-1.3333,0
-2.186e-05,0.045984,-0.011207,0,32,-1.3333,0
-2.2493e-05,0.04584,-0.011178,0,32.306,-1.3333,0
-2.3243e-05,0.045664,-0.011062,0,32.611,-1.3333,0
-2.4089e-05,0.045394,-0.010991,0,32.917,-1.3333,0
-2.5088e-05,0.044972,-0.011086,0,33.222,-1.3333,0
-2.6249e-05,0.044389,-0.011391,0,33.528,-1.3333,0
-2.7502e-05,0.043699,-0.011826,0,33.833,-1.3333,0
-2.9266e-05,0.043003,-0.012221,0,34.139,-1.3333,0
-3.1375e-05,0.042413,-0.012392,0,34.444,-1.3333,0
-3.2331e-05,0.042042,-0.012136,0,34.75,-1.3333,0
-3.2357e-05,0.042065,-0.011137,0,35.056,-1.3333,0
-3.3042e-05,0.042707,-0.0089677,0,35.361,-1.3333,0
-3.4111e-05,0.044045,-0.0055096,0,35.667,-1.3333,0
-3.4178e-05,0.045791,-0.0013693,0,35.972,-1.3333,0
-3.2892e-05,0.047432,0.0024145,0,36.278,-1.3333,0
-3.0757e-05,0.0486,0.0051362,0,36.583,-1.3333,0
-2.8088e-05,0.049255,0.0067551,0,36.889,-1.3333,0
-2.5156e-05,0.049539,0.0075868,0,37.194,-1.3333,0
-2.2224e-05,0.049607,0.007948,0,37.5,-1.3333,0
-1.9435e-05,0.049563,0.0080531,0,37.806,-1.3333,0
-1.7076e-05,0.049458,0.0080216,0,38.111,-1.3333,0
-1.5135e-05,0.049311,0.0079042,0,38.417,-1.3333,0
-1.3316e-05,0.049133,0.0077471,0,38.722,-1.3333,0
-1.1656e-05,0.048923,0.0076099,0,39.028,-1.3333,0
-1.0193e-05,0.04868,0.0075235,0,39.333,-1.3333,0
-8.9084e-06,0.04841,0.0074813,0,39.639,-1.3333,0
-7.777e-06,0.04813,0.0074468,0,39.944,-1.3333,0
-6.7802e-06,0.047858,0.0073732,0,40.25,-1.3333,0
-5.9145e-06,0.047606,0.0072307,0,40.556,-1.3333,0
-5.1518e-06,0.047371,0.0070255,0,40.861,-1.3333,0
-4.4963e-06,0.047135,0.006804,0,41.167,-1.3333,0
-3.9339e-06,0.046867,0.0066367,0,41.472,-1.3333,0
-3.4229e-06,0.046539,0.0065878,0,41.778,-1.3333,0
-3.0199e-06,0.046142,0.0066822,0,42.083,-1.3333,0
-2.5991e-06,0.04569,0.0068832,0,42.389,-1.3333,0
-2.2104e-06,0.045225,0.0070896,0,42.694,-1.3333,0
-1.8977e-06,0.044807,0.0071589,0,43,-1.3333,0
-1.362e-06,0.044505,0.0069226,0,43.306,-1.3333,0
-1.0668e-06,0.044417,0.0061217,0,43.611,-1.3333,0
-1.2519e-06,0.044669,0.0044625,0,43.917,-1.3333,0
-1.3978e-06,0.045275,0.0019355,0,44.222,-1.3333,0
-1.7936e-06,0.046046,-0.00099609,0,44.528,-1.3333,0
-2.4165e-06,0.046722,-0.0036633,0,44.833,-1.3333,0
-2.7898e-06,0.047164,-0.0056725,0,45.139,-1.3333,0
-2.95e-06,0.047382,-0.0070127,0,45.444,-1.3333,0
-2.9738e-06,0.047444,-0.0078257,0,45.75,-1.3333,0
-3.0057e-06,0.04742,-0.0082586,0,46.056,-1.3333,0
-3.0601e-06,0.047358,-0.0084316,0,46.361,-1.3333,0
-3.2594e-06,0.047271,-0.0084417,0,46.667,-1.3333,0
-3.638e-06,0.04715,-0.0083711,0,46.972,-1.3333,0
-3.9733e-06,0.046966,-0.0083125,0,47.278,-1.3333,0
-4.2636e-06,0.04669,-0.0083531,0,47.583,-1.3333,0
-4.6755e-06,0.046312,-0.0085297,0,47.889,-1.3333,0
-5.1697e-06,0.045855,-0.0088173,0,48.194,-1.3333,0
-5.702e-06,0.045369,-0.0091324,0,48.5,-1.3333,0
-6.4457e-06,0.044917,-0.0093601,0,48.806,-1.3333,0
-7.2925e-06,0.044564,-0.009389,0,49.111,-1.3333,0
-7.7432e-06,0.044377,-0.009089,0,49.417,-1.3333,0
-8.0254e-06,0.044469,-0.008233,0,49.722,-1.3333,0
-8.7153e-06,0.044968,-0.0065689,0,50.028,-1.3333,0
-9.3893e-06,0.045898,-0.0040684,0,50.333,-1.3333,0
-9.503e-06,0.047088,-0.0011109,0,50.639,-1.3333,0
-9.0903e-06,0.04825,0.0016771,0,50.944,-1.3333,0
-8.2912e-06,0.049154,0.0038203,0,51.25,-1.3333,0
-7.2225e-06,0.049744,0.005219,0,51.556,-1.3333,0
-6.0626e-06,0.050072,0.0060333,0,51.861,-1.3333,0
-4.8982e-06,0.050223,0.0064716,0,52.167,-1.3333,0
-3.8173e-06,0.050261,0.0066979,0,52.472,-1.3333,0
-2.8248e-06,0.050231,0.0068139,0,52.778,-1.3333,0
-1.9509e-06,0.050154,0.0068809,0,53.083,-1.3333,0
-1.1869e-06,0.050048,0.0069251,0,53.389,-1.3333,0
-5.2907e-07,0.049919,0.0069573,0,53.694,-1.3333,0
2.4406e-08,0.049777,0.0069725,0,54,-1.3333,0
4.8695e-07,0.04963,0.0069646,0,54.306,-1.3333,0
8.5352e-07,0.049487,0.0069264,0,54.611,-1.3333,0
1.1485e-06,0.049353,0.0068612,0,54.917,-1.3333,0
1.356e-06,0.049231,0.0067825,0,55.222,-1.3333,0
1.5196e-06,0.049115,0.0067147,0,55.528,-1.3333,0
1.6371e-06,0.048993,0.0066832,0,55.833,-1.3333,0
1.7548e-06,0.048854,0.006709,0,56.139,-1.3333,0
1.8054e-06,0.048685,0.0067983,0,56.444,-1.3333,0
1.911e-06,0.048485,0.0069344,0,56.75,-1.3333,0
1.9439e-06,0.048256,0.0070722,0,57.056,-1.3333,0
2.0515e-06,0.04802,0.0071427,0,57.361,-1.3333,0
2.1769e-06,0.047792,0.0070552,0,57.667,-1.3333,0
2.3479e-06,0.047612,0.0066622,0,57.972,-1.3333,0
2.3153e-06,0.047519,0.0057306,0,58.278,-1.3333,0
2.1597e-06,0.047572,0.0040636,0,58.583,-1.3333,0
2.1304e-06,0.047775,0.0016995,0,58.889,-1.3333,0
2.1033e-06,0.048088,-0.0010127,0,59.194,-1.3333,0
1.7982e-06,0.048387,-0.003535,0,59.5,-1.3333,0
1.6189e-06,0.048606,-0.0055185,0,59.806,-1.3333,0
1.4367e-06,0.048699,-0.006916,0,60.111,-1.3333,0
1.18e-06,0.048698,-0.0078134,0,60.417,-1.3333,0
1.1199e-06,0.048615,-0.0083372,0,60.722,-1.3333,0
9.2937e-07,0.048485,-0.0086062,0,61.028,-1.3333,0
8.4126e-07,0.048317,-0.0087263,0,61.333,-1.3333,0
9.1402e-07,0.04813,-0.0087579,0,61.639,-1.3333,0
8.3363e-07,0.047927,-0.008742,0,61.944,-1.3333,0
4.9446e-07,0.047713,-0.0086878,0,62.25,-1.3333,0
4.1405e-07,0.047485,-0.0086426,0,62.556,-1.3333,0
-4.197e-07,0.04723,-0.0086122,0,62.861,-1.3333,0
-5.6331e-07,0.046954,-0.0086375,0,63.167,-1.3333,0
-1.9189e-06,0.046625,-0.0087048,0,63.472,-1.3333,0
-2.203e-06,0.046265,-0.0088875,0,63.778,-1.3333,0
-3.95e-06,0.045812,-0.0091399,0,64.083,-1.3333,0
-4.8715e-06,0.04538,-0.0094045,0,64.389,-1.3333,0
-5.9717e-06,0.044895,-0.0095352,0,64.694,-1.3333,0
0,0.044599,-0.0094854,0,65,-1.3333,0
-0.00011606,0.041336,0.021048,0,10.306,-0.66667,0
-0.00010413,0.040764,0.020098,0,10.611,-0.66667,0
-9.5742e-05,0.040063,0.019225,0,10.917,-0.66667,0
-9.0197e-05,0.039325,0.018335,0,11.222,-0.66667,0
-8.6001e-05,0.038555,0.017394,0,11.528,-0.66667,0
-8.3884e-05,0.037755,0.016495,0,11.833,-0.66667,0
-8.2098e-05,0.03684,0.015774,0,12.139,-0.66667,0
-8.0462e-05,0.035816,0.015246,0,12.444,-0.66667,0
-7.895e-05,0.034748,0.014738,0,12.75,-0.66667,0
-7.8496e-05,0.033733,0.014033,0,13.056,-0.66667,0
-7.5052e-05,0.032755,0.013145,0,13.361,-0.66667,0
-7.305e-05,0.031604,0.012428,0,13.667,-0.66667,0
-7.09e-05,0.030319,0.012047,0,13.972,-0.66667,0
-6.4312e-05,0.029353,0.011504,0,14.278,-0.66667,0
-6.2978e-05,0.029653,0.0092019,0,14.583,-0.66667,0
-6.3022e-05,0.031931,0.0039476,0,14.889,-0.66667,0
-6.4744e-05,0.03561,-0.0031294,0,15.194,-0.66667,0
-6.5711e-05,0.039298,-0.0095,0,15.5,-0.66667,0
-6.0569e-05,0.04194,-0.013377,0,15.806,-0.66667,0
-5.723e-05,0.043353,-0.015024,0,16.111,-0.66667,0
-5.5402e-05,0.043924,-0.015551,0,16.417,-0.66667,0
-5.3701e-05,0.044065,-0.015573,0,16.722,-0.66667,0
-5.373e-05,0.043955,-0.015397,0,17.028,-0.66667,0
-5.5206e-05,0.043654,-0.015218,0,17.333,-0.66667,0
-5.7217e-05,0.043194,-0.015141,0,17.639,-0.66667,0
-5.9408e-05,0.042633,-0.015159,0,17.944,-0.66667,0
-6.2377e-05,0.042067,-0.015131,0,18.25,-0.66667,0
-6.5605e-05,0.041551,-0.014964,0,18.556,-0.66667,0
-6.8835e-05,0.041025,-0.01473,0,18.861,-0.66667,0
-7.2652e-05,0.040359,-0.014672,1.5016e-37,19.167,-0.66667,0
-7.6573e-05,0.039463,-0.014959,1.5016e-37,19.472,-0.66667,0
-8.1349e-05,0.038381,-0.015466,0,19.778,-0.66667,0
-8.6148e-05,0.037308,-0.015852,0,20.083,-0.66667,0
-8.7124e-05,0.036547,-0.015681,0,20.389,-0.66667,0
-8.5579e-05,0.036564,-0.01425,0,20.694,-0.66667,0
-8.6877e-05,0.037927,-0.010516,0,21,-0.66667,0
-9.0229e-05,0.040671,-0.0043872,0,21.306,-0.66667,0
-8.9786e-05,0.043887,0.0023143,0,21.611,-0.66667,0
-8.4656e-05,0.046464,0.0073849,0,21.917,-0.66667,0
-7.7706e-05,0.047976,0.01015,0,22.222,-0.66667,0
-7.0833e-05,0.048651,0.011316,0,22.528,-0.66667,0
-6.4431e-05,0.048855,0.011728,0,22.833,-0.66667,0
-5.8539e-05,0.048811,0.011804,0,23.139,-0.66667,0
-5.3017e-05,0.048612,0.011729,0,23.444,-0.66667,0
-4.8246e-05,0.048318,0.011612,0,23.75,-0.66667,0
-4.466e-05,0.04799,0.011446,0,24.056,-0.66667,0
-4.1601e-05,0.047673,0.011205,0,24.361,-0.66667,0
-3.8962e-05,0.047364,0.01093,0,24.667,-0.66667,0
-3.6719e-05,0.047013,0.010719,0,24.972,-0.66667,0
-3.4877e-05,0.046579,0.010638,0,25.278,-0.66667,0
-3.3385e-05,0.046076,0.010651,0,25.583,-0.66667,0
-3.2181e-05,0.045566,0.010634,0,25.889,-0.66667,0
-3.1235e-05,0.045111,0.010464,0,26.194,-0.66667,0
-3.0507e-05,0.044718,0.010124,0,26.5,-0.66667,0
-2.9866e-05,0.044321,0.0097413,0,26.806,-0.66667,0
-2.9407e-05,0.043815,0.0095099,0,27.111,-0.66667,0
-2.9099e-05,0.043139,0.0095612,-4.5773e-38,27.417,-0.66667,0
-2.8773e-05,0.04232,0.0098473,-4.5773e-38,27.722,-0.66667,0
-2.8803e-05,0.041478,0.010135,0,28.028,-0.66667,0
-2.889e-05,0.040787,0.01011,0,28.333,-0.66667,0
-2.8296e-05,0.040466,0.009354,0,28.639,-0.66667,0
-2.7914e-05,0.040812,0.0072662,0,28.944,-0.66667,0
-2.8216e-05,0.041975,0.0035641,4.8308e-38,29.25,-0.66667,0
-2.8573e-05,0.043622,-0.00097676,4.8308e-38,29.556,-0.66667,0
-2.8613e-05,0.045144,-0.0049581,0,29.861,-0.66667,0
-2.7977e-05,0.0462,-0.0076057,-3.6064e-38,30.167,-0.66667,0
-2.6981e-05,0.046798,-0.0090576,-3.6064e-38,30.472,-0.66667,0
-2.5878e-05,0.047066,-0.0097777,-3.0643e-38,30.778,-0.66667,0
-2.4722e-05,0.047107,-0.010155,-3.0643e-38,31.083,-0.66667,0
-2.3817e-05,0.046987,-0.010408,0,31.389,-0.66667,0
-2.3063e-05,0.046759,-0.010614,2.5597e-38,31.694,-0.66667,0
-2.2532e-05,0.046483,-0.010759,2.5597e-38,32,-0.66667,0
-2.2262e-05,0.046214,-0.010785,0,32.306,-0.66667,0
-2.213e-05,0.045977,-0.010662,0,32.611,-0.66667,0
-2.22e-05,0.045753,-0.010434,0,32.917,-0.66667,0
-2.2385e-05,0.045481,-0.010217,0,33.222,-0.66667,0
-2.2719e-05,0.045089,-0.010144,2.2226e-38,33.528,-0.66667,0
-2.3295e-05,0.044542,-0.010292,2.2226e-38,33.833,-0.66667,0
-2.3954e-05,0.043868,-0.010626,0,34.139,-0.66667,0
-2.4862e-05,0.043151,-0.010999,0,34.444,-0.66667,0
-2.5999e-05,0.042506,-0.011209,0,34.75,-0.66667,0
-2.6421e-05,0.04206,-0.011033,0,35.056,-0.66667,0
-2.6142e-05,0.041977,-0.010171,0,35.361,-0.66667,0
-2.6241e-05,0.042469,-0.0082173,0,35.667,-0.66667,0
-2.6726e-05,0.043625,-0.0050036,0,35.972,-0.66667,0
-2.6649e-05,0.045192,-0.001047,0,36.278,-0.66667,0
-2.5712e-05,0.046686,0.0026441,0,36.583,-0.66667,0
-2.4189e-05,0.047762,0.0053292,2.094e-38,36.889,-0.66667,0
-2.2269e-05,0.048382,0.0069292,2.094e-38,37.194,-0.66667,0
-2.0207e-05,0.048673,0.0077409,0,37.5,-0.66667,0
-1.8305e-05,0.048767,0.0080874,0,37.806,-0.66667,0
-1.6526e-05,0.048752,0.0081972,0,38.111,-0.66667,0
-1.4876e-05,0.048667,0.0081886,0,38.417,-0.66667,0
-1.339e-05,0.048519,0.0081332,0,38.722,-0.66667,0
-1.1993e-05,0.048313,0.0080936,0,39.028,-0.66667,0
-1.0782e-05,0.048063,0.0080871,0,39.333,-0.66667,0
-9.7605e-06,0.04779,0.0080859,0,39.639,-0.66667,0
-8.8935e-06,0.047522,0.0080438,0,39.944,-0.66667,0
-8.165e-06,0.047277,0.0079275,0,40.25,-0.66667,0
-7.5543e-06,0.047055,0.0077416,0,40.556,-0.66667,0
-7.0509e-06,0.046834,0.007534,0,40.861,-0.66667,0
-6.6498e-06,0.046577,0.0073794,0,41.167,-0.66667,0
-6.3226e-06,0.046252,0.0073474,0,41.472,-0.66667,0
-6.083e-06,0.045842,0.0074664,0,41.778,-0.66667,0
-5.9081e-06,0.045363,0.0077009,0,42.083,-0.66667,0
-5.7448e-06,0.044864,0.0079479,0,42.389,-0.66667,0
-5.6346e-06,0.044409,0.0080638,0,42.694,-0.66667,0
-5.4642e-06,0.044073,0.0078841,0,43,-0.66667,0
-4.9494e-06,0.043959,0.0071649,0,43.306,-0.66667,0
-4.6148e-06,0.044206,0.0056055,0,43.611,-0.66667,0
-4.8067e-06,0.044869,0.0031139,0,43.917,-0.66667,0
-5.0539e-06,0.045801,8.7097e-05,0,44.222,-0.66667,0
-5.3368e-06,0.046714,-0.0027552,0,44.528,-0.66667,0
-5.5056e-06,0.04739,-0.0049121,0,44.833,-0.66667,0
-5.3699e-06,0.047778,-0.0063355,0,45.139,-0.66667,0
-5.0362e-06,0.047926,-0.0072153,0,45.444,-0.66667,0
-4.6187e-06,0.047908,-0.0077461,0,45.75,-0.66667,0
-4.21e-06,0.047794,-0.0080499,0,46.056,-0.66667,0
-3.7881e-06,0.047641,-0.0081875,0,46.361,-0.66667,0
-3.5355e-06,0.047485,-0.0081886,0,46.667,-0.66667,0
-3.442e-06,0.047337,-0.0080815,0,46.972,-0.66667,0
-3.3804e-06,0.047186,-0.007919,0,47.278,-0.66667,0
-3.3819e-06,0.047001,-0.0077788,0,47.583,-0.66667,0
-3.4367e-06,0.046745,-0.0077356,0,47.889,-0.66667,0
-3.5724e-06,0.046395,-0.0078326,0,48.194,-0.66667,0
-3.8242e-06,0.045959,-0.0080589,0,48.5,-0.66667,0
-4.0923e-06,0.045479,-0.0083439,0,48.806,-0.66667,0
-4.5369e-06,0.045013,-0.0085725,0,49.111,-0.66667,0
-5.155e-06,0.044631,-0.0086232,0,49.417,-0.66667,0
-5.3063e-06,0.044405,-0.0083534,0,49.722,-0.66667,0
-5.2766e-06,0.044443,-0.0075493,0,50.028,-0.66667,0
-5.6035e-06,0.044867,-0.0059695,0,50.333,-0.66667,0
-5.9203e-06,0.045704,-0.0035861,0,50.639,-0.66667,0
-5.889e-06,0.046795,-0.0007611,0,50.944,-0.66667,0
-5.5664e-06,0.047863,0.0019047,0,51.25,-0.66667,0
-5.0399e-06,0.048698,0.0039592,0,51.556,-0.66667,0
-4.3672e-06,0.049244,0.0053162,0,51.861,-0.66667,0
-3.6099e-06,0.049554,0.0061287,0,52.167,-0.66667,0
-2.8732e-06,0.049698,0.0065941,0,52.472,-0.66667,0
-2.1706e-06,0.049735,0.0068636,0,52.778,-0.66667,0
-1.538e-06,0.0497,0.0070327,0,53.083,-0.66667,0
-9.9512e-07,0.049624,0.0071467,0,53.389,-0.66667,0
-5.4366e-07,0.049521,0.0072214,0,53.694,-0.66667,0
-1.8074e-07,0.049413,0.0072523,0,54,-0.66667,0
9.9772e-08,0.049305,0.0072372,0,54.306,-0.66667,0
2.9651e-07,0.049208,0.0071766,0,54.611,-0.66667,0
4.4517e-07,0.049117,0.0070895,0,54.917,-0.66667,0
4.9704e-07,0.049024,0.0070057,0,55.222,-0.66667,0
4.9491e-07,0.048912,0.0069641,0,55.528,-0.66667,0
4.6388e-07,0.048768,0.0069915,0,55.833,-0.66667,0
4.2709e-07,0.04858,0.0071009,0,56.139,-0.66667,0
3.2818e-07,0.04835,0.0072784,0,56.444,-0.66667,0
2.3021e-07,0.048091,0.0074797,0,56.75,-0.66667,0
6.9166e-08,0.047825,0.0076355,5.6108e-39,57.056,-0.66667,0
-3.565e-09,0.047582,0.0076662,5.6108e-39,57.361,-0.66667,0
-1.0103e-07,0.047383,0.0074659,-5.4827e-39,57.667,-0.66667,0
-2.2678e-07,0.047286,0.0068559,-5.4827e-39,57.972,-0.66667,0
-4.7947e-07,0.04734,0.0056085,-1.0836e-38,58.278,-0.66667,0
-8.7545e-07,0.047582,0.0036043,-1.0836e-38,58.583,-0.66667,0
-1.2422e-06,0.047961,0.00098783,1.2583e-38,58.889,-0.66667,0
-1.4287e-06,0.048384,-0.001771,1.2583e-38,59.194,-0.66667,0
-1.7152e-06,0.048722,-0.0041392,0,59.5,-0.66667,0
-1.6106e-06,0.048942,-0.0058788,0,59.806,-0.66667,0
-1.4737e-06,0.04903,-0.0070277,0,60.111,-0.66667,0
-1.4021e-06,0.049029,-0.0077296,0,60.417,-0.66667,0
-1.0946e-06,0.048956,-0.0081179,0,60.722,-0.66667,0
-1.0113e-06,0.04884,-0.0082984,0,61.028,-0.66667,0
-9.9461e-07,0.048694,-0.0083566,0,61.333,-0.66667,0
-7.3308e-07,0.048522,-0.0083462,0,61.639,-0.66667,0
-5.5622e-07,0.048332,-0.0082972,0,61.944,-0.66667,0
-9.9181e-07,0.048123,-0.0082155,5.521e-39,62.25,-0.66667,0
-9.2794e-07,0.047912,-0.0081372,5.521e-39,62.556,-0.66667,0
-1.7572e-06,0.047675,-0.0080616,0,62.861,-0.66667,0
-1.9535e-06,0.047441,-0.0080325,0,63.167,-0.66667,0
-3.0866e-06,0.047163,-0.0080182,0,63.472,-0.66667,0
-3.7012e-06,0.046875,-0.0080871,0,63.778,-0.66667,0
-5.0441e-06,0.0465,-0.0082446,0,64.083,-0.66667,0
-6.3403e-06,0.046128,-0.0084588,0,64.389,-0.66667,0
-7.4291e-06,0.045671,-0.0086286,0,64.694,-0.66667,0
0,0.04535,-0.0086372,0,65,-0.66667,0
-5.6963e-05,0.038034,0.021537,0,10.306,0,0
-5.7952e-05,0.038023,0.02088,0,10.611,0,0
-5.951e-05,0.037818,0.020185,0,10.917,0,0
-6.594e-05,0.03742,0.019574,0,11.222,0,0
-7.188e-05,0.036802,0.019043,0,11.528,0,0
-7.833e-05,0.035962,0.018627,0,11.833,0,0
-8.3997e-05,0.034998,0.018184,0,12.139,0,0
-9.0365e-05,0.033959,0.017574,0,12.444,0,0
-9.4679e-05,0.03289,0.01685,0,12.75,0,0
-9.8813e-05,0.031651,0.016255,0,13.056,0,0
-0.00010474,0.030222,0.015975,0,13.361,0,0
-0.00010425,0.028885,0.015787,0,13.667,0,0
-0.00010175,0.02848,0.014494,0,13.972,0,0
-0.00010226,0.03014,0.010096,0,14.278,0,0
-0.00010137,0.033862,0.0024253,0,14.583,0,0
-9.8574e-05,0.038332,-0.0059551,0,14.889,0,0
-9.1483e-05,0.042003,-0.012037,0,15.194,0,0
-8.2673e-05,0.044152,-0.014938,0,15.5,0,0
-7.574e-05,0.045084,-0.015849,0,15.806,0,0
-6.9027e-05,0.045356,-0.015866,0,16.111,0,0
-6.4043e-05,0.045278,-0.01559,0,16.417,0,0
-6.0652e-05,0.045023,-0.015253,0,16.722,0,0
-5.8541e-05,0.044714,-0.014833,0,17.028,0,0
-5.7064e-05,0.044385,-0.014372,0,17.333,0,0
-5.6162e-05,0.044008,-0.013969,0,17.639,0,0
-5.6032e-05,0.043524,-0.013747,0,17.944,0,0
-5.6432e-05,0.042923,-0.013725,0,18.25,0,0
-5.7473e-05,0.042272,-0.013767,0,18.556,0,0
-5.8748e-05,0.041671,-0.013683,0,18.861,0,0
-5.9979e-05,0.041131,-0.013416,1.1295e-39,19.167,0,0
-6.1541e-05,0.040537,-0.013132,1.1295e-39,19.472,-2.9606e-16,0
-6.2927e-05,0.039751,-0.013073,0,19.778,0,0
-6.4443e-05,0.038725,-0.013313,0,20.083,0,0
-6.6041e-05,0.037592,-0.013645,0,20.389,0,0
-6.7053e-05,0.036621,-0.013653,0,20.694,0,0
-6.6993e-05,0.036245,-0.0127,0,21,0,0
-6.7054e-05,0.037035,-0.0098153,0,21.306,0,0
-6.7657e-05,0.039194,-0.0046138,0,21.611,-1.4803e-16,0
-6.6681e-05,0.042067,0.0015885,0,21.917,0,0
-6.3781e-05,0.044559,0.0067054,0,22.222,0,0
-5.9878e-05,0.046093,0.0097973,0,22.528,0,0
-5.5152e-05,0.046817,0.011287,0,22.833,0,0
-5.0623e-05,0.047074,0.011889,0,23.139,0,0
-4.6448e-05,0.04711,0.012063,0,23.444,0,0
-4.283e-05,0.047043,0.012045,0,23.75,0,0
-4.1058e-05,0.046919,0.011912,0,24.056,0,0
-3.9793e-05,0.04674,0.011722,0,24.361,0,0
-3.8298e-05,0.046471,0.011601,0,24.667,0,0
-3.7043e-05,0.046101,0.011614,0,24.972,0,0
-3.6133e-05,0.045667,0.011694,0,25.278,0,0
-3.5572e-05,0.045239,0.0117,0,25.583,0,0
-3.5328e-05,0.044862,0.011536,0,25.889,0,0
-3.5315e-05,0.044515,0.011232,0,26.194,0,0
-3.5422e-05,0.044112,0.010943,0,26.5,0,0
-3.5805e-05,0.043553,0.010857,0,26.806,0,0
-3.6219e-05,0.042805,0.011056,0,27.111,0,0
-3.6764e-05,0.04193,0.011437,3.93e-40,27.417,0,0
-3.756e-05,0.041072,0.011741,3.93e-40,27.722,1.4803e-16,0
-3.7874e-05,0.040416,0.011657,0,28.028,1.4803e-16,0
-3.7311e-05,0.040198,0.010767,0,28.333,1.4803e-16,0
-3.6991e-05,0.040739,0.0084691,0,28.639,0,0
-3.7515e-05,0.042176,0.0045016,0,28.944,0,0
-3.7667e-05,0.044111,-0.000324,3.7565e-39,29.25,0,0
-3.696e-05,0.045846,-0.0045751,3.7565e-39,29.556,-1.4803e-16,0
-3.5436e-05,0.046987,-0.0074293,0,29.861,-1.4803e-16,0
-3.3244e-05,0.047578,-0.0089916,-9.0875e-40,30.167,-1.4803e-16,0
-3.1016e-05,0.047819,-0.0097112,-9.0875e-40,30.472,0,0
-2.881e-05,0.04787,-0.0099741,3.6308e-39,30.778,0,0
-2.6795e-05,0.047811,-0.010019,3.6308e-39,31.083,1.4803e-16,0
-2.5132e-05,0.04766,-0.0099853,0,31.389,1.4803e-16,0
-2.3606e-05,0.047416,-0.0099722,1.195e-40,31.694,1.4803e-16,0
-2.2337e-05,0.047092,-0.010017,1.195e-40,32,0,0
-2.1327e-05,0.046727,-0.010074,0,32.306,0,0
-2.0533e-05,0.046372,-0.010056,0,32.611,0,0
-1.9926e-05,0.046063,-0.0099061,0,32.917,-1.4803e-16,0
-1.9491e-05,0.045794,-0.0096366,0,33.222,-1.4803e-16,0
-1.9188e-05,0.045516,-0.0093433,7.2755e-42,33.528,-1.4803e-16,0
-1.8984e-05,0.045159,-0.0091595,7.2755e-42,33.833,0,0
-1.8993e-05,0.04467,-0.0091859,0,34.139,0,0
-1.9111e-05,0.044049,-0.0094248,0,34.444,0,0
-1.9324e-05,0.043362,-0.0097557,0,34.75,0,0
-1.9748e-05,0.042713,-0.0099761,0,35.056,0,0
-1.9843e-05,0.042232,-0.0098598,0,35.361,0,0
-1.9243e-05,0.042075,-0.0091093,0,35.667,0,0
-1.8834e-05,0.042444,-0.007309,0,35.972,0,0
-1.8915e-05,0.04344,-0.0042619,0,36.278,-1.4803e-16,0
-1.8795e-05,0.044842,-0.00047042,0,36.583,-1.4803e-16,0
-1.8388e-05,0.046203,0.0030573,-9.9572e-40,36.889,-1.4803e-16,0
-1.7665e-05,0.047202,0.0056014,-9.9572e-40,37.194,0,0
-1.6653e-05,0.047796,0.0071072,0,37.5,0,0
-1.5654e-05,0.048083,0.0078805,0,37.806,0,0
-1.4577e-05,0.04817,0.0082421,0,38.111,0,0
-1.3454e-05,0.048122,0.008414,0,38.417,0,0
-1.247e-05,0.047973,0.0085193,0,38.722,0,0
-1.1582e-05,0.047754,0.0086058,0,39.028,0,0
-1.0829e-05,0.047501,0.0086657,0,39.333,0,0
-1.0234e-05,0.04725,0.0086609,0,39.639,0,0
-9.7728e-06,0.047023,0.0085652,0,39.944,0,0
-9.4127e-06,0.046821,0.0083917,0,40.25,0,0
-9.164e-06,0.046616,0.0081982,0,40.556,0,0
-9.0224e-06,0.046369,0.0080681,0,40.861,0,0
-8.9561e-06,0.046042,0.0080741,0,41.167,0,0
-9.0339e-06,0.04562,0.0082416,0,41.472,0,0
-9.1916e-06,0.045124,0.0085257,0,41.778,0,0
-9.3821e-06,0.044609,0.0088148,0,42.083,0,0
-9.7278e-06,0.044144,0.0089635,0,42.389,0,0
-9.9071e-06,0.043806,0.0088157,0,42.694,0,0
-9.6596e-06,0.043696,0.0081438,0,43,0,0
-9.6484e-06,0.043955,0.0066318,0,43.306,0,0
-9.8421e-06,0.044662,0.0041332,0,43.611,0,0
-9.7061e-06,0.045691,0.00098087,0,43.917,0,0
-9.482e-06,0.046746,-0.0020927,0,44.222,0,0
-9.1174e-06,0.047575,-0.0044637,0,44.528,0,0
-8.4392e-06,0.048103,-0.0059842,0,44.833,0,0
-7.6961e-06,0.048375,-0.0068431,0,45.139,0,0
-6.8679e-06,0.048458,-0.0072957,0,45.444,0,0
-5.9246e-06,0.048409,-0.0075365,0,45.75,0,0
-5.0737e-06,0.048269,-0.0076764,0,46.056,0,0
-4.3158e-06,0.048074,-0.0077578,0,46.361,0,0
-3.7042e-06,0.04786,-0.0077782,0,46.667,0,0
-3.2369e-06,0.047659,-0.0077201,0,46.972,7.4015e-17,0
-2.8638e-06,0.047482,-0.0075806,0,47.278,7.4015e-17,0
-2.5644e-06,0.04732,-0.0073897,0,47.583,7.4015e-17,0
-2.3553e-06,0.047142,-0.007207,0,47.889,7.4015e-17,0
-2.215e-06,0.046907,-0.0071039,0,48.194,7.4015e-17,0
-2.1542e-06,0.046586,-0.007132,0,48.5,7.4015e-17,0
-2.212e-06,0.046176,-0.0072966,0,48.806,0,0
-2.3148e-06,0.045707,-0.0075413,0,49.111,0,0
-2.5525e-06,0.045237,-0.0077589,0,49.417,0,0
-2.8554e-06,0.044834,-0.0078211,0,49.722,0,0
-2.8518e-06,0.044579,-0.00758,0,50.028,0,0
-2.6259e-06,0.044576,-0.0068207,0,50.333,0,0
-2.5478e-06,0.044945,-0.0053153,0,50.639,0,0
-2.5171e-06,0.045713,-0.003034,0,50.944,0,0
-2.3629e-06,0.046727,-0.00033312,0,51.25,0,0
-2.1585e-06,0.04772,0.0022064,0,51.556,0,0
-1.9689e-06,0.048488,0.0041664,0,51.861,0,0
-1.6928e-06,0.048985,0.0054823,0,52.167,0,0
-1.3782e-06,0.049255,0.0063039,0,52.472,0,0
-1.0362e-06,0.049369,0.0068083,0,52.778,0,0
-7.1567e-07,0.049382,0.0071228,0,53.083,0,0
-4.4649e-07,0.049342,0.0073148,0,53.389,0,0
-2.5149e-07,0.049276,0.007417,0,53.694,0,0
-1.33e-07,0.049206,0.0074443,0,54,-7.4015e-17,0
-7.5516e-08,0.049136,0.0074113,0,54.306,-7.4015e-17,0
-7.801e-08,0.049068,0.0073375,0,54.611,-7.4015e-17,0
-1.2857e-07,0.048989,0.0072634,0,54.917,-7.4015e-17,0
-2.4484e-07,0.048887,0.007229,0,55.222,-7.4015e-17,0
-4.3191e-07,0.048743,0.0072733,0,55.528,-7.4015e-17,0
-6.9546e-07,0.04855,0.0074071,0,55.833,3.7007e-17,0
-9.642e-07,0.048309,0.0076192,0,56.139,3.7007e-17,0
-1.3576e-06,0.048037,0.0078654,0,56.444,3.7007e-17,0
-1.6999e-06,0.047761,0.0080798,0,56.75,3.7007e-17,0
-2.1423e-06,0.047505,0.0081842,-4.009e-40,57.056,3.7007e-17,0
-2.6121e-06,0.0473,0.0081054,-4.009e-40,57.361,-1.4803e-16,0
-2.6901e-06,0.047173,0.0077015,-2.9503e-40,57.667,1.4803e-16,0
-3.1203e-06,0.047192,0.0067568,-2.9503e-40,57.972,-1.4803e-16,0
-4.1684e-06,0.047408,0.0050826,2.9848e-40,58.278,1.4803e-16,0
-4.6608e-06,0.047837,0.0027085,2.9848e-40,58.583,-1.4803e-16,0
-4.9597e-06,0.048382,-5.0881e-05,2.7355e-40,58.889,1.4803e-16,0
-5.1337e-06,0.048901,-0.0026759,2.7355e-40,59.194,-3.7007e-17,0
-5.133e-06,0.049267,-0.0047491,0,59.5,-3.7007e-17,0
-4.717e-06,0.049476,-0.0061902,0,59.806,-3.7007e-17,0
-4.1471e-06,0.049546,-0.0071079,0,60.111,-3.7007e-17,0
-3.5644e-06,0.049531,-0.0076516,0,60.417,-3.7007e-17,0
-2.9634e-06,0.049454,-0.0079259,0,60.722,7.4015e-17,0
-2.5449e-06,0.049339,-0.0080327,0,61.028,7.4015e-17,0
-2.2603e-06,0.049201,-0.0080294,0,61.333,7.4015e-17,0
-2.073e-06,0.049034,-0.0079674,0,61.639,7.4015e-17,0
-1.7207e-06,0.04885,-0.0078751,0,61.944,7.4015e-17,0
-2.0961e-06,0.048635,-0.0077671,3.415e-41,62.25,7.4015e-17,0
-2.0211e-06,0.048422,-0.0076722,3.415e-41,62.556,-1.1102e-16,0
-2.6558e-06,0.048183,-0.0075773,0,62.861,-1.1102e-16,0
-2.943e-06,0.047954,-0.0075269,0,63.167,-1.1102e-16,0
-3.7842e-06,0.047699,-0.0074661,0,63.472,-1.1102e-16,0
-4.5805e-06,0.047456,-0.0074449,0,63.778,-1.1102e-16,0
-5.6601e-06,0.047144,-0.0075084,0,64.083,-1.1102e-16,0
-6.8484e-06,0.046832,-0.0076322,0,64.389,0,0
-8.264e-06,0.046427,-0.0077621,0,64.694,0,0
0,0.046115,-0.0077905,0,65,0,0
1.5343e-06,0.034644,0.020503,0,10.306,0.66667,0
-1.3006e-05,0.035499,0.020574,0,10.611,0.66667,0
-2.4671e-05,0.035767,0.020519,0,10.917,0.66667,0
-4.2438e-05,0.035569,0.020575,0,11.222,0.66667,0
-6.0155e-05,0.035115,0.020569,0,11.528,0.66667,0
-7.8685e-05,0.034354,0.020437,0,11.833,0.66667,0
-9.611e-05,0.033491,0.020127,0,12.139,0.66667,0
-0.00010958,0.032366,0.019853,0,12.444,0.66667,0
-0.00012633,0.031033,0.019766,0,12.75,0.66667,0
-0.00013727,0.0296,0.019764,0,13.056,0.66667,0
-0.00013993,0.028719,0.019221,0,13.361,0.66667,0
-0.00014495,0.029563,0.016258,0,13.667,0.66667,0
-0.00015168,0.032838,0.0093093,0,13.972,0.66667,0
-0.00015499,0.037819,-0.00020841,0,14.278,0.66667,0
-0.00014651,0.042628,-0.0087333,0,14.583,0.66667,0
-0.0001281,0.0458,-0.013805,0,14.889,0.66667,0
-0.00011315,0.047242,-0.015818,0,15.194,0.66667,0
-9.8674e-05,0.047636,-0.016255,0,15.5,0.66667,0
-8.625e-05,0.047531,-0.016004,0,15.806,0.66667,0
-7.7312e-05,0.047232,-0.015451,0,16.111,0.66667,0
-6.9852e-05,0.04686,-0.014829,0,16.417,0.66667,0
-6.4002e-05,0.046429,-0.014345,0,16.722,0.66667,0
-5.9428e-05,0.045966,-0.014001,0,17.028,0.66667,0
-5.5894e-05,0.045511,-0.013676,0,17.333,0.66667,0
-5.3224e-05,0.045094,-0.013264,0,17.639,0.66667,0
-5.1303e-05,0.044695,-0.012789,0,17.944,0.66667,0
-4.9964e-05,0.044242,-0.012402,0,18.25,0.66667,0
-4.9032e-05,0.043675,-0.012233,0,18.556,0.66667,0
-4.8391e-05,0.043007,-0.012235,0,18.861,0.66667,0
-4.8009e-05,0.042332,-0.0122,-1.4903e-37,19.167,0.66667,0
-4.7676e-05,0.041722,-0.011946,-1.4903e-37,19.472,0.66667,0
-4.7607e-05,0.041133,-0.011512,0,19.778,0.66667,0
-4.7765e-05,0.040431,-0.011153,0,20.083,0.66667,0
-4.7652e-05,0.039506,-0.011097,0,20.389,0.66667,0
-4.8326e-05,0.038391,-0.011297,0,20.694,0.66667,0
-4.9765e-05,0.037308,-0.011406,0,21,0.66667,0
-4.8863e-05,0.03665,-0.010829,0,21.306,0.66667,0
-4.629e-05,0.03694,-0.008669,0,21.611,0.66667,0
-4.5293e-05,0.038498,-0.0043133,0,21.917,0.66667,0
-4.5154e-05,0.040898,0.0013661,0,22.222,0.66667,0
-4.4202e-05,0.043162,0.0063904,0,22.528,0.66667,0
-4.2342e-05,0.044677,0.0095875,0,22.833,0.66667,0
-4.0412e-05,0.045478,0.011164,0,23.139,0.66667,0
-3.8799e-05,0.045838,0.011796,0,23.444,0.66667,0
-3.7133e-05,0.045955,0.012019,0,23.75,0.66667,0
-3.6333e-05,0.045922,0.012107,0,24.056,0.66667,0
-3.6267e-05,0.045757,0.012185,0,24.361,0.66667,0
-3.6234e-05,0.045476,0.012323,0,24.667,0.66667,0
-3.6415e-05,0.045148,0.012472,0,24.972,0.66667,0
-3.6813e-05,0.044839,0.012518,0,25.278,0.66667,0
-3.7575e-05,0.044567,0.012407,0,25.583,0.66667,0
-3.8491e-05,0.044279,0.012213,0,25.889,0.66667,0
-3.9647e-05,0.043875,0.012101,0,26.194,0.66667,0
-4.1131e-05,0.043276,0.012223,0,26.5,0.66667,0
-4.2704e-05,0.042491,0.012594,0,26.806,0.66667,0
-4.4705e-05,0.04162,0.013051,0,27.111,0.66667,0
-4.688e-05,0.04082,0.013334,4.6166e-38,27.417,0.66667,0
-4.7554e-05,0.040262,0.013147,4.6166e-38,27.722,0.66667,0
-4.7177e-05,0.04019,0.012049,0,28.028,0.66667,0
-4.7797e-05,0.040942,0.0094046,0,28.333,0.66667,0
-4.8878e-05,0.042638,0.0050309,0,28.639,0.66667,0
-4.8611e-05,0.044827,-9.1449e-05,0,28.944,0.66667,0
-4.6676e-05,0.046768,-0.0044442,-4.4551e-38,29.25,0.66667,0
-4.3813e-05,0.048029,-0.0072538,-4.4551e-38,29.556,0.66667,0
-4.0581e-05,0.04865,-0.0087363,0,29.861,0.66667,0
-3.7134e-05,0.048856,-0.0094213,3.5156e-38,30.167,0.66667,0
-3.3641e-05,0.048841,-0.009694,3.5156e-38,30.472,0.66667,0
-3.0459e-05,0.04872,-0.0097599,3.4274e-38,30.778,0.66667,0
-2.7749e-05,0.048553,-0.0096977,3.4274e-38,31.083,0.66667,0
-2.5329e-05,0.048359,-0.0095455,0,31.389,0.66667,0
-2.3187e-05,0.048127,-0.0093747,-2.5478e-38,31.694,0.66667,0
-2.136e-05,0.047834,-0.0092556,-2.5478e-38,32,0.66667,0
-1.9792e-05,0.047471,-0.0092137,0,32.306,0.66667,0
-1.846e-05,0.047063,-0.0092127,0,32.611,0.66667,0
-1.7353e-05,0.046657,-0.0091734,0,32.917,0.66667,0
-1.6423e-05,0.046297,-0.0090254,0,33.222,0.66667,0
-1.5648e-05,0.045991,-0.0087591,-2.2219e-38,33.528,0.66667,0
-1.5015e-05,0.045702,-0.0084445,-2.2219e-38,33.833,0.66667,0
-1.446e-05,0.045365,-0.0082034,0,34.139,0.66667,0
-1.4058e-05,0.044919,-0.0081451,0,34.444,0.66667,0
-1.3752e-05,0.044349,-0.0082977,0,34.75,0.66667,0
-1.3473e-05,0.0437,-0.0085698,0,35.056,0.66667,0
-1.3369e-05,0.043065,-0.0087735,0,35.361,0.66667,0
-1.3132e-05,0.042566,-0.0086815,0,35.667,0.66667,0
-1.2444e-05,0.042354,-0.0079867,0,35.972,0.66667,0
-1.1979e-05,0.042632,-0.0062788,0,36.278,0.66667,0
-1.2078e-05,0.043509,-0.0033855,0,36.583,0.66667,0
-1.2268e-05,0.044779,0.00017924,-2.1936e-38,36.889,0.66667,0
-1.2478e-05,0.046018,0.0034545,-2.1936e-38,37.194,0.66667,0
-1.2538e-05,0.046926,0.0058173,0,37.5,0.66667,0
-1.2293e-05,0.047451,0.0072716,0,37.806,0.66667,0
-1.1901e-05,0.04767,0.0081142,0,38.111,0.66667,0
-1.1379e-05,0.047679,0.0086173,0,38.417,0.66667,0
-1.0907e-05,0.047558,0.0089351,0,38.722,0.66667,0
-1.0535e-05,0.047375,0.0091232,0,39.028,0.66667,0
-1.0343e-05,0.047177,0.0091873,0,39.333,0.66667,0
-1.0337e-05,0.046989,0.0091292,0,39.639,0.66667,0
-1.0354e-05,0.046814,0.0089807,0,39.944,0.66667,0
-1.0478e-05,0.046622,0.0088153,0,40.25,0.66667,0
-1.0695e-05,0.04637,0.0087263,0,40.556,0.66667,0
-1.0997e-05,0.046021,0.0087867,0,40.861,0.66667,0
-1.1486e-05,0.045569,0.0090137,0,41.167,0.66667,0
-1.2047e-05,0.045046,0.0093496,0,41.472,0.66667,0
-1.2713e-05,0.044514,0.0096724,0,41.778,0.66667,0
-1.3541e-05,0.044046,0.0098377,0,42.083,0.66667,0
-1.4035e-05,0.043719,0.0096998,0,42.389,0.66667,0
-1.4092e-05,0.043634,0.0090442,0,42.694,0.66667,0
-1.4338e-05,0.043939,0.0075562,0,43,0.66667,0
-1.4909e-05,0.04472,0.0050563,0,43.306,0.66667,0
-1.5107e-05,0.045855,0.0018215,0,43.611,0.66667,0
-1.465e-05,0.047032,-0.0014344,0,43.917,0.66667,0
-1.3735e-05,0.04796,-0.0040241,0,44.222,0.66667,0
-1.2484e-05,0.048549,-0.0057153,0,44.528,0.66667,0
-1.0979e-05,0.048861,-0.0066588,0,44.833,0.66667,0
-9.5408e-06,0.048987,-0.0071098,0,45.139,0.66667,0
-8.2953e-06,0.048995,-0.0072894,0,45.444,0.66667,0
-7.0104e-06,0.048924,-0.0073338,0,45.75,0.66667,0
-5.7673e-06,0.048786,-0.0073185,0,46.056,0.66667,0
-4.6682e-06,0.048591,-0.007297,0,46.361,0.66667,0
-3.7322e-06,0.048358,-0.0072835,0,46.667,0.66667,0
-2.9327e-06,0.048114,-0.0072563,0,46.972,0.66667,0
-2.2656e-06,0.047886,-0.0071809,0,47.278,0.66667,0
-1.71e-06,0.047691,-0.0070362,0,47.583,0.66667,0
-1.2458e-06,0.04752,-0.0068334,0,47.889,0.66667,0
-8.752e-07,0.047348,-0.00662,0,48.194,0.66667,0
-5.8291e-07,0.047133,-0.0064641,0,48.5,0.66667,0
-3.645e-07,0.046842,-0.0064255,0,48.806,0.66667,0
-2.606e-07,0.046464,-0.0065238,0,49.111,0.66667,0
-2.1957e-07,0.046019,-0.0067201,0,49.417,0.66667,0
-2.6113e-07,0.04556,-0.0069158,0,49.722,0.66667,0
-3.7136e-07,0.045154,-0.0069825,0,50.028,0.66667,0
-2.3713e-07,0.044883,-0.0067687,0,50.333,0.66667,0
1.6641e-07,0.044854,-0.0060682,0,50.639,0.66667,0
4.7497e-07,0.045187,-0.0046487,0,50.944,0.66667,0
6.3445e-07,0.04591,-0.0024742,0,51.25,0.66667,0
7.1586e-07,0.046864,0.00011519,0,51.556,0.66667,0
5.8701e-07,0.047785,0.0025562,0,51.861,0.66667,0
4.5105e-07,0.04848,0.0044559,0,52.167,0.66667,0
4.031e-07,0.048913,0.0057568,0,52.472,0.66667,0
4.1878e-07,0.049139,0.0065864,0,52.778,0.66667,0
4.4642e-07,0.04923,0.0070913,0,53.083,0.66667,0
4.4116e-07,0.049249,0.0073781,0,53.389,0.66667,0
3.7659e-07,0.049232,0.0075177,0,53.694,0.66667,0
2.5658e-07,0.049198,0.0075588,0,54,0.66667,0
7.3893e-08,0.049148,0.0075387,0,54.306,0.66667,0
-1.5083e-07,0.04908,0.0074964,0,54.611,0.66667,0
-4.3824e-07,0.048976,0.0074846,0,54.917,0.66667,0
-7.5534e-07,0.048829,0.007544,0,55.222,0.66667,0
-1.1459e-06,0.048624,0.0076998,0,55.528,0.66667,0
-1.6367e-06,0.048374,0.0079375,0,55.833,0.66667,0
-2.2007e-06,0.048089,0.0082183,0,56.139,0.66667,0
-2.8912e-06,0.047803,0.0084761,0,56.444,0.66667,0
-3.5797e-06,0.047541,0.0086406,0,56.75,0.66667,0
-4.2084e-06,0.047327,0.0086407,-6.0117e-39,57.056,0.66667,0
-4.9557e-06,0.047184,0.0083947,-6.0117e-39,57.361,0.66667,0
-5.4309e-06,0.04717,0.0076989,5.1876e-39,57.667,0.66667,0
-6.0791e-06,0.047368,0.0063408,5.1876e-39,57.972,0.66667,0
-7.3994e-06,0.047812,0.0042052,1.1134e-38,58.278,0.66667,0
-8.0497e-06,0.048457,0.0014774,1.1134e-38,58.583,0.66667,0
-8.3187e-06,0.049143,-0.0013325,-1.231e-38,58.889,0.66667,0
-8.2372e-06,0.049711,-0.0037014,-1.231e-38,59.194,0.66667,0
-7.8001e-06,0.050071,-0.005393,0,59.5,0.66667,0
-7.0249e-06,0.050248,-0.0064889,0,59.806,0.66667,0
-6.1369e-06,0.050277,-0.0071484,0,60.111,0.66667,0
-5.2453e-06,0.050213,-0.0075264,0,60.417,0.66667,0
-4.4036e-06,0.050089,-0.007699,0,60.722,0.66667,0
-3.7196e-06,0.049935,-0.007747,0,61.028,0.66667,0
-3.1812e-06,0.049769,-0.0076912,0,61.333,0.66667,0
-3.0429e-06,0.049584,-0.0075776,0,61.639,0.66667,0
-2.6396e-06,0.049398,-0.0074317,0,61.944,0.66667,0
-2.8077e-06,0.049184,-0.0072781,-5.4868e-39,62.25,0.66667,0
-2.7425e-06,0.048969,-0.0071549,-5.4868e-39,62.556,0.66667,0
-3.128e-06,0.048726,-0.0070364,0,62.861,0.66667,0
-3.4532e-06,0.048484,-0.0069809,0,63.167,0.66667,0
-3.9674e-06,0.048223,-0.0069288,0,63.472,0.66667,0
-4.7242e-06,0.047985,-0.0068765,0,63.778,0.66667,0
-5.6732e-06,0.04771,-0.0068808,0,64.083,0.66667,0
-6.4273e-06,0.047443,-0.0069287,0,64.389,0.66667,0
-7.9794e-06,0.047103,-0.0069959,0,64.694,0.66667,0
0,0.04683,-0.0070203,0,65,0.66667,0
5.0992e-05,0.030761,0.015644,0,10.306,1.3333,0
2.6903e-05,0.033269,0.018453,0,10.611,1.3333,0
-1.1064e-06,0.034463,0.019979,0,10.917,1.3333,0
-2.8232e-05,0.034685,0.021003,0,11.222,1.3333,0
-5.4257e-05,0.0344,0.021691,0,11.528,1.3333,0
-8.2477e-05,0.033678,0.022172,0,11.833,1.3333,0
-0.00011458,0.032679,0.022551,0,12.139,1.3333,0
-0.00013998,0.03146,0.022877,0,12.444,1.3333,0
-0.00015564,0.0305,0.022882,0,12.75,1.3333,0
-0.00016935,0.030651,0.021373,0,13.056,1.3333,0
-0.00018948,0.033099,0.016065,0,13.361,1.3333,0
-0.00020443,0.037914,0.0067504,0,13.667,1.3333,0
-0.0002044,0.043533,-0.0035693,0,13.972,1.3333,0
-0.00018769,0.047982,-0.011218,0,14.278,1.3333,0
-0.00016434,0.050341,-0.014927,0,14.583,1.3333,0
-0.00014191,0.051104,-0.016055,0,14.889,1.3333,0
-0.00012127,0.051043,-0.016022,0,15.194,1.3333,0
-0.00010504,0.050612,-0.015565,0,15.5,1.3333,0
-9.1614e-05,0.050021,-0.014982,0,15.806,1.3333,0
-8.0723e-05,0.049391,-0.014396,0,16.111,1.3333,0
-7.1571e-05,0.048799,-0.013838,0,16.417,1.3333,0
-6.4227e-05,0.048249,-0.013302,0,16.722,1.3333,0
-5.8295e-05,0.047701,-0.012831,0,17.028,1.3333,0
-5.3451e-05,0.047127,-0.01247,0,17.333,1.3333,0
-4.9501e-05,0.046538,-0.01219,0,17.639,1.3333,0
-4.6316e-05,0.045983,-0.01189,0,17.944,1.3333,0
-4.3722e-05,0.045494,-0.0115,0,18.25,1.3333,0
-4.1599e-05,0.045032,-0.011074,0,18.556,1.3333,0
-3.9816e-05,0.044508,-0.010756,0,18.861,1.3333,0
-3.8258e-05,0.043868,-0.010612,0,19.167,1.3333,0
-3.696e-05,0.043155,-0.010517,0,19.472,1.3333,0
-3.584e-05,0.042468,-0.010259,0,19.778,1.3333,0
-3.4809e-05,0.041846,-0.0097581,0,20.083,1.3333,0
-3.4079e-05,0.041201,-0.0091982,0,20.389,1.3333,0
-3.3246e-05,0.040398,-0.0088726,0,20.694,1.3333,0
-3.2497e-05,0.039392,-0.0088865,0,21,1.3333,0
-3.1948e-05,0.038321,-0.0089947,0,21.306,1.3333,0
-3.0093e-05,0.037512,-0.0086605,0,21.611,1.3333,0
-2.7167e-05,0.037447,-0.007056,0,21.917,1.3333,0
-2.5299e-05,0.038527,-0.0034658,0,22.222,1.3333,0
-2.534e-05,0.040507,0.0015572,0,22.528,1.3333,0
-2.6296e-05,0.042539,0.0062348,0,22.833,1.3333,0
-2.7088e-05,0.043984,0.0093552,0,23.139,1.3333,0
-2.8061e-05,0.044775,0.011027,0,23.444,1.3333,0
-2.8921e-05,0.0451,0.011862,0,23.75,1.3333,0
-2.9717e-05,0.045138,0.012344,0,24.056,1.3333,0
-3.0893e-05,0.045003,0.012696,0,24.361,1.3333,0
-3.2173e-05,0.044794,0.01293,0,24.667,1.3333,0
-3.3872e-05,0.04459,0.013007,0,24.972,1.3333,0
-3.5972e-05,0.044394,0.012962,0,25.278,1.3333,0
-3.8319e-05,0.044137,0.012923,0,25.583,1.3333,0
-4.0933e-05,0.04372,0.013048,0,25.889,1.3333,0
-4.3615e-05,0.0431,0.013421,0,26.194,1.3333,0
-4.6467e-05,0.042323,0.013966,0,26.5,1.3333,0
-5.0133e-05,0.041523,0.01447,0,26.806,1.3333,0
-5.406e-05,0.040847,0.014697,0,27.111,1.3333,0
-5.6173e-05,0.040455,0.014404,0,27.417,1.3333,0
-5.6965e-05,0.040608,0.013122,0,27.722,1.3333,0
-5.8662e-05,0.041635,0.010168,0,28.028,1.3333,0
-6.0652e-05,0.043588,0.0054209,0,28.333,1.3333,0
-6.0369e-05,0.045936,-5.6508e-06,0,28.639,1.3333,0
-5.7341e-05,0.047924,-0.0045059,0,28.944,1.3333,0
-5.2937e-05,0.049184,-0.007309,0,29.25,1.3333,0
-4.795e-05,0.049803,-0.0086811,0,29.556,1.3333,0
-4.3284e-05,0.050018,-0.0092314,0,29.861,1.3333,0
-3.9103e-05,0.050011,-0.0094068,0,30.167,1.3333,0
-3.4934e-05,0.049876,-0.0094148,0,30.472,1.3333,0
-3.1089e-05,0.049662,-0.0093467,0,30.778,1.3333,0
-2.7794e-05,0.049407,-0.009232,0,31.083,1.3333,0
-2.4854e-05,0.049142,-0.0090575,0,31.389,1.3333,0
-2.2282e-05,0.048877,-0.0088274,0,31.694,1.3333,0
-2.0024e-05,0.048595,-0.0085846,0,32,1.3333,0
-1.805e-05,0.048268,-0.0083908,0,32.306,1.3333,0
-1.6333e-05,0.047885,-0.008282,0,32.611,1.3333,0
-1.484e-05,0.047463,-0.0082366,0,32.917,1.3333,0
-1.356e-05,0.047044,-0.0081833,0,33.222,1.3333,0
-1.2442e-05,0.046667,-0.0080448,0,33.528,1.3333,0
-1.1463e-05,0.046346,-0.0077934,0,33.833,1.3333,0
-1.0623e-05,0.046051,-0.0074787,0,34.139,1.3333,0
-9.8468e-06,0.045727,-0.0072094,0,34.444,1.3333,0
-9.2071e-06,0.045313,-0.0070947,0,34.75,1.3333,0
-8.6473e-06,0.044791,-0.0071772,0,35.056,1.3333,0
-8.098e-06,0.04419,-0.0073882,0,35.361,1.3333,0
-7.7815e-06,0.043594,-0.0075547,0,35.667,1.3333,0
-7.373e-06,0.043113,-0.0074545,0,35.972,1.3333,0
-6.7592e-06,0.042889,-0.0067858,0,36.278,1.3333,0
-6.4184e-06,0.04312,-0.0051538,0,36.583,1.3333,0
-6.3573e-06,0.043887,-0.0024184,0,36.889,1.3333,0
-6.7843e-06,0.044966,0.00091645,0,37.194,1.3333,0
-7.5871e-06,0.045966,0.003983,0,37.5,1.3333,0
-8.1914e-06,0.046652,0.006257,0,37.806,1.3333,0
-8.4863e-06,0.047015,0.0077451,0,38.111,1.3333,0
-8.6225e-06,0.047143,0.0086578,0,38.417,1.3333,0
-8.8569e-06,0.047136,0.0091832,0,38.722,1.3333,0
-9.0885e-06,0.04707,0.0094393,0,39.028,1.3333,0
-9.4617e-06,0.046977,0.0095067,0,39.333,1.3333,0
-1.011e-05,0.046858,0.0094534,0,39.639,1.3333,0
-1.0739e-05,0.046689,0.0093675,0,39.944,1.3333,0
-1.1368e-05,0.046431,0.0093606,0,40.25,1.3333,0
-1.213e-05,0.046058,0.0095081,0,40.556,1.3333,0
-1.3062e-05,0.045576,0.0098131,0,40.861,1.3333,0
-1.4067e-05,0.045033,0.010201,0,41.167,1.3333,0
-1.5311e-05,0.044498,0.010544,0,41.472,1.3333,0
-1.6699e-05,0.044044,0.010705,0,41.778,1.3333,0
-1.743e-05,0.04374,0.01055,0,42.083,1.3333,0
-1.7653e-05,0.04369,0.0098677,0,42.389,1.3333,0
-1.832e-05,0.044052,0.0083369,0,42.694,1.3333,0
-1.9311e-05,0.044923,0.0057706,0,43,1.3333,0
-1.9636e-05,0.046179,0.0024509,0,43.306,1.3333,0
-1.9053e-05,0.047486,-0.00090755,0,43.611,1.3333,0
-1.7881e-05,0.048521,-0.00361,0,43.917,1.3333,0
-1.6178e-05,0.049162,-0.0054027,0,44.222,1.3333,0
-1.4188e-05,0.049469,-0.0064283,0,44.528,1.3333,0
-1.2148e-05,0.049561,-0.0069378,0,44.833,1.3333,0
-1.011e-05,0.049533,-0.0071343,0,45.139,1.3333,0
-8.4145e-06,0.049442,-0.007157,0,45.444,1.3333,0
-6.9887e-06,0.049314,-0.0070794,0,45.75,1.3333,0
-5.5804e-06,0.049155,-0.0069494,0,46.056,1.3333,0
-4.3042e-06,0.048967,-0.0068231,0,46.361,1.3333,0
-3.1874e-06,0.048747,-0.0067369,0,46.667,1.3333,0
-2.207e-06,0.048503,-0.0066919,0,46.972,1.3333,0
-1.3569e-06,0.048254,-0.0066578,0,47.278,1.3333,0
-6.2054e-07,0.048022,-0.0065909,0,47.583,1.3333,0
1.0763e-08,0.047821,-0.0064579,0,47.889,1.3333,0
5.608e-07,0.047651,-0.0062581,0,48.194,1.3333,0
1.0248e-06,0.047488,-0.0060293,0,48.5,1.3333,0
1.4165e-06,0.047297,-0.0058372,0,48.806,1.3333,0
1.7475e-06,0.047044,-0.0057458,0,49.111,1.3333,0
1.9772e-06,0.046711,-0.0057869,0,49.417,1.3333,0
2.1771e-06,0.046313,-0.0059342,0,49.722,1.3333,0
2.3057e-06,0.045894,-0.0061016,0,50.028,1.3333,0
2.385e-06,0.045516,-0.0061643,0,50.333,1.3333,0
2.6589e-06,0.045259,-0.0059791,0,50.639,1.3333,0
3.0969e-06,0.045225,-0.0053372,0,50.944,1.3333,0
3.4068e-06,0.04553,-0.0039929,0,51.25,1.3333,0
3.3551e-06,0.046195,-0.0018864,0,51.556,1.3333,0
2.9908e-06,0.047061,0.00064102,0,51.861,1.3333,0
2.5674e-06,0.047878,0.0030214,0,52.167,1.3333,0
2.1807e-06,0.048487,0.004867,0,52.472,1.3333,0
1.9172e-06,0.048869,0.0061158,0,52.778,1.3333,0
1.6401e-06,0.049077,0.0068813,0,53.083,1.3333,0
1.3389e-06,0.049176,0.0073111,0,53.389,1.3333,0
1.0148e-06,0.049211,0.007529,0,53.694,1.3333,0
6.9862e-07,0.049208,0.0076269,0,54,1.3333,0
3.1507e-07,0.049169,0.0076691,0,54.306,1.3333,0
-1.3839e-07,0.049086,0.0077123,0,54.611,1.3333,0
-6.8893e-07,0.048944,0.007811,0,54.917,1.3333,0
-1.2461e-06,0.048742,0.007996,0,55.222,1.3333,0
-1.9016e-06,0.048483,0.0082648,0,55.528,1.3333,0
-2.6776e-06,0.048196,0.0085742,0,55.833,1.3333,0
-3.5193e-06,0.047905,0.0088633,0,56.139,1.3333,0
-4.5302e-06,0.047649,0.0090621,0,56.444,1.3333,0
-5.5794e-06,0.047439,0.0091191,0,56.75,1.3333,0
-6.1669e-06,0.047303,0.0089623,0,57.056,1.3333,0
-7.1967e-06,0.047272,0.0084509,0,57.361,1.3333,0
-8.6406e-06,0.047449,0.007299,0,57.667,1.3333,0
-9.6846e-06,0.047897,0.0053504,0,57.972,1.3333,0
-1.0559e-05,0.048598,0.002709,0,58.278,1.3333,0
-1.0735e-05,0.049406,-0.00019594,0,58.583,1.3333,0
-1.0654e-05,0.050113,-0.002786,0,58.889,1.3333,0
-1.0073e-05,0.050606,-0.0046996,0,59.194,1.3333,0
-9.1844e-06,0.050867,-0.0059202,0,59.5,1.3333,0
-8.1814e-06,0.050952,-0.0066401,0,59.806,1.3333,0
-7.1571e-06,0.050906,-0.0070306,0,60.111,1.3333,0
-6.1798e-06,0.050777,-0.0072414,0,60.417,1.3333,0
-5.2281e-06,0.050599,-0.0073204,0,60.722,1.3333,0
-4.492e-06,0.050395,-0.0073331,0,61.028,1.3333,0
-3.8542e-06,0.050191,-0.0072661,0,61.333,1.3333,0
-3.5896e-06,0.049985,-0.0071555,0,61.639,1.3333,0
-3.2042e-06,0.049794,-0.0070044,0,61.944,1.3333,0
-3.1952e-06,0.049597,-0.0068283,0,62.25,1.3333,0
-3.1452e-06,0.049403,-0.0066769,0,62.556,1.3333,0
-3.3253e-06,0.049184,-0.0065179,0,62.861,1.3333,0
-3.6461e-06,0.048958,-0.0064288,0,63.167,1.3333,0
-4.0144e-06,0.048704,-0.0063762,0,63.472,1.3333,0
-4.5297e-06,0.048462,-0.0063274,0,63.778,1.3333,0
-5.3321e-06,0.048207,-0.0063213,0,64.083,1.3333,0
-5.7137e-06,0.047969,-0.0063428,0,64.389,1.3333,0
-7.0534e-06,0.047689,-0.006367,0,64.694,1.3333,0
0,0.04746,-0.0063769,0,65,1.3333,0
8.4713e-05,0.029469,0.0069579,0,10.306,2,0
5.8221e-05,0.032349,0.012484,0,10.611,2,0
2.0355e-05,0.034297,0.017459,0,10.917,2,0
-1.752e-05,0.035,0.020721,0,11.222,2,0
-5.7505e-05,0.034866,0.022753,0,11.528,2,0
-9.8588e-05,0.03422,0.024139,0,11.833,2,0
-0.00013699,0.033577,0.024947,0,12.139,2,0
-0.00016539,0.033611,0.024683,0,12.444,2,0
-0.00019971,0.035279,0.021552,0,12.75,2,0
-0.00023377,0.039275,0.014021,0,13.056,2,0
-0.00024925,0.045,0.0033578,0,13.361,2,0
-0.00023651,0.050425,-0.0065443,0,13.667,2,0
-0.00021042,0.053833,-0.012593,0,13.972,2,0
-0.00018819,0.055137,-0.015033,0,14.278,2,0
-0.00016128,0.055141,-0.015569,0,14.583,2,0
-0.00013641,0.054553,-0.015323,0,14.889,2,0
-0.00011673,0.053776,-0.014749,0,15.194,2,0
-0.00010053,0.052959,-0.014023,0,15.5,2,0
-8.7702e-05,0.052176,-0.013339,0,15.806,2,0
-7.688e-05,0.051432,-0.01278,0,16.111,2,0
-6.7898e-05,0.050705,-0.012337,0,16.417,2,0
-6.0453e-05,0.049995,-0.011949,0,16.722,2,0
-5.4173e-05,0.049321,-0.011552,0,17.028,2,0
-4.8813e-05,0.048685,-0.011137,0,17.333,2,0
-4.4309e-05,0.048057,-0.010767,0,17.639,2,0
-4.0502e-05,0.047415,-0.010509,0,17.944,2,0
-3.7223e-05,0.046779,-0.010327,0,18.25,2,0
-3.4367e-05,0.046196,-0.010082,0,18.556,2,0
-3.1831e-05,0.045673,-0.0096939,0,18.861,2,0
-2.9552e-05,0.04514,-0.0092451,0,19.167,2,0
-2.7432e-05,0.044516,-0.0088884,0,19.472,2,0
-2.5517e-05,0.043806,-0.008653,0,19.778,2,0
-2.3757e-05,0.043115,-0.0083884,0,20.083,2,0
-2.1933e-05,0.042536,-0.007936,0,20.389,2,0
-2.0287e-05,0.04203,-0.0073477,0,20.694,2,0
-1.8585e-05,0.04145,-0.0068798,0,21,2,0
-1.6728e-05,0.040671,-0.0067241,0,21.306,2,0
-1.5073e-05,0.039748,-0.0067535,0,21.611,2,0
-1.2898e-05,0.038946,-0.0065322,0,21.917,2,0
-1.0487e-05,0.038705,-0.0053199,0,22.222,2,0
-9.4968e-06,0.039452,-0.0023672,0,22.528,2,0
-1.0677e-05,0.041058,0.0020032,0,22.833,2,0
-1.3313e-05,0.042773,0.0062855,0,23.139,2,0
-1.6118e-05,0.043987,0.0093636,0,23.444,2,0
-1.9101e-05,0.044615,0.01123,0,23.75,2,0
-2.2384e-05,0.04484,0.012316,0,24.056,2,0
-2.5245e-05,0.044868,0.012934,0,24.361,2,0
-2.8202e-05,0.044812,0.013223,0,24.667,2,0
-3.1742e-05,0.044674,0.013342,0,24.972,2,0
-3.542e-05,0.044395,0.013505,0,25.278,2,0
-3.948e-05,0.043918,0.013876,0,25.583,2,0
-4.3966e-05,0.043257,0.014475,0,25.889,2,0
-4.8752e-05,0.042511,0.015149,0,26.194,2,0
-5.3632e-05,0.041817,0.015656,0,26.5,2,0
-5.8123e-05,0.041291,0.015807,0,26.806,2,0
-6.1576e-05,0.041081,0.015394,0,27.111,2,0
-6.5203e-05,0.041479,0.013871,0,27.417,2,0
-6.9669e-05,0.042822,0.010561,0,27.722,2,0
-7.2375e-05,0.04507,0.0055294,0,28.028,2,0
-7.1536e-05,0.047591,2.4201e-05,0,28.333,2,0
-6.7615e-05,0.04961,-0.0044224,0,28.639,2,0
-6.19e-05,0.050795,-0.0071782,0,28.944,2,0
-5.5627e-05,0.051295,-0.0085435,0,29.25,2,0
-4.9301e-05,0.051402,-0.0090756,0,29.556,2,0
-4.3377e-05,0.051317,-0.0091898,0,29.861,2,0
-3.8479e-05,0.051132,-0.0091075,0,30.167,2,0
-3.4109e-05,0.050878,-0.0089312,0,30.472,2,0
-3.0047e-05,0.050572,-0.0087364,0,30.778,2,0
-2.6467e-05,0.05023,-0.0085625,0,31.083,2,0
-2.33e-05,0.049879,-0.0083894,0,31.389,2,0
-2.0505e-05,0.049543,-0.0081801,0,31.694,2,0
-1.8037e-05,0.049228,-0.0079262,0,32,2,0
-1.5852e-05,0.048918,-0.007665,0,32.306,2,0
-1.3919e-05,0.048586,-0.0074569,0,32.611,2,0
-1.2214e-05,0.048216,-0.0073386,0,32.917,2,0
-1.0704e-05,0.047817,-0.007289,0,33.222,2,0
-9.374e-06,0.047418,-0.0072359,0,33.528,2,0
-8.1865e-06,0.047054,-0.0071006,0,33.833,2,0
-7.1243e-06,0.046736,-0.0068518,0,34.139,2,0
-6.1913e-06,0.04644,-0.0065353,0,34.444,2,0
-5.3319e-06,0.04612,-0.0062554,0,34.75,2,0
-4.6004e-06,0.045727,-0.0061179,0,35.056,2,0
-3.9599e-06,0.045246,-0.0061652,0,35.361,2,0
-3.3746e-06,0.044705,-0.0063305,0,35.667,2,0
-2.9351e-06,0.044178,-0.0064463,0,35.972,2,0
-2.3437e-06,0.043757,-0.0062932,0,36.278,2,0
-1.6591e-06,0.043569,-0.0055598,0,36.583,2,0
-1.4425e-06,0.043773,-0.0038491,0,36.889,2,0
-1.6893e-06,0.044401,-0.0010834,0,37.194,2,0
-2.5668e-06,0.045218,0.0021379,0,37.5,2,0
-3.7624e-06,0.045927,0.0049827,0,37.806,2,0
-4.6936e-06,0.046406,0.0070436,0,38.111,2,0
-5.7025e-06,0.046677,0.0083524,0,38.417,2,0
-6.7678e-06,0.04681,0.0090949,0,38.722,2,0
-7.7299e-06,0.046858,0.0094703,0,39.028,2,0
-8.6497e-06,0.046831,0.0096483,0,39.333,2,0
-9.7401e-06,0.046712,0.0097573,0,39.639,2,0
-1.0909e-05,0.046468,0.0099123,0,39.944,2,0
-1.2101e-05,0.046088,0.010193,0,40.25,2,0
-1.3474e-05,0.045601,0.010592,0,40.556,2,0
-1.4877e-05,0.045071,0.011025,0,40.861,2,0
-1.6643e-05,0.044576,0.011366,0,41.167,2,0
-1.8649e-05,0.044181,0.011505,0,41.472,2,0
-1.9923e-05,0.043941,0.011327,0,41.778,2,0
-2.0813e-05,0.04396,0.010614,0,42.083,2,0
-2.2247e-05,0.044406,0.0090173,0,42.389,2,0
-2.3794e-05,0.045375,0.0063495,0,42.694,2,0
-2.4392e-05,0.04673,0.0029175,0,43,2,0
-2.3753e-05,0.048135,-0.00053446,0,43.306,2,0
-2.2233e-05,0.049257,-0.0032912,0,43.611,2,0
-2.014e-05,0.049962,-0.0050899,0,43.917,2,0
-1.7768e-05,0.050299,-0.0060935,0,44.222,2,0
-1.5267e-05,0.050385,-0.0065888,0,44.528,2,0
-1.2839e-05,0.050318,-0.0067982,0,44.833,2,0
-1.0505e-05,0.05017,-0.0068511,0,45.139,2,0
-8.4275e-06,0.049985,-0.0068113,0,45.444,2,0
-6.6805e-06,0.049793,-0.0067076,0,45.75,2,0
-5.0896e-06,0.049606,-0.0065628,0,46.056,2,0
-3.6587e-06,0.049425,-0.0064065,0,46.361,2,0
-2.39e-06,0.049234,-0.0062717,0,46.667,2,0
-1.2625e-06,0.04902,-0.0061801,0,46.972,2,0
-2.6837e-07,0.04878,-0.0061299,0,47.278,2,0
6.1062e-07,0.048528,-0.0060923,0,47.583,2,0
1.3845e-06,0.048282,-0.0060248,0,47.889,2,0
2.0613e-06,0.048062,-0.0058932,0,48.194,2,0
2.66e-06,0.047871,-0.0056924,0,48.5,2,0
3.1797e-06,0.047693,-0.0054558,0,48.806,2,0
3.6346e-06,0.047497,-0.0052451,0,49.111,2,0
4.0411e-06,0.047252,-0.0051256,0,49.417,2,0
4.3703e-06,0.04694,-0.0051319,0,49.722,2,0
4.6821e-06,0.046572,-0.0052452,0,50.028,2,0
4.9602e-06,0.046186,-0.0053847,0,50.333,2,0
5.1719e-06,0.04584,-0.0054312,0,50.639,2,0
5.5362e-06,0.045601,-0.0052397,0,50.944,2,0
5.9138e-06,0.045562,-0.0045921,0,51.25,2,0
5.8178e-06,0.045828,-0.0032262,0,51.556,2,0
5.4303e-06,0.046417,-0.0011154,0,51.861,2,0
4.9523e-06,0.047173,0.0013462,0,52.167,2,0
4.3055e-06,0.047884,0.0035954,0,52.472,2,0
3.7459e-06,0.048426,0.0052979,0,52.778,2,0
3.169e-06,0.048788,0.0064222,0,53.083,2,0
2.644e-06,0.049008,0.0070869,0,53.389,2,0
2.1176e-06,0.049125,0.0074472,0,53.694,2,0
1.5908e-06,0.049165,0.0076496,0,54,2,0
9.7324e-07,0.049132,0.0078047,0,54.306,2,0
2.8291e-07,0.049022,0.0079874,0,54.611,2,0
-5.001e-07,0.048833,0.0082356,0,54.917,2,0
-1.2886e-06,0.048585,0.0085503,0,55.222,2,0
-2.2097e-06,0.048304,0.0088923,0,55.528,2,0
-3.1515e-06,0.048035,0.0091989,0,55.833,2,0
-4.2556e-06,0.047803,0.009411,0,56.139,2,0
-5.6361e-06,0.04763,0.0094915,0,56.444,2,0
-6.8084e-06,0.047514,0.0093993,0,56.75,2,0
-7.9587e-06,0.047506,0.0090065,0,57.056,2,0
-9.7405e-06,0.047683,0.0080758,0,57.361,2,0
-1.1624e-05,0.048149,0.0063354,0,57.667,2,0
-1.2745e-05,0.048874,0.0038299,0,57.972,2,0
-1.3203e-05,0.049737,0.00091481,0,58.278,2,0
-1.2924e-05,0.05053,-0.0018294,0,58.583,2,0
-1.2307e-05,0.051096,-0.0039503,0,58.889,2,0
-1.1247e-05,0.05141,-0.0053462,0,59.194,2,0
-1.0011e-05,0.05152,-0.0061489,0,59.5,2,0
-8.7668e-06,0.051491,-0.0065734,0,59.806,2,0
-7.5686e-06,0.051371,-0.0067667,0,60.111,2,0
-6.5742e-06,0.051194,-0.0068568,0,60.417,2,0
-5.539e-06,0.050986,-0.0068658,0,60.722,2,0
-4.7527e-06,0.050758,-0.0068558,0,61.028,2,0
-4.1076e-06,0.050533,-0.0067987,0,61.333,2,0
-3.7085e-06,0.050312,-0.0067107,0,61.639,2,0
-3.348e-06,0.050102,-0.006587,0,61.944,2,0
-3.2452e-06,0.049901,-0.006422,0,62.25,2,0
-3.1961e-06,0.049702,-0.0062534,0,62.556,2,0
-3.3025e-06,0.049491,-0.0060655,0,62.861,2,0
-3.5713e-06,0.049279,-0.0059326,0,63.167,2,0
-3.9414e-06,0.049044,-0.0058458,0,63.472,2,0
-4.3012e-06,0.048809,-0.0057957,0,63.778,2,0
-4.9537e-06,0.048569,-0.0058003,0,64.083,2,0
-5.1521e-06,0.048343,-0.0058289,0,64.389,2,0
-6.092e-06,0.048095,-0.0058375,0,64.694,2,0
0,0.0479,-0.0058339,0,65,2,0
8.5882e-05,0.033785,0.0036135,0,10.306,2.6667,0
6.5185e-05,0.03436,0.0078721,0,10.611,2.6667,0
3.6215e-05,0.035489,0.014236,0,10.917,2.6667,0
-3.5104e-06,0.036309,0.019767,0,11.222,2.6667,0
-5.0901e-05,0.03685,0.023384,0,11.528,2.6667,0
-9.9043e-05,0.03763,0.024991,0,11.833,2.6667,0
-0.00015437,0.03939,0.02395,0,12.139,2.6667,0
-0.00021217,0.042793,0.019173,0,12.444,2.6667,0
-0.0002601,0.047925,0.010476,0,12.75,2.6667,0
-0.00027482,0.053547,7.9058e-05,0,13.056,2.6667,0
-0.00025123,0.057763,-0.0081824,0,13.361,2.6667,0
-0.00021706,0.059662,-0.012465,0,13.667,2.6667,0
-0.0001881,0.059753,-0.013901,0,13.972,2.6667,0
-0.00016529,0.058966,-0.014037,0,14.278,2.6667,0
-0.0001424,0.057879,-0.013658,0,14.583,2.6667,0
-0.00012107,0.056719,-0.013084,0,14.889,2.6667,0
-0.00010527,0.055608,-0.012539,0,15.194,2.6667,0
-9.1649e-05,0.054597,-0.012081,0,15.5,2.6667,0
-8.023e-05,0.053707,-0.011651,0,15.806,2.6667,0
-7.0512e-05,0.052912,-0.011187,0,16.111,2.6667,0
-6.2247e-05,0.052171,-0.010704,0,16.417,2.6667,0
-5.5176e-05,0.051458,-0.010284,0,16.722,2.6667,0
-4.9021e-05,0.050777,-0.0099724,0,17.028,2.6667,0
-4.3739e-05,0.050141,-0.0097132,0,17.333,2.6667,0
-3.9173e-05,0.049542,-0.0094208,0,17.639,2.6667,0
-3.5129e-05,0.048941,-0.0091001,0,17.944,2.6667,0
-3.1548e-05,0.048292,-0.0088391,0,18.25,2.6667,0
-2.8345e-05,0.047601,-0.0086614,0,18.556,2.6667,0
-2.5429e-05,0.046938,-0.0084525,0,18.861,2.6667,0
-2.2721e-05,0.046364,-0.0080883,0,19.167,2.6667,0
-2.0199e-05,0.045854,-0.0076096,0,19.472,2.6667,0
-1.7839e-05,0.045323,-0.0072048,0,19.778,2.6667,0
-1.5619e-05,0.044715,-0.0069869,0,20.083,2.6667,0
-1.3549e-05,0.044084,-0.0068338,0,20.389,2.6667,0
-1.1476e-05,0.043532,-0.0065042,0,20.694,2.6667,0
-9.4781e-06,0.043076,-0.0059206,0,21,2.6667,0
-7.5741e-06,0.042598,-0.0052927,0,21.306,2.6667,0
-5.5093e-06,0.041959,-0.0049042,0,21.611,2.6667,0
-3.901e-06,0.041163,-0.0047803,0,21.917,2.6667,0
-2.874e-06,0.040417,-0.0045759,0,22.222,2.6667,0
-1.6741e-06,0.040108,-0.003585,0,22.528,2.6667,0
-1.0097e-06,0.040627,-0.0010175,0,22.833,2.6667,0
-2.4946e-06,0.041885,0.0029648,0,23.139,2.6667,0
-5.5973e-06,0.043262,0.0070079,0,23.444,2.6667,0
-9.6218e-06,0.044261,0.0099955,0,23.75,2.6667,0
-1.4012e-05,0.044827,0.011792,0,24.056,2.6667,0
-1.8094e-05,0.045084,0.012759,0,24.361,2.6667,0
-2.2787e-05,0.045102,0.013352,0,24.667,2.6667,0
-2.8167e-05,0.044873,0.013919,0,24.972,2.6667,0
-3.3965e-05,0.044399,0.014612,0,25.278,2.6667,0
-4.0255e-05,0.043765,0.015404,0,25.583,2.6667,0
-4.6743e-05,0.043113,0.016117,0,25.889,2.6667,0
-5.376e-05,0.042566,0.01656,0,26.194,2.6667,0
-6.0378e-05,0.042226,0.016625,0,26.5,2.6667,0
-6.5284e-05,0.042247,0.016081,0,26.806,2.6667,0
-7.0936e-05,0.042939,0.014289,0,27.111,2.6667,0
-7.7984e-05,0.044595,0.010595,0,27.417,2.6667,0
-8.1817e-05,0.047054,0.0052823,0,27.722,2.6667,0
-8.021e-05,0.049625,-0.00023254,0,28.028,2.6667,0
-7.5142e-05,0.051591,-0.0044797,0,28.333,2.6667,0
-6.8414e-05,0.052696,-0.0069927,0,28.639,2.6667,0
-6.1144e-05,0.053104,-0.0081819,0,28.944,2.6667,0
-5.4144e-05,0.053096,-0.0086336,0,29.25,2.6667,0
-4.7546e-05,0.052876,-0.0087291,0,29.556,2.6667,0
-4.1387e-05,0.052557,-0.0086445,0,29.861,2.6667,0
-3.6077e-05,0.052193,-0.0084485,0,30.167,2.6667,0
-3.1566e-05,0.051809,-0.0081917,0,30.472,2.6667,0
-2.7554e-05,0.051413,-0.0079336,0,30.778,2.6667,0
-2.4012e-05,0.051005,-0.0077204,0,31.083,2.6667,0
-2.0871e-05,0.050595,-0.0075569,0,31.389,2.6667,0
-1.808e-05,0.050202,-0.0074059,0,31.694,2.6667,0
-1.5592e-05,0.049843,-0.0072215,0,32,2.6667,0
-1.3369e-05,0.04952,-0.0069914,0,32.306,2.6667,0
-1.1379e-05,0.04921,-0.0067511,0,32.611,2.6667,0
-9.6022e-06,0.048885,-0.0065575,0,32.917,2.6667,0
-8.0153e-06,0.048527,-0.0064428,0,33.222,2.6667,0
-6.5894e-06,0.048144,-0.0063821,0,33.528,2.6667,0
-5.3009e-06,0.047762,-0.0063043,0,33.833,2.6667,0
-4.1282e-06,0.04741,-0.0061383,0,34.139,2.6667,0
-3.0775e-06,0.047095,-0.0058647,0,34.444,2.6667,0
-2.1209e-06,0.046794,-0.0055399,0,34.75,2.6667,0
-1.2699e-06,0.046468,-0.0052714,0,35.056,2.6667,0
-5.2619e-07,0.046079,-0.0051584,0,35.361,2.6667,0
1.8698e-07,0.045615,-0.0052254,0,35.667,2.6667,0
7.9182e-07,0.045108,-0.0053845,0,35.972,2.6667,0
1.4829e-06,0.044625,-0.005453,0,36.278,2.6667,0
2.2184e-06,0.044242,-0.0051887,0,36.583,2.6667,0
2.5972e-06,0.044078,-0.004234,0,36.889,2.6667,0
2.7529e-06,0.044269,-0.0022371,0,37.194,2.6667,0
2.3003e-06,0.044798,0.00065143,0,37.5,2.6667,0
1.1945e-06,0.045455,0.0036675,0,37.806,2.6667,0
-1.037e-07,0.046044,0.0061097,0,38.111,2.6667,0
-1.5933e-06,0.046479,0.0077768,0,38.417,2.6667,0
-3.3882e-06,0.046736,0.0087905,0,38.722,2.6667,0
-5.4039e-06,0.046818,0.0093942,0,39.028,2.6667,0
-7.2995e-06,0.046741,0.0098248,0,39.333,2.6667,0
-9.1411e-06,0.046509,0.010245,0,39.639,2.6667,0
-1.104e-05,0.046135,0.010729,0,39.944,2.6667,0
-1.2991e-05,0.04567,0.011253,0,40.25,2.6667,0
-1.5074e-05,0.045193,0.011727,0,40.556,2.6667,0
-1.7136e-05,0.044779,0.012047,0,40.861,2.6667,0
-1.9177e-05,0.044472,0.012143,0,41.167,2.6667,0
-2.0962e-05,0.044321,0.011936,0,41.472,2.6667,0
-2.2817e-05,0.044444,0.01119,0,41.778,2.6667,0
-2.5426e-05,0.045023,0.0095297,0,42.083,2.6667,0
-2.7773e-05,0.046137,0.0067759,0,42.389,2.6667,0
-2.8679e-05,0.047617,0.0032673,0,42.694,2.6667,0
-2.8028e-05,0.049104,-0.00024883,0,43,2.6667,0
-2.6239e-05,0.050271,-0.003063,0,43.306,2.6667,0
-2.3692e-05,0.050997,-0.0048935,0,43.611,2.6667,0
-2.0751e-05,0.051351,-0.0058821,0,43.917,2.6667,0
-1.7849e-05,0.051456,-0.0063251,0,44.222,2.6667,0
-1.5089e-05,0.051412,-0.0064701,0,44.528,2.6667,0
-1.2471e-05,0.051277,-0.0064678,0,44.833,2.6667,0
-1.0055e-05,0.051083,-0.0064074,0,45.139,2.6667,0
-7.8821e-06,0.050858,-0.0063347,0,45.444,2.6667,0
-5.9464e-06,0.050626,-0.0062531,0,45.75,2.6667,0
-4.2153e-06,0.050406,-0.0061479,0,46.056,2.6667,0
-2.6695e-06,0.050202,-0.0060109,0,46.361,2.6667,0
-1.2976e-06,0.050005,-0.0058533,0,46.667,2.6667,0
-7.9769e-08,0.049797,-0.0057018,0,46.972,2.6667,0
9.9891e-07,0.049561,-0.0055829,0,47.278,2.6667,0
1.9557e-06,0.049292,-0.0055034,0,47.583,2.6667,0
2.7993e-06,0.049005,-0.0054429,0,47.889,2.6667,0
3.5501e-06,0.048723,-0.0053617,0,48.194,2.6667,0
4.2195e-06,0.048469,-0.0052237,0,48.5,2.6667,0
4.8157e-06,0.048251,-0.0050207,0,48.806,2.6667,0
5.3436e-06,0.048052,-0.004783,0,49.111,2.6667,0
5.8115e-06,0.047843,-0.004572,0,49.417,2.6667,0
6.2315e-06,0.04759,-0.0044519,0,49.722,2.6667,0
6.6072e-06,0.047274,-0.0044576,0,50.028,2.6667,0
6.9581e-06,0.046903,-0.0045682,0,50.333,2.6667,0
7.2941e-06,0.046514,-0.0047005,0,50.639,2.6667,0
7.6031e-06,0.046164,-0.0047279,0,50.944,2.6667,0
7.9211e-06,0.045916,-0.0044902,0,51.25,2.6667,0
8.0773e-06,0.045861,-0.0037538,0,51.556,2.6667,0
7.9461e-06,0.046101,-0.0022945,0,51.861,2.6667,0
7.616e-06,0.046632,-0.00017885,0,52.167,2.6667,0
6.9903e-06,0.047305,0.0021353,0,52.472,2.6667,0
6.2348e-06,0.04794,0.0041423,0,52.778,2.6667,0
5.4472e-06,0.048445,0.0056123,0,53.083,2.6667,0
4.6793e-06,0.048797,0.0065774,0,53.389,2.6667,0
3.8607e-06,0.049002,0.0071869,0,53.694,2.6667,0
2.9729e-06,0.049073,0.0076118,0,54,2.6667,0
1.9813e-06,0.049023,0.0079812,0,54.306,2.6667,0
9.8309e-07,0.048874,0.0083631,0,54.611,2.6667,0
-7.7148e-08,0.048653,0.0087638,0,54.917,2.6667,0
-1.1599e-06,0.048403,0.0091494,0,55.222,2.6667,0
-2.3554e-06,0.048169,0.0094662,0,55.528,2.6667,0
-3.5109e-06,0.047985,0.0096694,0,55.833,2.6667,0
-4.7341e-06,0.047856,0.0097472,0,56.139,2.6667,0
-6.3655e-06,0.047786,0.0096937,0,56.444,2.6667,0
-7.9332e-06,0.047798,0.0093901,0,56.75,2.6667,0
-9.8321e-06,0.047994,0.0085912,0,57.056,2.6667,0
-1.2036e-05,0.048471,0.007046,0,57.361,2.6667,0
-1.364e-05,0.049243,0.0047006,0,57.667,2.6667,0
-1.4376e-05,0.050163,0.0018854,0,57.972,2.6667,0
-1.4407e-05,0.051043,-0.00090192,0,58.278,2.6667,0
-1.3833e-05,0.051691,-0.0031613,0,58.583,2.6667,0
-1.2793e-05,0.052064,-0.0047028,0,58.889,2.6667,0
-1.1433e-05,0.052205,-0.0056241,0,59.194,2.6667,0
-1.0049e-05,0.052193,-0.0060972,0,59.5,2.6667,0
-8.7628e-06,0.052081,-0.0063155,0,59.806,2.6667,0
-7.4142e-06,0.051917,-0.0063837,0,60.111,2.6667,0
-6.3466e-06,0.051713,-0.0063993,0,60.417,2.6667,0
-5.3351e-06,0.051493,-0.0063712,0,60.722,2.6667,0
-4.5065e-06,0.051258,-0.0063438,0,61.028,2.6667,0
-3.891e-06,0.051018,-0.0062933,0,61.333,2.6667,0
-3.4667e-06,0.050778,-0.0062146,0,61.639,2.6667,0
-3.1534e-06,0.050542,-0.0061079,0,61.944,2.6667,0
-3.0429e-06,0.050309,-0.0059549,0,62.25,2.6667,0
-3.0315e-06,0.050076,-0.0057821,0,62.556,2.6667,0
-3.1717e-06,0.049843,-0.0055956,0,62.861,2.6667,0
-3.4295e-06,0.049617,-0.0054537,0,63.167,2.6667,0
-3.7942e-06,0.049384,-0.0053495,0,63.472,2.6667,0
-4.1956e-06,0.049159,-0.0052943,0,63.778,2.6667,0
-4.8559e-06,0.048934,-0.0053006,0,64.083,2.6667,0
-4.9812e-06,0.048722,-0.005337,0,64.389,2.6667,0
-5.6766e-06,0.048492,-0.0053558,0,64.694,2.6667,0
0,0.048314,-0.0053546,0,65,2.6667,0
7.3847e-05,0.042692,0.0065911,0,10.306,3.3333,0
6.6921e-05,0.041916,0.0088082,0,10.611,3.3333,0
4.1853e-05,0.04214,0.013182,0,10.917,3.3333,0
1.2265e-07,0.043347,0.017715,0,11.222,3.3333,0
-5.6244e-05,0.045551,0.019855,0,11.528,3.3333,0
-0.00011567,0.04886,0.018536,0,11.833,3.3333,0
-0.00017291,0.053259,0.013649,0,12.139,3.3333,0
-0.00021988,0.058166,0.0060269,0,12.444,3.3333,0
-0.00023359,0.062394,-0.001854,0,12.75,3.3333,0
-0.00021612,0.064692,-0.0073154,0,13.056,3.3333,0
-0.00019491,0.064895,-0.0099678,0,13.361,3.3333,0
-0.00017403,0.063857,-0.010931,0,13.667,3.3333,0
-0.00015033,0.062362,-0.011092,0,13.972,3.3333,0
-0.00012991,0.060804,-0.010928,0,14.278,3.3333,0
-0.00011454,0.059348,-0.010663,0,14.583,3.3333,0
-0.00010086,0.058043,-0.010382,0,14.889,3.3333,0
-8.8979e-05,0.056885,-0.010112,0,15.194,3.3333,0
-7.8712e-05,0.055837,-0.0098753,0,15.5,3.3333,0
-6.973e-05,0.054867,-0.0096627,0,15.806,3.3333,0
-6.1863e-05,0.05397,-0.0094289,0,16.111,3.3333,0
-5.4969e-05,0.053158,-0.0091645,0,16.417,3.3333,0
-4.8859e-05,0.052437,-0.0089073,0,16.722,3.3333,0
-4.347e-05,0.051784,-0.0086776,0,17.028,3.3333,0
-3.8705e-05,0.05117,-0.0084427,0,17.333,3.3333,0
-3.4348e-05,0.050579,-0.0081496,0,17.639,3.3333,0
-3.0362e-05,0.050007,-0.0077805,0,17.944,3.3333,0
-2.6751e-05,0.049437,-0.0074026,0,18.25,3.3333,0
-2.343e-05,0.048845,-0.0071296,0,18.556,3.3333,0
-2.0363e-05,0.048233,-0.0069945,0,18.861,3.3333,0
-1.7486e-05,0.047653,-0.0068799,0,19.167,3.3333,0
-1.4739e-05,0.047147,-0.0066163,0,19.472,3.3333,0
-1.2188e-05,0.046688,-0.0061668,0,19.778,3.3333,0
-9.8104e-06,0.046187,-0.0056861,0,20.083,3.3333,0
-7.5674e-06,0.045594,-0.0053543,0,20.389,3.3333,0
-5.4432e-06,0.044971,-0.0051485,0,20.694,3.3333,0
-3.3002e-06,0.044431,-0.0048422,0,21,3.3333,0
-1.2426e-06,0.044007,-0.0042833,0,21.306,3.3333,0
6.4007e-07,0.043603,-0.0036234,0,21.611,3.3333,0
2.272e-06,0.043077,-0.0031716,0,21.917,3.3333,0
3.4758e-06,0.042406,-0.003012,0,22.222,3.3333,0
4.5638e-06,0.041745,-0.0028154,0,22.528,3.3333,0
5.8639e-06,0.041426,-0.0018745,0,22.833,3.3333,0
6.7573e-06,0.041821,0.00053664,0,23.139,3.3333,0
5.3515e-06,0.042888,0.0041805,0,23.444,3.3333,0
1.5171e-06,0.044105,0.0078149,0,23.75,3.3333,0
-3.368e-06,0.045008,0.010526,0,24.056,3.3333,0
-9.1916e-06,0.045437,0.012332,0,24.361,3.3333,0
-1.5584e-05,0.045424,0.013684,0,24.667,3.3333,0
-2.2687e-05,0.045087,0.014879,0,24.972,3.3333,0
-3.0343e-05,0.044597,0.015923,0,25.278,3.3333,0
-3.8539e-05,0.044122,0.016687,0,25.583,3.3333,0
-4.8279e-05,0.043779,0.017089,0,25.889,3.3333,0
-5.7485e-05,0.043676,0.01708,0,26.194,3.3333,0
-6.5532e-05,0.044006,0.016362,0,26.5,3.3333,0
-7.4347e-05,0.045084,0.014249,0,26.806,3.3333,0
-8.2863e-05,0.047081,0.01025,0,27.111,3.3333,0
-8.7128e-05,0.049674,0.0048903,0,27.417,3.3333,0
-8.5118e-05,0.05213,-0.00040286,0,27.722,3.3333,0
-7.9112e-05,0.053834,-0.0043665,0,28.028,3.3333,0
-7.1588e-05,0.054664,-0.006675,0,28.333,3.3333,0
-6.3616e-05,0.054856,-0.0077237,0,28.639,3.3333,0
-5.6024e-05,0.054697,-0.0080526,0,28.944,3.3333,0
-4.9155e-05,0.054368,-0.0080432,0,29.25,3.3333,0
-4.2899e-05,0.053957,-0.0078977,0,29.556,3.3333,0
-3.7315e-05,0.053505,-0.0077018,0,29.861,3.3333,0
-3.2391e-05,0.053039,-0.0074769,0,30.167,3.3333,0
-2.8076e-05,0.052578,-0.0072287,0,30.472,3.3333,0
-2.4275e-05,0.052133,-0.0069823,0,30.778,3.3333,0
-2.0905e-05,0.051702,-0.0067776,0,31.083,3.3333,0
-1.79e-05,0.051284,-0.0066372,0,31.389,3.3333,0
-1.5206e-05,0.050879,-0.0065414,0,31.694,3.3333,0
-1.278e-05,0.050495,-0.0064382,0,32,3.3333,0
-1.0595e-05,0.050139,-0.0062823,0,32.306,3.3333,0
-8.6302e-06,0.049805,-0.0060715,0,32.611,3.3333,0
-6.869e-06,0.049476,-0.0058492,0,32.917,3.3333,0
-5.28e-06,0.049135,-0.0056728,0,33.222,3.3333,0
-3.8181e-06,0.048774,-0.0055672,0,33.528,3.3333,0
-2.4799e-06,0.048407,-0.0054988,0,33.833,3.3333,0
-1.2589e-06,0.04806,-0.0053942,0,34.139,3.3333,0
-1.3573e-07,0.047754,-0.0051916,0,34.444,3.3333,0
8.8384e-07,0.047488,-0.0048887,0,34.75,3.3333,0
1.82e-06,0.047234,-0.0045559,0,35.056,3.3333,0
2.6228e-06,0.04695,-0.0043024,0,35.361,3.3333,0
3.3673e-06,0.046602,-0.0042129,0,35.667,3.3333,0
4.1164e-06,0.046183,-0.0042848,0,35.972,3.3333,0
4.7714e-06,0.045727,-0.0044031,0,36.278,3.3333,0
5.5841e-06,0.045297,-0.0043676,0,36.583,3.3333,0
6.4311e-06,0.044973,-0.003906,0,36.889,3.3333,0
6.9528e-06,0.044886,-0.0026539,0,37.194,3.3333,0
7.0537e-06,0.045144,-0.00044957,0,37.5,3.3333,0
6.1118e-06,0.045655,0.002266,0,37.806,3.3333,0
4.0379e-06,0.046201,0.0048104,0,38.111,3.3333,0
1.8247e-06,0.046623,0.0068419,0,38.417,3.3333,0
-4.4806e-07,0.046839,0.0083524,0,38.722,3.3333,0
-2.9855e-06,0.046828,0.0094582,0,39.028,3.3333,0
-5.5801e-06,0.046618,0.010324,0,39.333,3.3333,0
-8.3165e-06,0.046264,0.01108,0,39.639,3.3333,0
-1.1218e-05,0.045844,0.011742,0,39.944,3.3333,0
-1.404e-05,0.045451,0.012246,0,40.25,3.3333,0
-1.675e-05,0.045141,0.012535,0,40.556,3.3333,0
-1.9416e-05,0.044944,0.012597,0,40.861,3.3333,0
-2.1539e-05,0.044906,0.012368,0,41.167,3.3333,0
-2.4027e-05,0.045167,0.011567,0,41.472,3.3333,0
-2.7657e-05,0.045922,0.009791,0,41.778,3.3333,0
-3.0711e-05,0.04722,0.0069155,0,42.083,3.3333,0
-3.1886e-05,0.048845,0.0033578,0,42.389,3.3333,0
-3.1282e-05,0.050421,-0.00012139,0,42.694,3.3333,0
-2.9252e-05,0.051626,-0.0028717,0,43,3.3333,0
-2.633e-05,0.05235,-0.0046638,0,43.306,3.3333,0
-2.3033e-05,0.052674,-0.005647,0,43.611,3.3333,0
-1.9621e-05,0.052743,-0.0060925,0,43.917,3.3333,0
-1.6366e-05,0.05267,-0.0062277,0,44.222,3.3333,0
-1.3483e-05,0.052523,-0.0061967,0,44.528,3.3333,0
-1.0905e-05,0.052335,-0.0060798,0,44.833,3.3333,0
-8.5515e-06,0.052118,-0.0059374,0,45.139,3.3333,0
-6.4279e-06,0.051876,-0.0058137,0,45.444,3.3333,0
-4.5303e-06,0.051615,-0.0057195,0,45.75,3.3333,0
-2.8311e-06,0.051346,-0.0056364,0,46.056,3.3333,0
-1.3051e-06,0.051083,-0.0055332,0,46.361,3.3333,0
5.9366e-08,0.050832,-0.0053894,0,46.667,3.3333,0
1.2785e-06,0.050589,-0.0052108,0,46.972,3.3333,0
2.3651e-06,0.05034,-0.0050281,0,47.278,3.3333,0
3.3321e-06,0.050069,-0.0048788,0,47.583,3.3333,0
4.1944e-06,0.049775,-0.0047826,0,47.889,3.3333,0
4.9728e-06,0.049469,-0.0047249,0,48.194,3.3333,0
5.6669e-06,0.049176,-0.0046619,0,48.5,3.3333,0
6.2851e-06,0.048921,-0.0045457,0,48.806,3.3333,0
6.8436e-06,0.04871,-0.0043565,0,49.111,3.3333,0
7.344e-06,0.048528,-0.0041176,0,49.417,3.3333,0
7.7942e-06,0.048338,-0.0038902,0,49.722,3.3333,0
8.1967e-06,0.048102,-0.0037454,0,50.028,3.3333,0
8.5623e-06,0.047797,-0.0037268,0,50.333,3.3333,0
8.9364e-06,0.047428,-0.0038184,0,50.639,3.3333,0
9.2546e-06,0.047032,-0.0039332,0,50.944,3.3333,0
9.5546e-06,0.046669,-0.0039319,0,51.25,3.3333,0
9.8349e-06,0.046409,-0.003632,0,51.556,3.3333,0
9.9197e-06,0.046352,-0.0027983,0,51.861,3.3333,0
9.8846e-06,0.046588,-0.0012797,0,52.167,3.3333,0
9.5241e-06,0.047085,0.00074141,0,52.472,3.3333,0
8.7709e-06,0.047685,0.0028095,0,52.778,3.3333,0
7.8218e-06,0.04823,0.0045528,0,53.083,3.3333,0
6.7187e-06,0.048633,0.005872,0,53.389,3.3333,0
5.6216e-06,0.048868,0.0068455,0,53.694,3.3333,0
4.4556e-06,0.048937,0.0076026,0,54,3.3333,0
3.0926e-06,0.048868,0.0082394,0,54.306,3.3333,0
1.7293e-06,0.048708,0.0087958,0,54.611,3.3333,0
2.9761e-07,0.048515,0.0092617,0,54.917,3.3333,0
-1.1137e-06,0.048338,0.0096047,0,55.222,3.3333,0
-2.5562e-06,0.048212,0.0098053,0,55.528,3.3333,0
-4.1511e-06,0.048138,0.0098815,0,55.833,3.3333,0
-5.5431e-06,0.048111,0.0098448,0,56.139,3.3333,0
-7.6372e-06,0.048163,0.0096204,0,56.444,3.3333,0
-9.84e-06,0.048393,0.0089417,0,56.75,3.3333,0
-1.1643e-05,0.048913,0.0075355,0,57.056,3.3333,0
-1.3605e-05,0.049734,0.0053526,0,57.361,3.3333,0
-1.4679e-05,0.050741,0.0026428,0,57.667,3.3333,0
-1.4931e-05,0.051712,-9.9538e-05,0,57.972,3.3333,0
-1.4535e-05,0.052478,-0.002419,0,58.278,3.3333,0
-1.3558e-05,0.052932,-0.0040571,0,58.583,3.3333,0
-1.2208e-05,0.053136,-0.0050709,0,58.889,3.3333,0
-1.0634e-05,0.053151,-0.0056262,0,59.194,3.3333,0
-9.1689e-06,0.053057,-0.0058773,0,59.5,3.3333,0
-7.9989e-06,0.052896,-0.0059707,0,59.806,3.3333,0
-6.5464e-06,0.0527,-0.0059656,0,60.111,3.3333,0
-5.3721e-06,0.052476,-0.0059314,0,60.417,3.3333,0
-4.5564e-06,0.052237,-0.0058735,0,60.722,3.3333,0
-3.8048e-06,0.051985,-0.0058201,0,61.028,3.3333,0
-3.2585e-06,0.051724,-0.0057523,0,61.333,3.3333,0
-2.8772e-06,0.05146,-0.00567,0,61.639,3.3333,0
-2.6318e-06,0.051201,-0.0055636,0,61.944,3.3333,0
-2.5464e-06,0.050944,-0.0054066,0,62.25,3.3333,0
-2.5955e-06,0.050699,-0.0052363,0,62.556,3.3333,0
-2.7468e-06,0.050459,-0.005062,0,62.861,3.3333,0
-3.0484e-06,0.050226,-0.0049315,0,63.167,3.3333,0
-3.4913e-06,0.049992,-0.0048455,0,63.472,3.3333,0
-3.8651e-06,0.049764,-0.0048167,0,63.778,3.3333,0
-4.6196e-06,0.049533,-0.0048422,0,64.083,3.3333,0
-4.9182e-06,0.049312,-0.0048878,0,64.389,3.3333,0
-5.7723e-06,0.049076,-0.0049058,0,64.694,3.3333,0
0,0.048893,-0.0048994,0,65,3.3333,0
5.8116e-05,0.051433,0.0074223,0,10.306,4,0
5.8143e-05,0.051721,0.00907,0,10.611,4,0
4.0434e-05,0.052689,0.011116,0,10.917,4,0
1.1033e-05,0.054758,0.01231,0,11.222,4,0
-3.2852e-05,0.057883,0.011385,0,11.528,4,0
-8.0818e-05,0.06147,0.0081762,0,11.833,4,0
-0.00011374,0.064793,0.0036239,0,12.139,4,0
-0.000124,0.066955,-0.00065588,0,12.444,4,0
-0.00012765,0.067459,-0.0036396,0,12.75,4,0
-0.00012804,0.066639,-0.0054043,0,13.056,4,0
-0.00012245,0.065201,-0.0063762,0,13.361,4,0
-0.00011334,0.063602,-0.0069077,0,13.667,4,0
-0.00010386,0.062058,-0.0072391,0,13.972,4,0
-9.494e-05,0.060647,-0.0074708,0,14.278,4,0
-8.6509e-05,0.059378,-0.0076273,0,14.583,4,0
-7.8618e-05,0.058233,-0.0077112,0,14.889,4,0
-7.1325e-05,0.057195,-0.0077267,0,15.194,4,0
-6.4583e-05,0.056249,-0.0076769,0,15.5,4,0
-5.8324e-05,0.055374,-0.0075759,0,15.806,4,0
-5.2549e-05,0.054558,-0.0074581,0,16.111,4,0
-4.7238e-05,0.053796,-0.0073589,0,16.417,4,0
-4.2359e-05,0.053076,-0.0072863,0,16.722,4,0
-3.7886e-05,0.052388,-0.0072098,0,17.028,4,0
-3.3709e-05,0.051734,-0.0070838,0,17.333,4,0
-2.9801e-05,0.051128,-0.0068816,0,17.639,4,0
-2.6191e-05,0.050584,-0.006608,0,17.944,4,0
-2.2828e-05,0.0501,-0.0063035,0,18.25,4,0
-1.9664e-05,0.049656,-0.0060353,0,18.556,4,0
-1.6643e-05,0.049219,-0.0058528,0,18.861,4,0
-1.371e-05,0.048763,-0.0057171,0,19.167,4,0
-1.0911e-05,0.048289,-0.0055045,0,19.472,4,0
-8.2691e-06,0.047823,-0.005112,0,19.778,4,0
-5.7907e-06,0.047383,-0.0046005,0,20.083,4,0
-3.4621e-06,0.046962,-0.00418,0,20.389,4,0
-1.2015e-06,0.046543,-0.0039646,0,20.694,4,0
1.0825e-06,0.04614,-0.0038166,0,21,4,0
3.3335e-06,0.04579,-0.0034845,0,21.306,4,0
5.4104e-06,0.045497,-0.0028728,0,21.611,4,0
7.2165e-06,0.045187,-0.0021682,0,21.917,4,0
8.5573e-06,0.044762,-0.0016693,0,22.222,4,0
9.8807e-06,0.044229,-0.0014451,0,22.528,4,0
1.1282e-05,0.043726,-0.0011758,0,22.833,4,0
1.3014e-05,0.043543,-0.00022413,0,23.139,4,0
1.4181e-05,0.043959,0.0020208,0,23.444,4,0
1.1989e-05,0.044832,0.0053737,0,23.75,4,0
6.8265e-06,0.045652,0.0088859,0,24.056,4,0
4.4783e-08,0.046072,0.011852,0,24.361,4,0
-7.7976e-06,0.04607,0.014116,0,24.667,4,0
-1.6526e-05,0.045818,0.015723,0,24.972,4,0
-2.7155e-05,0.045546,0.016717,0,25.278,4,0
-3.8274e-05,0.045446,0.017175,0,25.583,4,0
-4.8393e-05,0.045664,0.017094,0,25.889,4,0
-5.9634e-05,0.046433,0.016079,0,26.194,4,0
-7.0965e-05,0.047986,0.013544,0,26.5,4,0
-7.992e-05,0.050289,0.0093577,0,26.806,4,0
-8.4373e-05,0.052895,0.0042783,0,27.111,4,0
-8.24e-05,0.055117,-0.00040565,0,27.417,4,0
-7.6541e-05,0.056495,-0.0037875,0,27.722,4,0
-6.9433e-05,0.057015,-0.0057612,0,28.028,4,0
-6.1878e-05,0.05694,-0.0067098,0,28.333,4,0
-5.4434e-05,0.056549,-0.0070658,0,28.639,4,0
-4.7607e-05,0.056031,-0.0071181,0,28.944,4,0
-4.1526e-05,0.05548,-0.0070188,0,29.25,4,0
-3.6146e-05,0.054936,-0.0068459,0,29.556,4,0
-3.1369e-05,0.054415,-0.0066406,0,29.861,4,0
-2.7128e-05,0.053918,-0.0064249,0,30.167,4,0
-2.3367e-05,0.05345,-0.0062138,0,30.472,4,0
-2.0028e-05,0.053012,-0.0060229,0,30.778,4,0
-1.7043e-05,0.052601,-0.0058689,0,31.083,4,0
-1.4355e-05,0.052204,-0.0057604,0,31.389,4,0
-1.1915e-05,0.05181,-0.0056845,0,31.694,4,0
-9.6919e-06,0.051416,-0.0056058,0,32,4,0
-7.6659e-06,0.051028,-0.0054846,0,32.306,4,0
-5.8277e-06,0.050654,-0.0053061,0,32.611,4,0
-4.1625e-06,0.0503,-0.0050968,0,32.917,4,0
-2.6466e-06,0.049961,-0.0049109,0,33.222,4,0
-1.2585e-06,0.049629,-0.0047943,0,33.528,4,0
1.6196e-08,0.0493,-0.0047468,0,33.833,4,0
1.2106e-06,0.048982,-0.0047134,0,34.139,4,0
2.3449e-06,0.048689,-0.004616,0,34.444,4,0
3.3734e-06,0.048429,-0.004405,0,34.75,4,0
4.3095e-06,0.048196,-0.0040982,0,35.056,4,0
5.1227e-06,0.047968,-0.003779,0,35.361,4,0
5.822e-06,0.047716,-0.0035517,0,35.667,4,0
6.5463e-06,0.047422,-0.0034774,0,35.972,4,0
7.1183e-06,0.047085,-0.0035204,0,36.278,4,0
7.8043e-06,0.04674,-0.0035428,0,36.583,4,0
8.5955e-06,0.046436,-0.003339,0,36.889,4,0
9.1609e-06,0.046255,-0.002612,0,37.194,4,0
9.6063e-06,0.046304,-0.0010291,0,37.5,4,0
9.0617e-06,0.046548,0.0013573,0,37.806,4,0
6.9594e-06,0.046813,0.0039985,0,38.111,4,0
3.9731e-06,0.046961,0.0063848,0,38.417,4,0
1.1088e-06,0.046948,0.0083397,0,38.722,4,0
-1.6068e-06,0.046783,0.0098729,0,39.028,4,0
-4.7224e-06,0.046503,0.011053,0,39.333,4,0
-7.9683e-06,0.046182,0.011932,0,39.639,4,0
-1.1191e-05,0.045905,0.012503,0,39.944,4,0
-1.491e-05,0.045718,0.012788,0,40.25,4,0
-1.8678e-05,0.045648,0.01283,0,40.556,4,0
-2.165e-05,0.045762,0.012561,0,40.861,4,0
-2.4917e-05,0.046228,0.011654,0,41.167,4,0
-2.8916e-05,0.047224,0.0097125,0,41.472,4,0
-3.2095e-05,0.04873,0.0067114,0,41.778,4,0
-3.3372e-05,0.050473,0.0031541,0,42.083,4,0
-3.2693e-05,0.052066,-0.00020841,0,42.389,4,0
-3.0526e-05,0.053227,-0.0028003,0,42.694,4,0
-2.7458e-05,0.053886,-0.0044563,0,43,4,0
-2.3961e-05,0.054139,-0.005349,0,43.306,4,0
-2.0446e-05,0.054131,-0.00575,0,43.611,4,0
-1.7084e-05,0.053977,-0.0058735,0,43.917,4,0
-1.3949e-05,0.053749,-0.0058478,0,44.222,4,0
-1.1169e-05,0.053486,-0.0057388,0,44.528,4,0
-8.7315e-06,0.053213,-0.0055819,0,44.833,4,0
-6.5531e-06,0.052938,-0.0054057,0,45.139,4,0
-4.5935e-06,0.05266,-0.0052376,0,45.444,4,0
-2.8267e-06,0.052373,-0.0050975,0,45.75,4,0
-1.2345e-06,0.052074,-0.0049877,0,46.056,4,0
2.0369e-07,0.051771,-0.0048902,0,46.361,4,0
1.4977e-06,0.051474,-0.0047766,0,46.667,4,0
2.6642e-06,0.051194,-0.0046276,0,46.972,4,0
3.7108e-06,0.05093,-0.0044487,0,47.278,4,0
4.652e-06,0.050672,-0.0042705,0,47.583,4,0
5.504e-06,0.050408,-0.0041322,0,47.889,4,0
6.2645e-06,0.05013,-0.0040561,0,48.194,4,0
6.9409e-06,0.049845,-0.004029,0,48.5,4,0
7.5569e-06,0.049573,-0.0040038,0,48.806,4,0
8.1222e-06,0.049336,-0.0039247,0,49.111,4,0
8.6412e-06,0.04914,-0.0037597,0,49.417,4,0
9.1038e-06,0.048973,-0.0035243,0,49.722,4,0
9.5271e-06,0.048804,-0.003278,0,50.028,4,0
9.9e-06,0.048595,-0.0030966,0,50.333,4,0
1.0229e-05,0.048324,-0.0030311,0,50.639,4,0
1.0513e-05,0.047994,-0.0030709,0,50.944,4,0
1.0707e-05,0.04764,-0.0031295,0,51.25,4,0
1.0891e-05,0.047318,-0.0030633,0,51.556,4,0
1.1104e-05,0.047104,-0.0026854,0,51.861,4,0
1.1292e-05,0.047097,-0.0017794,0,52.167,4,0
1.1291e-05,0.047357,-0.00025861,0,52.472,4,0
1.082e-05,0.047796,0.0016452,0,52.778,4,0
9.8435e-06,0.048252,0.0035422,0,53.083,4,0
8.613e-06,0.048604,0.0051857,0,53.389,4,0
7.3023e-06,0.048807,0.006524,0,53.694,4,0
5.9632e-06,0.048864,0.0076103,0,54,4,0
4.4526e-06,0.048812,0.0084815,0,54.306,4,0
2.747e-06,0.048704,0.0091341,0,54.611,4,0
8.3807e-07,0.048593,0.0095713,0,54.917,4,0
-1.0357e-06,0.048517,0.0098118,0,55.222,4,0
-2.8042e-06,0.048486,0.0099026,0,55.528,4,0
-4.9848e-06,0.048496,0.0098884,0,55.833,4,0
-6.5618e-06,0.048592,0.0096898,0,56.139,4,0
-8.7202e-06,0.048877,0.0090793,0,56.444,4,0
-1.1289e-05,0.049478,0.0077535,0,56.75,4,0
-1.2772e-05,0.050392,0.0056633,0,57.056,4,0
-1.4124e-05,0.051486,0.00306,0,57.361,4,0
-1.4505e-05,0.05256,0.0003847,0,57.667,4,0
-1.4126e-05,0.053399,-0.0019043,0,57.972,4,0
-1.3135e-05,0.053937,-0.0035642,0,58.278,4,0
-1.176e-05,0.054171,-0.0045979,0,58.583,4,0
-1.0301e-05,0.054215,-0.0051797,0,58.889,4,0
-8.8232e-06,0.054113,-0.0054507,0,59.194,4,0
-7.3525e-06,0.053943,-0.005541,0,59.5,4,0
-6.2107e-06,0.053723,-0.0055347,0,59.806,4,0
-5.0342e-06,0.053482,-0.0054682,0,60.111,4,0
-4.023e-06,0.053223,-0.0053893,0,60.417,4,0
-3.3838e-06,0.052956,-0.0053009,0,60.722,4,0
-2.7896e-06,0.052684,-0.0052255,0,61.028,4,0
-2.3762e-06,0.05241,-0.0051469,0,61.333,4,0
-2.1016e-06,0.05214,-0.0050724,0,61.639,4,0
-1.9577e-06,0.051875,-0.0049834,0,61.944,4,0
-1.9352e-06,0.05162,-0.0048603,0,62.25,4,0
-2.0698e-06,0.051386,-0.0047237,0,62.556,4,0
-2.2709e-06,0.051158,-0.0045641,0,62.861,4,0
-2.6916e-06,0.050937,-0.0044341,0,63.167,4,0
-3.3526e-06,0.050709,-0.004339,0,63.472,4,0
-3.749e-06,0.050475,-0.004296,0,63.778,4,0
-4.7504e-06,0.050219,-0.0043119,0,64.083,4,0
-5.2651e-06,0.049961,-0.0043655,0,64.389,4,0
-6.3949e-06,0.049672,-0.0043988,0,64.694,4,0
0,0.04945,-0.0043967,0,65,4,0
2.3785e-05,0.055859,0.0051047,0,10.306,4.6667,0
2.1505e-05,0.056986,0.0060014,0,10.611,4.6667,0
1.4665e-05,0.058534,0.0065589,0,10.917,4.6667,0
4.1611e-06,0.060494,0.0063467,0,11.222,4.6667,0
-1.2656e-05,0.062602,0.005193,0,11.528,4.6667,0
-3.0485e-05,0.064337,0.0034839,0,11.833,4.6667,0
-4.8137e-05,0.065285,0.0017305,0,12.139,4.6667,0
-6.2258e-05,0.06533,0.00015907,0,12.444,4.6667,0
-7.1588e-05,0.06474,-0.0012297,0,12.75,4.6667,0
-7.6653e-05,0.063821,-0.0024057,0,13.056,4.6667,0
-7.8507e-05,0.06278,-0.0033546,0,13.361,4.6667,0
-7.7629e-05,0.061731,-0.0040926,0,13.667,4.6667,0
-7.5231e-05,0.060719,-0.0046555,0,13.972,4.6667,0
-7.1844e-05,0.059755,-0.0050838,0,14.278,4.6667,0
-6.7851e-05,0.058837,-0.0054007,0,14.583,4.6667,0
-6.3448e-05,0.057966,-0.0056259,0,14.889,4.6667,0
-5.8862e-05,0.057141,-0.0057875,0,15.194,4.6667,0
-5.4261e-05,0.056362,-0.0059044,0,15.5,4.6667,0
-4.9723e-05,0.055632,-0.0059746,0,15.806,4.6667,0
-4.5317e-05,0.054951,-0.0059862,0,16.111,4.6667,0
-4.1084e-05,0.054313,-0.0059328,0,16.417,4.6667,0
-3.7033e-05,0.053701,-0.0058379,0,16.722,4.6667,0
-3.3179e-05,0.053105,-0.0057495,0,17.028,4.6667,0
-2.9525e-05,0.05252,-0.0056935,0,17.333,4.6667,0
-2.6066e-05,0.051959,-0.0056395,0,17.639,4.6667,0
-2.2793e-05,0.051436,-0.0055365,0,17.944,4.6667,0
-1.9676e-05,0.050957,-0.0053795,0,18.25,4.6667,0
-1.6666e-05,0.050521,-0.0052086,0,18.556,4.6667,0
-1.3732e-05,0.050114,-0.005045,0,18.861,4.6667,0
-1.0914e-05,0.049719,-0.0048497,0,19.167,4.6667,0
-8.2167e-06,0.049329,-0.0045662,0,19.472,4.6667,0
-5.6352e-06,0.04895,-0.004191,0,19.778,4.6667,0
-3.1984e-06,0.048609,-0.0038062,0,20.083,4.6667,0
-8.8027e-07,0.048314,-0.0035213,0,20.389,4.6667,0
1.3809e-06,0.048038,-0.0033557,0,20.694,4.6667,0
3.6998e-06,0.047758,-0.0031983,0,21,4.6667,0
5.9926e-06,0.047472,-0.002881,0,21.306,4.6667,0
8.1182e-06,0.047199,-0.0023081,0,21.611,4.6667,0
1.0067e-05,0.046951,-0.0015708,0,21.917,4.6667,0
1.155e-05,0.04671,-0.0009223,0,22.222,4.6667,0
1.3017e-05,0.046453,-0.00055689,0,22.528,4.6667,0
1.4581e-05,0.046185,-0.00037462,0,22.833,4.6667,0
1.5969e-05,0.045979,3.5314e-05,0,23.139,4.6667,0
1.7646e-05,0.045988,0.0013603,0,23.444,4.6667,0
1.7033e-05,0.046273,0.0041148,0,23.75,4.6667,0
1.2788e-05,0.046641,0.0078177,0,24.056,4.6667,0
6.215e-06,0.046871,0.01142,0,24.361,4.6667,0
-2.2628e-06,0.046948,0.01424,0,24.667,4.6667,0
-1.157e-05,0.047044,0.016013,0,24.972,4.6667,0
-2.2365e-05,0.047377,0.016734,0,25.278,4.6667,0
-3.4869e-05,0.048135,0.016435,0,25.583,4.6667,0
-4.653e-05,0.049492,0.014929,0,25.889,4.6667,0
-5.7701e-05,0.051512,0.012015,0,26.194,4.6667,0
-6.6652e-05,0.053967,0.0079473,0,26.5,4.6667,0
-7.0142e-05,0.056342,0.0035419,0,26.806,4.6667,0
-6.9526e-05,0.058111,-0.00026742,0,27.111,4.6667,0
-6.5908e-05,0.05904,-0.0029585,0,27.417,4.6667,0
-6.0492e-05,0.059228,-0.0045448,0,27.722,4.6667,0
-5.4513e-05,0.058939,-0.0053372,0,28.028,4.6667,0
-4.8403e-05,0.058406,-0.0056596,0,28.333,4.6667,0
-4.2617e-05,0.057772,-0.005742,0,28.639,4.6667,0
-3.7385e-05,0.05711,-0.0057188,0,28.944,4.6667,0
-3.2691e-05,0.056458,-0.0056554,0,29.25,4.6667,0
-2.8494e-05,0.055837,-0.005575,0,29.556,4.6667,0
-2.4742e-05,0.055256,-0.0054808,0,29.861,4.6667,0
-2.1368e-05,0.054721,-0.0053719,0,30.167,4.6667,0
-1.8325e-05,0.054227,-0.0052518,0,30.472,4.6667,0
-1.5571e-05,0.053769,-0.0051293,0,30.778,4.6667,0
-1.3063e-05,0.053338,-0.0050146,0,31.083,4.6667,0
-1.0763e-05,0.052926,-0.0049134,0,31.389,4.6667,0
-8.643e-06,0.052525,-0.004823,0,31.694,4.6667,0
-6.6821e-06,0.052132,-0.0047306,0,32,4.6667,0
-4.8711e-06,0.051749,-0.0046198,0,32.306,4.6667,0
-3.2059e-06,0.051385,-0.004484,0,32.611,4.6667,0
-1.6745e-06,0.051046,-0.0043371,0,32.917,4.6667,0
-2.7013e-07,0.050732,-0.0042089,0,33.222,4.6667,0
1.0167e-06,0.050433,-0.0041255,0,33.528,4.6667,0
2.2263e-06,0.050139,-0.0040877,0,33.833,4.6667,0
3.3894e-06,0.049839,-0.0040598,0,34.139,4.6667,0
4.5015e-06,0.049536,-0.0039834,0,34.444,4.6667,0
5.5222e-06,0.049238,-0.003813,0,34.75,4.6667,0
6.4431e-06,0.048955,-0.0035508,0,35.056,4.6667,0
7.272e-06,0.048691,-0.0032564,0,35.361,4.6667,0
7.979e-06,0.048442,-0.0030196,0,35.667,4.6667,0
8.6567e-06,0.0482,-0.0029083,0,35.972,4.6667,0
9.235e-06,0.047954,-0.0029165,0,36.278,4.6667,0
9.7396e-06,0.047707,-0.0029494,0,36.583,4.6667,0
1.0322e-05,0.047477,-0.0028488,0,36.889,4.6667,0
1.0872e-05,0.047298,-0.0023636,0,37.194,4.6667,0
1.1432e-05,0.047231,-0.0010884,0,37.5,4.6667,0
1.1488e-05,0.047279,0.0011519,0,37.806,4.6667,0
1.0443e-05,0.047342,0.0039105,0,38.111,4.6667,0
8.2333e-06,0.04732,0.0065513,0,38.417,4.6667,0
5.3189e-06,0.04719,0.0087451,0,38.722,4.6667,0
1.9777e-06,0.046981,0.010432,0,39.028,4.6667,0
-1.7109e-06,0.046756,0.011637,0,39.333,4.6667,0
-5.9655e-06,0.046583,0.012388,0,39.639,4.6667,0
-1.0962e-05,0.046513,0.012752,0,39.944,4.6667,0
-1.5597e-05,0.046589,0.012805,0,40.25,4.6667,0
-1.9809e-05,0.046915,0.012445,0,40.556,4.6667,0
-2.4064e-05,0.047661,0.011329,0,40.861,4.6667,0
-2.8165e-05,0.048933,0.0091713,0,41.167,4.6667,0
-3.1231e-05,0.050617,0.006108,0,41.472,4.6667,0
-3.2262e-05,0.05239,0.0027058,0,41.778,4.6667,0
-3.1341e-05,0.053891,-0.00036002,0,42.083,4.6667,0
-2.902e-05,0.054901,-0.0026501,0,42.389,4.6667,0
-2.5999e-05,0.055403,-0.00409,0,42.694,4.6667,0
-2.271e-05,0.055517,-0.0048605,0,43,4.6667,0
-1.9359e-05,0.05539,-0.0051998,0,43.306,4.6667,0
-1.6159e-05,0.055132,-0.0052928,0,43.611,4.6667,0
-1.3208e-05,0.054809,-0.0052568,0,43.917,4.6667,0
-1.0536e-05,0.054456,-0.0051579,0,44.222,4.6667,0
-8.1403e-06,0.054094,-0.005029,0,44.528,4.6667,0
-5.9994e-06,0.053735,-0.0048841,0,44.833,4.6667,0
-4.0833e-06,0.053388,-0.0047312,0,45.139,4.6667,0
-2.3595e-06,0.053056,-0.0045794,0,45.444,4.6667,0
-8.001e-07,0.052739,-0.0044404,0,45.75,4.6667,0
6.1365e-07,0.052432,-0.0043224,0,46.056,4.6667,0
1.8976e-06,0.052131,-0.0042239,0,46.361,4.6667,0
3.0607e-06,0.051834,-0.0041306,0,46.667,4.6667,0
4.113e-06,0.051546,-0.0040233,0,46.972,4.6667,0
5.0613e-06,0.051273,-0.0038907,0,47.278,4.6667,0
5.9208e-06,0.051018,-0.0037404,0,47.583,4.6667,0
6.6973e-06,0.050775,-0.0035987,0,47.889,4.6667,0
7.3975e-06,0.050537,-0.0034962,0,48.194,4.6667,0
8.042e-06,0.050293,-0.0034475,0,48.5,4.6667,0
8.6425e-06,0.050042,-0.003435,0,48.806,4.6667,0
9.194e-06,0.049794,-0.0034118,0,49.111,4.6667,0
9.6997e-06,0.049561,-0.0033269,0,49.417,4.6667,0
1.0146e-05,0.049351,-0.0031562,0,49.722,4.6667,0
1.0541e-05,0.049161,-0.0029204,0,50.028,4.6667,0
1.0879e-05,0.048976,-0.0026802,0,50.333,4.6667,0
1.1127e-05,0.048778,-0.0025066,0,50.639,4.6667,0
1.1358e-05,0.048552,-0.0024402,0,50.944,4.6667,0
1.1497e-05,0.048301,-0.0024567,0,51.25,4.6667,0
1.1603e-05,0.048051,-0.0024627,0,51.556,4.6667,0
1.1819e-05,0.047845,-0.002318,0,51.861,4.6667,0
1.1957e-05,0.047748,-0.0018324,0,52.167,4.6667,0
1.2163e-05,0.047841,-0.00078305,0,52.472,4.6667,0
1.2074e-05,0.048115,0.00085532,0,52.778,4.6667,0
1.1249e-05,0.048449,0.002789,0,53.083,4.6667,0
1.0092e-05,0.048718,0.004661,0,53.389,4.6667,0
8.493e-06,0.04887,0.006278,0,53.694,4.6667,0
6.889e-06,0.048915,0.0075896,0,54,4.6667,0
5.4206e-06,0.048903,0.0085875,0,54.306,4.6667,0
3.6424e-06,0.048875,0.0092716,0,54.611,4.6667,0
1.5632e-06,0.048862,0.009668,0,54.917,4.6667,0
-8.4435e-07,0.048879,0.0098387,0,55.222,4.6667,0
-2.9599e-06,0.048945,0.0098483,0,55.528,4.6667,0
-5.1938e-06,0.049117,0.0096538,0,55.833,4.6667,0
-7.1262e-06,0.049517,0.0090101,0,56.139,4.6667,0
-9.083e-06,0.050241,0.0076857,0,56.444,4.6667,0
-1.1316e-05,0.051276,0.0056395,0,56.75,4.6667,0
-1.2442e-05,0.052459,0.0031489,0,57.056,4.6667,0
-1.297e-05,0.053573,0.00062459,0,57.361,4.6667,0
-1.2551e-05,0.054435,-0.0015303,0,57.667,4.6667,0
-1.161e-05,0.054951,-0.0031031,0,57.972,4.6667,0
-1.0325e-05,0.055168,-0.0041036,0,58.278,4.6667,0
-8.8662e-06,0.055152,-0.0046642,0,58.583,4.6667,0
-7.4503e-06,0.055008,-0.0049429,0,58.889,4.6667,0
-6.1803e-06,0.054769,-0.0050321,0,59.194,4.6667,0
-4.955e-06,0.054504,-0.0050283,0,59.5,4.6667,0
-3.9209e-06,0.054207,-0.0049628,0,59.806,4.6667,0
-3.1146e-06,0.053915,-0.0048739,0,60.111,4.6667,0
-2.3993e-06,0.053619,-0.0047846,0,60.417,4.6667,0
-1.8977e-06,0.05333,-0.0046972,0,60.722,4.6667,0
-1.4914e-06,0.053044,-0.0046299,0,61.028,4.6667,0
-1.238e-06,0.052763,-0.0045654,0,61.333,4.6667,0
-1.0916e-06,0.052489,-0.0045022,0,61.639,4.6667,0
-1.0837e-06,0.052217,-0.0044285,0,61.944,4.6667,0
-1.1586e-06,0.051957,-0.004339,0,62.25,4.6667,0
-1.3991e-06,0.05171,-0.0042291,0,62.556,4.6667,0
-1.6937e-06,0.051478,-0.0040836,0,62.861,4.6667,0
-2.1818e-06,0.05127,-0.0039527,0,63.167,4.6667,0
-2.7827e-06,0.051073,-0.0038352,0,63.472,4.6667,0
-3.3231e-06,0.050886,-0.0037501,0,63.778,4.6667,0
-4.423e-06,0.050687,-0.0037142,0,64.083,4.6667,0
-4.7866e-06,0.050483,-0.003724,0,64.389,4.6667,0
-6.1099e-06,0.050228,-0.0037418,0,64.694,4.6667,0
0,0.050022,-0.0037421,0,65,4.6667,0
-7.782e-06,0.057126,0.0027957,0,10.306,5.3333,0
-8.6605e-06,0.058015,0.0032445,0,10.611,5.3333,0
-1.3275e-05,0.05906,0.0034792,0,10.917,5.3333,0
-1.9708e-05,0.060134,0.0034112,0,11.222,5.3333,0
-2.9086e-05,0.061074,0.0029826,0,11.528,5.3333,0
-3.8449e-05,0.061706,0.0022762,0,11.833,5.3333,0
-4.6837e-05,0.062008,0.0014116,0,12.139,5.3333,0
-5.3253e-05,0.062032,0.00051254,0,12.444,5.3333,0
-5.8067e-05,0.061834,-0.00035331,0,12.75,5.3333,0
-6.0925e-05,0.061461,-0.0011386,0,13.056,5.3333,0
-6.2108e-05,0.060964,-0.0018238,0,13.361,5.3333,0
-6.1831e-05,0.060384,-0.0024158,0,13.667,5.3333,0
-6.0503e-05,0.059756,-0.0029289,0,13.972,5.3333,0
-5.8403e-05,0.059103,-0.0033665,0,14.278,5.3333,0
-5.5781e-05,0.058441,-0.0037253,0,14.583,5.3333,0
-5.2793e-05,0.057783,-0.0040083,0,14.889,5.3333,0
-4.9565e-05,0.057137,-0.0042247,0,15.194,5.3333,0
-4.6214e-05,0.056503,-0.0043845,0,15.5,5.3333,0
-4.2813e-05,0.055884,-0.0044985,0,15.806,5.3333,0
-3.9412e-05,0.055283,-0.004579,0,16.111,5.3333,0
-3.6034e-05,0.054711,-0.0046312,0,16.417,5.3333,0
-3.27e-05,0.054177,-0.0046503,0,16.722,5.3333,0
-2.9432e-05,0.05368,-0.0046327,0,17.028,5.3333,0
-2.6236e-05,0.053205,-0.0045853,0,17.333,5.3333,0
-2.312e-05,0.052741,-0.0045152,0,17.639,5.3333,0
-2.0074e-05,0.052288,-0.0044206,0,17.944,5.3333,0
-1.7126e-05,0.051851,-0.0043061,0,18.25,5.3333,0
-1.4297e-05,0.051431,-0.0041954,0,18.556,5.3333,0
-1.1599e-05,0.051016,-0.0041045,0,18.861,5.3333,0
-9.0101e-06,0.050609,-0.0040039,0,19.167,5.3333,0
-6.4727e-06,0.050226,-0.0038263,0,19.472,5.3333,0
-4.019e-06,0.049886,-0.003542,0,19.778,5.3333,0
-1.6661e-06,0.049594,-0.0032116,0,20.083,5.3333,0
6.1559e-07,0.049328,-0.0029346,0,20.389,5.3333,0
2.8903e-06,0.049065,-0.0027522,0,20.694,5.3333,0
5.1976e-06,0.048795,-0.0025807,0,21,5.3333,0
7.4603e-06,0.048526,-0.0022646,0,21.306,5.3333,0
9.6516e-06,0.048279,-0.0017346,0,21.611,5.3333,0
1.1601e-05,0.048076,-0.001103,0,21.917,5.3333,0
1.3335e-05,0.047932,-0.00058411,0,22.222,5.3333,0
1.5097e-05,0.047832,-0.0002989,0,22.528,5.3333,0
1.6701e-05,0.047745,-0.0001424,0,22.833,5.3333,0
1.8207e-05,0.047663,0.00021374,0,23.139,5.3333,0
1.9542e-05,0.047612,0.0013789,0,23.444,5.3333,0
1.951e-05,0.047646,0.0039412,0,23.75,5.3333,0
1.6863e-05,0.047803,0.0075816,0,24.056,5.3333,0
1.165e-05,0.04811,0.01118,0,24.361,5.3333,0
4.179e-06,0.048663,0.01374,0,24.667,5.3333,0
-5.941e-06,0.049602,0.014782,0,24.972,5.3333,0
-1.6947e-05,0.051016,0.01433,0,25.278,5.3333,0
-2.7259e-05,0.052902,0.012564,0,25.583,5.3333,0
-3.6853e-05,0.055133,0.0097197,0,25.889,5.3333,0
-4.362e-05,0.057385,0.0063126,0,26.194,5.3333,0
-4.6975e-05,0.059237,0.0030182,0,26.5,5.3333,0
-4.7581e-05,0.060399,0.00032054,0,26.806,5.3333,0
-4.6148e-05,0.060821,-0.0016054,0,27.111,5.3333,0
-4.4056e-05,0.060663,-0.0028389,0,27.417,5.3333,0
-4.1143e-05,0.060157,-0.0035685,0,27.722,5.3333,0
-3.743e-05,0.059487,-0.0039667,0,28.028,5.3333,0
-3.365e-05,0.058771,-0.0041628,0,28.333,5.3333,0
-3.0071e-05,0.058069,-0.0042401,0,28.639,5.3333,0
-2.6716e-05,0.057404,-0.0042532,0,28.944,5.3333,0
-2.3594e-05,0.056776,-0.0042403,0,29.25,5.3333,0
-2.07e-05,0.056183,-0.0042231,0,29.556,5.3333,0
-1.8022e-05,0.055621,-0.0042051,0,29.861,5.3333,0
-1.554e-05,0.055089,-0.0041789,0,30.167,5.3333,0
-1.3234e-05,0.05459,-0.0041376,0,30.472,5.3333,0
-1.1087e-05,0.054121,-0.0040841,0,30.778,5.3333,0
-9.0813e-06,0.053679,-0.0040298,0,31.083,5.3333,0
-7.2046e-06,0.053262,-0.0039854,0,31.389,5.3333,0
-5.4457e-06,0.052867,-0.0039509,0,31.694,5.3333,0
-3.7945e-06,0.052494,-0.0039135,0,32,5.3333,0
-2.2458e-06,0.052144,-0.0038567,0,32.306,5.3333,0
-7.9482e-07,0.051815,-0.0037725,0,32.611,5.3333,0
5.647e-07,0.051505,-0.0036704,0,32.917,5.3333,0
1.841e-06,0.051206,-0.0035732,0,33.222,5.3333,0
3.0553e-06,0.050914,-0.0035004,0,33.528,5.3333,0
4.2259e-06,0.050623,-0.0034514,0,33.833,5.3333,0
5.3452e-06,0.05033,-0.0033994,0,34.139,5.3333,0
6.411e-06,0.050038,-0.003304,0,34.444,5.3333,0
7.4051e-06,0.049749,-0.0031365,0,34.75,5.3333,0
8.3135e-06,0.049471,-0.002905,0,35.056,5.3333,0
9.1388e-06,0.049209,-0.0026613,0,35.361,5.3333,0
9.8506e-06,0.048966,-0.0024794,0,35.667,5.3333,0
1.052e-05,0.048742,-0.0024115,0,35.972,5.3333,0
1.1123e-05,0.048533,-0.0024471,0,36.278,5.3333,0
1.1641e-05,0.048336,-0.0025019,0,36.583,5.3333,0
1.2239e-05,0.048152,-0.0024456,0,36.889,5.3333,0
1.2792e-05,0.047992,-0.0020744,0,37.194,5.3333,0
1.3446e-05,0.04789,-0.00098697,0,37.5,5.3333,0
1.3744e-05,0.047855,0.0011149,0,37.806,5.3333,0
1.3116e-05,0.047838,0.0039051,0,38.111,5.3333,0
1.1769e-05,0.047778,0.0067145,0,38.417,5.3333,0
9.3935e-06,0.047657,0.0090801,0,38.722,5.3333,0
5.9422e-06,0.047518,0.010819,0,39.028,5.3333,0
1.6763e-06,0.047443,0.011921,0,39.333,5.3333,0
-3.3367e-06,0.047514,0.012458,0,39.639,5.3333,0
-8.7375e-06,0.047815,0.012493,0,39.944,5.3333,0
-1.4251e-05,0.048456,0.011914,0,40.25,5.3333,0
-1.9239e-05,0.04955,0.010491,0,40.556,5.3333,0
-2.3391e-05,0.051086,0.0081588,0,40.861,5.3333,0
-2.637e-05,0.052853,0.0052042,0,41.167,5.3333,0
-2.7461e-05,0.054518,0.0021714,0,41.472,5.3333,0
-2.6662e-05,0.055794,-0.0004294,0,41.778,5.3333,0
-2.4569e-05,0.056554,-0.0023219,0,42.083,5.3333,0
-2.2025e-05,0.056842,-0.0035048,0,42.389,5.3333,0
-1.9262e-05,0.056791,-0.0041434,0,42.694,5.3333,0
-1.64e-05,0.056538,-0.0044288,0,43,5.3333,0
-1.3652e-05,0.056178,-0.00451,0,43.306,5.3333,0
-1.1097e-05,0.055774,-0.0044823,0,43.611,5.3333,0
-8.7561e-06,0.055356,-0.0043989,0,43.917,5.3333,0
-6.6287e-06,0.054941,-0.0042879,0,44.222,5.3333,0
-4.7061e-06,0.054538,-0.0041649,0,44.528,5.3333,0
-2.9691e-06,0.054149,-0.004041,0,44.833,5.3333,0
-1.3976e-06,0.053777,-0.0039253,0,45.139,5.3333,0
2.8234e-08,0.053426,-0.0038235,0,45.444,5.3333,0
1.3293e-06,0.053095,-0.0037365,0,45.75,5.3333,0
2.5195e-06,0.052782,-0.0036594,0,46.056,5.3333,0
3.6112e-06,0.052483,-0.0035839,0,46.361,5.3333,0
4.6116e-06,0.052192,-0.0035009,0,46.667,5.3333,0
5.5261e-06,0.051909,-0.003405,0,46.972,5.3333,0
6.3612e-06,0.051635,-0.0032968,0,47.278,5.3333,0
7.1257e-06,0.051378,-0.0031845,0,47.583,5.3333,0
7.8278e-06,0.051141,-0.0030821,0,47.889,5.3333,0
8.4845e-06,0.050922,-0.0030025,0,48.194,5.3333,0
9.1027e-06,0.05071,-0.0029509,0,48.5,5.3333,0
9.6825e-06,0.050495,-0.0029164,0,48.806,5.3333,0
1.022e-05,0.05027,-0.0028736,0,49.111,5.3333,0
1.0718e-05,0.050037,-0.0027916,0,49.417,5.3333,0
1.1163e-05,0.049805,-0.0026514,0,49.722,5.3333,0
1.1542e-05,0.049587,-0.0024615,0,50.028,5.3333,0
1.188e-05,0.049388,-0.0022611,0,50.333,5.3333,0
1.2136e-05,0.049206,-0.0021041,0,50.639,5.3333,0
1.238e-05,0.049032,-0.0020308,0,50.944,5.3333,0
1.2588e-05,0.048858,-0.0020377,0,51.25,5.3333,0
1.2689e-05,0.048686,-0.0020675,0,51.556,5.3333,0
1.2896e-05,0.048532,-0.0020239,0,51.861,5.3333,0
1.3104e-05,0.048425,-0.0017689,0,52.167,5.3333,0
1.3446e-05,0.048422,-0.0010578,0,52.472,5.3333,0
1.3644e-05,0.048555,0.0003185,0,52.778,5.3333,0
1.3125e-05,0.04877,0.0022271,0,53.083,5.3333,0
1.216e-05,0.048968,0.0042653,0,53.389,5.3333,0
1.0762e-05,0.049097,0.0060944,0,53.694,5.3333,0
9.16e-06,0.049162,0.0075398,0,54,5.3333,0
7.5446e-06,0.049198,0.0085689,0,54.306,5.3333,0
5.6629e-06,0.049239,0.0092252,0,54.611,5.3333,0
3.3222e-06,0.049319,0.0095624,0,54.917,5.3333,0
7.0167e-07,0.049478,0.0096323,0,55.222,5.3333,0
-1.5597e-06,0.049791,0.0093832,0,55.528,5.3333,0
-3.9055e-06,0.050363,0.0086422,0,55.833,5.3333,0
-6.2484e-06,0.051258,0.0072362,0,56.139,5.3333,0
-7.9758e-06,0.052402,0.0052387,0,56.444,5.3333,0
-9.4009e-06,0.053618,0.0029166,0,56.75,5.3333,0
-9.8501e-06,0.054698,0.0006509,0,57.056,5.3333,0
-9.5463e-06,0.055487,-0.0012489,0,57.361,5.3333,0
-8.6522e-06,0.055933,-0.0026218,0,57.667,5.3333,0
-7.6175e-06,0.056076,-0.0035018,0,57.972,5.3333,0
-6.4826e-06,0.056006,-0.0040026,0,58.278,5.3333,0
-5.2864e-06,0.055795,-0.0042497,0,58.583,5.3333,0
-4.1355e-06,0.055513,-0.0043453,0,58.889,5.3333,0
-3.1193e-06,0.055184,-0.0043492,0,59.194,5.3333,0
-2.2758e-06,0.054852,-0.004315,0,59.5,5.3333,0
-1.5622e-06,0.054511,-0.0042507,0,59.806,5.3333,0
-9.8872e-07,0.054191,-0.0041845,0,60.111,5.3333,0
-5.0692e-07,0.053874,-0.0041142,0,60.417,5.3333,0
-1.9061e-07,0.053574,-0.0040453,0,60.722,5.3333,0
4.8365e-08,0.053278,-0.0039889,0,61.028,5.3333,0
1.4268e-07,0.052988,-0.003936,0,61.333,5.3333,0
1.7643e-07,0.052704,-0.0038812,0,61.639,5.3333,0
7.103e-08,0.052429,-0.0038216,0,61.944,5.3333,0
-7.8927e-08,0.052168,-0.0037523,0,62.25,5.3333,0
-3.9973e-07,0.051919,-0.0036785,0,62.556,5.3333,0
-7.4123e-07,0.051696,-0.0036049,0,62.861,5.3333,0
-1.2378e-06,0.051507,-0.0035501,0,63.167,5.3333,0
-1.7105e-06,0.051344,-0.0034985,0,63.472,5.3333,0
-2.2884e-06,0.05121,-0.0034568,0,63.778,5.3333,0
-3.2994e-06,0.051084,-0.0034249,0,64.083,5.3333,0
-3.4607e-06,0.050962,-0.0033933,0,64.389,5.3333,0
-4.6118e-06,0.050799,-0.003348,0,64.694,5.3333,0
0,0.050657,-0.0033202,0,65,5.3333,0
-3.5168e-05,0.057201,0.0014806,0,10.306,6,0
-3.3631e-05,0.057714,0.0017749,0,10.611,6,0
-3.4095e-05,0.058276,0.0019458,0,10.917,6,0
-3.5506e-05,0.058833,0.0019564,0,11.222,6,0
-3.8359e-05,0.059335,0.0017844,0,11.528,6,0
-4.1668e-05,0.059717,0.0014694,0,11.833,6,0
-4.5335e-05,0.059951,0.0010471,0,12.139,6,0
-4.8424e-05,0.060032,0.00055633,0,12.444,6,0
-5.085e-05,0.059971,2.916e-05,0,12.75,6,0
-5.2397e-05,0.059787,-0.00049809,0,13.056,6,0
-5.3069e-05,0.059508,-0.00099727,0,13.361,6,0
-5.293e-05,0.059157,-0.0014525,0,13.667,6,0
-5.2109e-05,0.058751,-0.0018579,0,13.972,6,0
-5.0706e-05,0.058304,-0.0022137,0,14.278,6,0
-4.8827e-05,0.057829,-0.002521,0,14.583,6,0
-4.6577e-05,0.057338,-0.0027809,0,14.889,6,0
-4.4061e-05,0.05684,-0.0029962,0,15.194,6,0
-4.1361e-05,0.056341,-0.0031713,0,15.5,6,0
-3.8545e-05,0.055846,-0.0033126,0,15.806,6,0
-3.5665e-05,0.055359,-0.0034284,0,16.111,6,0
-3.276e-05,0.05488,-0.0035217,0,16.417,6,0
-2.9846e-05,0.054412,-0.0035891,0,16.722,6,0
-2.6941e-05,0.05396,-0.0036294,0,17.028,6,0
-2.4063e-05,0.053527,-0.0036456,0,17.333,6,0
-2.1228e-05,0.053116,-0.0036378,0,17.639,6,0
-1.8451e-05,0.052726,-0.003596,0,17.944,6,0
-1.5759e-05,0.052362,-0.0035101,0,18.25,6,0
-1.3157e-05,0.052018,-0.0033876,0,18.556,6,0
-1.0616e-05,0.051684,-0.0032536,0,18.861,6,0
-8.0874e-06,0.051346,-0.003126,0,19.167,6,0
-5.591e-06,0.05101,-0.0029893,0,19.472,6,0
-3.1685e-06,0.050698,-0.0028104,0,19.778,6,0
-8.022e-07,0.050425,-0.0025874,0,20.083,6,0
1.5086e-06,0.050185,-0.0023674,0,20.389,6,0
3.8113e-06,0.049954,-0.0021913,0,20.694,6,0
6.1497e-06,0.049716,-0.0020217,0,21,6,0
8.444e-06,0.049483,-0.0017542,0,21.306,6,0
1.0747e-05,0.049292,-0.0013271,0,21.611,6,0
1.289e-05,0.049165,-0.00081478,0,21.917,6,0
1.4961e-05,0.049094,-0.00038667,0,22.222,6,0
1.7242e-05,0.049041,-0.00014717,0,22.528,6,0
1.9417e-05,0.048977,-5.1183e-06,0,22.833,6,0
2.1688e-05,0.0489,0.00033141,0,23.139,6,0
2.3795e-05,0.048837,0.001404,0,23.444,6,0
2.4643e-05,0.048913,0.0036993,0,23.75,6,0
2.3308e-05,0.049329,0.0068083,0,24.056,6,0
2.0121e-05,0.050228,0.0095499,0,24.361,6,0
1.5353e-05,0.051637,0.010984,0,24.667,6,0
7.7251e-06,0.053445,0.010883,0,24.972,6,0
-1.2349e-06,0.05546,0.0095414,0,25.278,6,0
-8.5271e-06,0.057454,0.0074525,0,25.583,6,0
-1.4373e-05,0.05917,0.0051591,0,25.889,6,0
-1.9235e-05,0.060388,0.003071,0,26.194,6,0
-2.2441e-05,0.061023,0.0013727,0,26.5,6,0
-2.4117e-05,0.061132,8.5654e-05,0,26.806,6,0
-2.4587e-05,0.060858,-0.00084905,0,27.111,6,0
-2.4197e-05,0.060354,-0.0015104,0,27.417,6,0
-2.3309e-05,0.059736,-0.001976,0,27.722,6,0
-2.2038e-05,0.05908,-0.0023133,0,28.028,6,0
-2.0522e-05,0.058428,-0.0025672,0,28.333,6,0
-1.8869e-05,0.057803,-0.0027593,0,28.639,6,0
-1.7142e-05,0.057216,-0.0028984,0,28.944,6,0
-1.5382e-05,0.056666,-0.0029923,0,29.25,6,0
-1.3623e-05,0.05615,-0.0030534,0,29.556,6,0
-1.1889e-05,0.055663,-0.0030946,0,29.861,6,0
-1.0193e-05,0.055201,-0.0031231,0,30.167,6,0
-8.5408e-06,0.054764,-0.0031393,0,30.472,6,0
-6.9398e-06,0.054351,-0.0031432,0,30.778,6,0
-5.3935e-06,0.053958,-0.0031403,0,31.083,6,0
-3.9031e-06,0.053579,-0.0031405,0,31.389,6,0
-2.4684e-06,0.05321,-0.0031479,0,31.694,6,0
-1.0876e-06,0.052849,-0.0031538,0,32,6,0
2.3926e-07,0.052499,-0.0031389,0,32.306,6,0
1.5131e-06,0.052165,-0.0030885,0,32.611,6,0
2.7357e-06,0.05185,-0.003007,0,32.917,6,0
3.9123e-06,0.051548,-0.002919,0,33.222,6,0
5.0482e-06,0.051257,-0.0028523,0,33.528,6,0
6.1431e-06,0.050974,-0.0028149,0,33.833,6,0
7.1971e-06,0.0507,-0.0027835,0,34.139,6,0
8.2232e-06,0.050441,-0.0027152,0,34.444,6,0
9.2117e-06,0.050202,-0.0025765,0,34.75,6,0
1.0144e-05,0.04998,-0.0023724,0,35.056,6,0
1.1024e-05,0.049769,-0.0021553,0,35.361,6,0
1.1835e-05,0.04956,-0.0020011,0,35.667,6,0
1.2618e-05,0.049351,-0.0019632,0,35.972,6,0
1.3394e-05,0.049144,-0.0020304,0,36.278,6,0
1.4142e-05,0.048948,-0.0021172,0,36.583,6,0
1.4967e-05,0.048768,-0.0020983,0,36.889,6,0
1.5785e-05,0.048608,-0.0017881,0,37.194,6,0
1.6629e-05,0.048477,-0.0007876,0,37.5,6,0
1.7254e-05,0.048388,0.0012637,0,37.806,6,0
1.6991e-05,0.048326,0.0040822,0,38.111,6,0
1.5596e-05,0.048274,0.0069468,0,38.417,6,0
1.3169e-05,0.048266,0.0093099,0,38.722,6,0
1.0098e-05,0.04839,0.010899,0,39.028,6,0
5.9649e-06,0.048748,0.011644,0,39.333,6,0
4.5867e-07,0.049421,0.011575,0,39.639,6,0
-4.9499e-06,0.050469,0.010698,0,39.944,6,0
-1.0066e-05,0.051892,0.0090209,0,40.25,6,0
-1.4341e-05,0.053564,0.0067031,0,40.556,6,0
-1.6659e-05,0.055228,0.004121,0,40.861,6,0
-1.778e-05,0.056615,0.0016889,0,41.167,6,0
-1.7872e-05,0.057555,-0.00030425,0,41.472,6,0
-1.6862e-05,0.058016,-0.0017362,0,41.778,6,0
-1.531e-05,0.058078,-0.0026478,0,42.083,6,0
-1.3533e-05,0.057871,-0.0031672,0,42.389,6,0
-1.1551e-05,0.05751,-0.003425,0,42.694,6,0
-9.5454e-06,0.057077,-0.0035235,0,43,6,0
-7.6498e-06,0.05662,-0.0035333,0,43.306,6,0
-5.8738e-06,0.056166,-0.0034978,0,43.611,6,0
-4.2215e-06,0.055726,-0.0034408,0,43.917,6,0
-2.6925e-06,0.055307,-0.0033733,0,44.222,6,0
-1.2782e-06,0.054912,-0.0033002,0,44.528,6,0
2.9221e-08,0.054539,-0.0032253,0,44.833,6,0
1.2395e-06,0.054186,-0.0031536,0,45.139,6,0
2.3611e-06,0.053851,-0.00309,0,45.444,6,0
3.4048e-06,0.053529,-0.0030358,0,45.75,6,0
4.3767e-06,0.053217,-0.0029873,0,46.056,6,0
5.2829e-06,0.052915,-0.0029367,0,46.361,6,0
6.1261e-06,0.052624,-0.0028775,0,46.667,6,0
6.9097e-06,0.052345,-0.0028082,0,46.972,6,0
7.6361e-06,0.05208,-0.0027337,0,47.278,6,0
8.3107e-06,0.051831,-0.0026627,0,47.583,6,0
8.9397e-06,0.051595,-0.0026028,0,47.889,6,0
9.5301e-06,0.051373,-0.0025559,0,48.194,6,0
1.0089e-05,0.051159,-0.0025172,0,48.5,6,0
1.0624e-05,0.05095,-0.0024743,0,48.806,6,0
1.1132e-05,0.050741,-0.0024113,0,49.111,6,0
1.161e-05,0.050531,-0.0023131,0,49.417,6,0
1.2054e-05,0.050324,-0.0021752,0,49.722,6,0
1.2447e-05,0.050126,-0.0020099,0,50.028,6,0
1.2808e-05,0.04994,-0.0018481,0,50.333,6,0
1.3123e-05,0.049769,-0.0017288,0,50.639,6,0
1.3414e-05,0.049612,-0.0016812,0,50.944,6,0
1.3714e-05,0.049463,-0.001703,0,51.25,6,0
1.3953e-05,0.04932,-0.0017504,0,51.556,6,0
1.4249e-05,0.049188,-0.0017475,0,51.861,6,0
1.4634e-05,0.049074,-0.0015905,0,52.167,6,0
1.5138e-05,0.049006,-0.0010665,0,52.472,6,0
1.5534e-05,0.049021,9.4336e-05,0,52.778,6,0
1.5353e-05,0.049116,0.001889,0,53.083,6,0
1.4801e-05,0.049245,0.0039464,0,53.389,6,0
1.4044e-05,0.049369,0.0058562,0,53.694,6,0
1.2717e-05,0.049474,0.0073721,0,54,6,0
1.0742e-05,0.04959,0.0084187,0,54.306,6,0
8.7055e-06,0.049776,0.0090058,0,54.611,6,0
6.4781e-06,0.050103,0.0091469,0,54.917,6,0
3.8057e-06,0.05064,0.0088124,0,55.222,6,0
1.3063e-06,0.051447,0.0079155,0,55.528,6,0
-9.2009e-07,0.052511,0.0064523,0,55.833,6,0
-2.8358e-06,0.053717,0.004563,0,56.139,6,0
-4.0402e-06,0.054877,0.0025356,0,56.444,6,0
-4.7609e-06,0.055823,0.00063283,0,56.75,6,0
-4.7459e-06,0.056455,-0.00092769,0,57.056,6,0
-4.3385e-06,0.056758,-0.0020691,0,57.361,6,0
-3.66e-06,0.056793,-0.0028162,0,57.667,6,0
-2.9e-06,0.056641,-0.0032612,0,57.972,6,0
-2.0749e-06,0.056377,-0.0034913,0,58.278,6,0
-1.2958e-06,0.056049,-0.0035885,0,58.583,6,0
-5.9777e-07,0.055697,-0.0036089,0,58.889,6,0
-3.8075e-09,0.055331,-0.0035908,0,59.194,6,0
4.8181e-07,0.054978,-0.0035611,0,59.5,6,0
8.7993e-07,0.054628,-0.003521,0,59.806,6,0
1.156e-06,0.054305,-0.0034844,0,60.111,6,0
1.3761e-06,0.053988,-0.003439,0,60.417,6,0
1.4746e-06,0.053695,-0.003395,0,60.722,6,0
1.5388e-06,0.053406,-0.0033509,0,61.028,6,0
1.4808e-06,0.053126,-0.0033136,0,61.333,6,0
1.3978e-06,0.052849,-0.0032839,0,61.639,6,0
1.1818e-06,0.052583,-0.0032588,0,61.944,6,0
9.566e-07,0.05233,-0.0032269,0,62.25,6,0
5.8989e-07,0.052097,-0.0031982,0,62.556,6,0
2.2604e-07,0.051888,-0.0031838,0,62.861,6,0
-2.6679e-07,0.051707,-0.0031857,0,63.167,6,0
-7.5531e-07,0.051554,-0.0031877,0,63.472,6,0
-1.3267e-06,0.051428,-0.0031855,0,63.778,6,0
-2.2353e-06,0.051314,-0.0031662,0,64.083,6,0
-2.3866e-06,0.051208,-0.0031264,0,64.389,6,0
-3.1267e-06,0.051089,-0.0030454,0,64.694,6,0
0,0.050988,-0.0029907,0,65,6,0
-5.7191e-05,0.056929,0.00066891,0,10.306,6.6667,0
-5.4186e-05,0.057241,0.00089822,0,10.611,6.6667,0
-5.2466e-05,0.057576,0.0010385,0,10.917,6.6667,0
-5.15e-05,0.057915,0.0010933,0,11.222,6.6667,0
-5.1407e-05,0.058229,0.0010507,0,11.528,6.6667,0
-5.1691e-05,0.058489,0.00092176,0,11.833,6.6667,0
-5.2113e-05,0.058675,0.00071898,0,12.139,6.6667,0
-5.2439e-05,0.058777,0.00046484,0,12.444,6.6667,0
-5.2523e-05,0.05879,0.0001757,0,12.75,6.6667,0
-5.2271e-05,0.058715,-0.00013363,0,13.056,6.6667,0
-5.1603e-05,0.058562,-0.00045084,0,13.361,6.6667,0
-5.0536e-05,0.058343,-0.00076576,0,13.667,6.6667,0
-4.9099e-05,0.058071,-0.0010698,0,13.972,6.6667,0
-4.7346e-05,0.057758,-0.0013558,0,14.278,6.6667,0
-4.5331e-05,0.057414,-0.0016173,0,14.583,6.6667,0
-4.31e-05,0.057047,-0.001849,0,14.889,6.6667,0
-4.0704e-05,0.056665,-0.0020481,0,15.194,6.6667,0
-3.8179e-05,0.056274,-0.0022158,0,15.5,6.6667,0
-3.5569e-05,0.055879,-0.0023554,0,15.806,6.6667,0
-3.2903e-05,0.055484,-0.0024705,0,16.111,6.6667,0
-3.0219e-05,0.055087,-0.0025647,0,16.417,6.6667,0
-2.7545e-05,0.054691,-0.0026413,0,16.722,6.6667,0
-2.4902e-05,0.054297,-0.0027012,0,17.028,6.6667,0
-2.2302e-05,0.053909,-0.0027433,0,17.333,6.6667,0
-1.9748e-05,0.053527,-0.002768,0,17.639,6.6667,0
-1.7248e-05,0.053155,-0.0027754,0,17.944,6.6667,0
-1.4792e-05,0.052801,-0.0027608,0,18.25,6.6667,0
-1.2355e-05,0.052471,-0.002716,0,18.556,6.6667,0
-9.9254e-06,0.05217,-0.002638,0,18.861,6.6667,0
-7.5121e-06,0.051892,-0.0025338,0,19.167,6.6667,0
-5.1471e-06,0.05163,-0.0024109,0,19.472,6.6667,0
-2.8324e-06,0.051386,-0.0022657,0,19.778,6.6667,0
-5.5554e-07,0.051168,-0.0020931,0,20.083,6.6667,0
1.6811e-06,0.050975,-0.0019062,0,20.389,6.6667,0
3.9225e-06,0.050794,-0.0017283,0,20.694,6.6667,0
6.171e-06,0.050609,-0.0015546,0,21,6.6667,0
8.408e-06,0.050426,-0.0013402,0,21.306,6.6667,0
1.0688e-05,0.050275,-0.001041,0,21.611,6.6667,0
1.287e-05,0.050186,-0.00067144,0,21.917,6.6667,0
1.5166e-05,0.050157,-0.00031309,0,22.222,6.6667,0
1.7591e-05,0.050144,-4.5096e-05,0,22.528,6.6667,0
2.0109e-05,0.050108,0.00016648,0,22.833,6.6667,0
2.3032e-05,0.050044,0.00051938,0,23.139,6.6667,0
2.5316e-05,0.050005,0.0013495,0,23.444,6.6667,0
2.6498e-05,0.050192,0.0028657,0,23.75,6.6667,0
2.674e-05,0.050865,0.0047122,0,24.056,6.6667,0
2.5575e-05,0.052097,0.0061479,0,24.361,6.6667,0
2.2706e-05,0.053721,0.0067127,0,24.667,6.6667,0
1.8576e-05,0.055457,0.0064352,0,24.972,6.6667,0
1.3939e-05,0.057042,0.0055879,0,25.278,6.6667,0
8.7218e-06,0.058292,0.0044688,0,25.583,6.6667,0
3.3683e-06,0.05913,0.0033126,0,25.889,6.6667,0
-1.2495e-06,0.059577,0.0022674,0,26.194,6.6667,0
-4.8927e-06,0.059707,0.0013929,0,26.5,6.6667,0
-7.6108e-06,0.059607,0.00067836,0,26.806,6.6667,0
-9.4985e-06,0.059355,9.1306e-05,0,27.111,6.6667,0
-1.0681e-05,0.059011,-0.00039302,0,27.417,6.6667,0
-1.1275e-05,0.058618,-0.00079056,0,27.722,6.6667,0
-1.1397e-05,0.058201,-0.0011149,0,28.028,6.6667,0
-1.116e-05,0.057774,-0.0013794,0,28.333,6.6667,0
-1.0642e-05,0.057343,-0.0015957,0,28.639,6.6667,0
-9.9139e-06,0.056917,-0.0017724,0,28.944,6.6667,0
-9.0207e-06,0.056499,-0.0019168,0,29.25,6.6667,0
-8.0075e-06,0.056093,-0.0020357,0,29.556,6.6667,0
-6.9106e-06,0.055701,-0.002135,0,29.861,6.6667,0
-5.763e-06,0.055321,-0.0022175,0,30.167,6.6667,0
-4.5867e-06,0.054952,-0.0022817,0,30.472,6.6667,0
-3.3966e-06,0.054595,-0.0023247,0,30.778,6.6667,0
-2.2007e-06,0.054249,-0.0023464,0,31.083,6.6667,0
-1.0051e-06,0.053912,-0.0023538,0,31.389,6.6667,0
1.8177e-07,0.05358,-0.0023572,0,31.694,6.6667,0
1.3494e-06,0.053249,-0.0023624,0,32,6.6667,0
2.4886e-06,0.052921,-0.0023654,0,32.306,6.6667,0
3.5958e-06,0.052603,-0.002355,0,32.611,6.6667,0
4.6693e-06,0.0523,-0.0023243,0,32.917,6.6667,0
5.7142e-06,0.052016,-0.0022811,0,33.222,6.6667,0
6.7313e-06,0.051743,-0.002246,0,33.528,6.6667,0
7.7305e-06,0.051476,-0.0022348,0,33.833,6.6667,0
8.7248e-06,0.051209,-0.0022382,0,34.139,6.6667,0
9.7151e-06,0.05095,-0.0022185,0,34.444,6.6667,0
1.0699e-05,0.05071,-0.0021308,0,34.75,6.6667,0
1.1665e-05,0.050496,-0.0019601,0,35.056,6.6667,0
1.2621e-05,0.050302,-0.0017452,0,35.361,6.6667,0
1.3581e-05,0.050111,-0.0015677,0,35.667,6.6667,0
1.4535e-05,0.049904,-0.0015041,0,35.972,6.6667,0
1.5569e-05,0.049677,-0.0015678,0,36.278,6.6667,0
1.6634e-05,0.04944,-0.0016811,0,36.583,6.6667,0
1.7768e-05,0.049213,-0.0017032,0,36.889,6.6667,0
1.9097e-05,0.049006,-0.001437,0,37.194,6.6667,0
2.0213e-05,0.048826,-0.00050521,0,37.5,6.6667,0
2.086e-05,0.048726,0.0014439,0,37.806,6.6667,0
2.0843e-05,0.048772,0.0041514,0,38.111,6.6667,0
1.9825e-05,0.049006,0.0068441,0,38.417,6.6667,0
1.7949e-05,0.049483,0.0088294,0,38.722,6.6667,0
1.5109e-05,0.050257,0.0097671,0,39.028,6.6667,0
1.1568e-05,0.051345,0.0096664,0,39.333,6.6667,0
7.3366e-06,0.0527,0.0087048,0,39.639,6.6667,0
2.822e-06,0.054223,0.007102,0,39.944,6.6667,0
-6.5713e-07,0.055744,0.0051627,0,40.25,6.6667,0
-3.2007e-06,0.057056,0.0032184,0,40.556,6.6667,0
-5.0215e-06,0.058009,0.0015016,0,40.861,6.6667,0
-5.8843e-06,0.058549,0.00012684,0,41.167,6.6667,0
-6.1176e-06,0.058711,-0.00088306,0,41.472,6.6667,0
-6.055e-06,0.058587,-0.0015702,0,41.778,6.6667,0
-5.6479e-06,0.058282,-0.0020065,0,42.083,6.6667,0
-4.885e-06,0.057882,-0.0022654,0,42.389,6.6667,0
-3.9623e-06,0.057444,-0.0024105,0,42.694,6.6667,0
-2.9941e-06,0.057002,-0.0024865,0,43,6.6667,0
-2.0017e-06,0.056573,-0.0025212,0,43.306,6.6667,0
-1.0091e-06,0.056164,-0.0025314,0,43.611,6.6667,0
-2.856e-08,0.055776,-0.0025263,0,43.917,6.6667,0
9.2921e-07,0.055407,-0.0025111,0,44.222,6.6667,0
1.8598e-06,0.055056,-0.0024882,0,44.528,6.6667,0
2.7585e-06,0.054722,-0.0024591,0,44.833,6.6667,0
3.6257e-06,0.054402,-0.0024252,0,45.139,6.6667,0
4.4596e-06,0.054096,-0.0023891,0,45.444,6.6667,0
5.2621e-06,0.053798,-0.0023535,0,45.75,6.6667,0
6.0322e-06,0.053506,-0.0023206,0,46.056,6.6667,0
6.769e-06,0.05322,-0.0022894,0,46.361,6.6667,0
7.4687e-06,0.052942,-0.0022567,0,46.667,6.6667,0
8.1313e-06,0.052673,-0.0022187,0,46.972,6.6667,0
8.7556e-06,0.052415,-0.0021742,0,47.278,6.6667,0
9.3433e-06,0.052166,-0.0021269,0,47.583,6.6667,0
9.8954e-06,0.051924,-0.002084,0,47.889,6.6667,0
1.0416e-05,0.051685,-0.002051,0,48.194,6.6667,0
1.0917e-05,0.05145,-0.0020275,0,48.5,6.6667,0
1.1403e-05,0.05122,-0.0020029,0,48.806,6.6667,0
1.1873e-05,0.050999,-0.0019605,0,49.111,6.6667,0
1.2323e-05,0.050792,-0.0018832,0,49.417,6.6667,0
1.2755e-05,0.050601,-0.0017663,0,49.722,6.6667,0
1.3161e-05,0.050423,-0.0016226,0,50.028,6.6667,0
1.3558e-05,0.050256,-0.0014842,0,50.333,6.6667,0
1.3939e-05,0.050095,-0.0013887,0,50.639,6.6667,0
1.4308e-05,0.049937,-0.0013626,0,50.944,6.6667,0
1.4701e-05,0.049783,-0.0014023,0,51.25,6.6667,0
1.5083e-05,0.049638,-0.0014669,0,51.556,6.6667,0
1.5493e-05,0.049507,-0.0014866,0,51.861,6.6667,0
1.6029e-05,0.049394,-0.0013727,0,52.167,6.6667,0
1.6593e-05,0.049306,-0.00094105,0,52.472,6.6667,0
1.6935e-05,0.049267,7.669e-05,0,52.778,6.6667,0
1.6895e-05,0.049301,0.0017363,0,53.083,6.6667,0
1.6642e-05,0.049408,0.0037152,0,53.389,6.6667,0
1.6178e-05,0.04959,0.005594,0,53.694,6.6667,0
1.5296e-05,0.049864,0.0070541,0,54,6.6667,0
1.3796e-05,0.050275,0.0079094,0,54.306,6.6667,0
1.1809e-05,0.050875,0.0081035,0,54.611,6.6667,0
9.7571e-06,0.051697,0.0076746,0,54.917,6.6667,0
7.6253e-06,0.052726,0.0067019,0,55.222,6.6667,0
5.6732e-06,0.053889,0.0053008,0,55.528,6.6667,0
4.2364e-06,0.055042,0.0036884,0,55.833,6.6667,0
3.0101e-06,0.056039,0.0020763,0,56.139,6.6667,0
2.1433e-06,0.05677,0.0006422,0,56.444,6.6667,0
1.6734e-06,0.057195,-0.00052595,0,56.75,6.6667,0
1.5778e-06,0.057334,-0.0013873,0,57.056,6.6667,0
1.5612e-06,0.05725,-0.001986,0,57.361,6.6667,0
1.7226e-06,0.057019,-0.0023668,0,57.667,6.6667,0
1.989e-06,0.0567,-0.0025943,0,57.972,6.6667,0
2.2892e-06,0.056341,-0.0027116,0,58.278,6.6667,0
2.5509e-06,0.055965,-0.0027656,0,58.583,6.6667,0
2.7913e-06,0.055593,-0.0027801,0,58.889,6.6667,0
2.9757e-06,0.055225,-0.00278,0,59.194,6.6667,0
3.1137e-06,0.054875,-0.0027808,0,59.5,6.6667,0
3.1961e-06,0.054537,-0.0027819,0,59.806,6.6667,0
3.2121e-06,0.054224,-0.0027882,0,60.111,6.6667,0
3.193e-06,0.053923,-0.002784,0,60.417,6.6667,0
3.1002e-06,0.053646,-0.0027744,0,60.722,6.6667,0
2.989e-06,0.053376,-0.0027479,0,61.028,6.6667,0
2.799e-06,0.053115,-0.0027197,0,61.333,6.6667,0
2.5892e-06,0.05285,-0.002697,0,61.639,6.6667,0
2.2855e-06,0.05259,-0.0026898,0,61.944,6.6667,0
1.9608e-06,0.052334,-0.0026925,0,62.25,6.6667,0
1.5352e-06,0.052099,-0.002713,0,62.556,6.6667,0
1.1156e-06,0.051889,-0.002756,0,62.861,6.6667,0
5.6718e-07,0.051712,-0.0028218,0,63.167,6.6667,0
5.7658e-08,0.051571,-0.0028881,0,63.472,6.6667,0
-5.8727e-07,0.051456,-0.0029363,0,63.778,6.6667,0
-1.4091e-06,0.051358,-0.0029403,0,64.083,6.6667,0
-1.6677e-06,0.051266,-0.0029187,0,64.389,6.6667,0
-2.3725e-06,0.051172,-0.0028472,0,64.694,6.6667,0
0,0.051098,-0.0027881,0,65,6.6667,0
-7.6114e-05,0.056577,0.00021456,0,10.306,7.3333,0
-7.096e-05,0.05675,0.00036308,0,10.611,7.3333,0
-6.6607e-05,0.056933,0.00047539,0,10.917,7.3333,0
-6.3484e-05,0.057136,0.00053185,0,11.222,7.3333,0
-6.0839e-05,0.057327,0.00053694,0,11.528,7.3333,0
-5.8831e-05,0.057498,0.00050097,0,11.833,7.3333,0
-5.714e-05,0.057631,0.0004226,0,12.139,7.3333,0
-5.568e-05,0.057721,0.00031027,0,12.444,7.3333,0
-5.4293e-05,0.05776,0.00016806,0,12.75,7.3333,0
-5.2911e-05,0.057749,2.2853e-06,0,13.056,7.3333,0
-5.1411e-05,0.057688,-0.00018213,0,13.361,7.3333,0
-4.9774e-05,0.05758,-0.00037907,0,13.667,7.3333,0
-4.7958e-05,0.057428,-0.00058103,0,13.972,7.3333,0
-4.5972e-05,0.057235,-0.00078011,0,14.278,7.3333,0
-4.3838e-05,0.057006,-0.00096974,0,14.583,7.3333,0
-4.158e-05,0.056747,-0.0011468,0,14.889,7.3333,0
-3.9229e-05,0.056464,-0.0013098,0,15.194,7.3333,0
-3.6803e-05,0.056164,-0.0014577,0,15.5,7.3333,0
-3.4326e-05,0.055855,-0.0015886,0,15.806,7.3333,0
-3.1809e-05,0.055541,-0.0017007,0,16.111,7.3333,0
-2.9272e-05,0.055225,-0.0017932,0,16.417,7.3333,0
-2.6727e-05,0.054908,-0.0018671,0,16.722,7.3333,0
-2.4191e-05,0.05459,-0.001924,0,17.028,7.3333,0
-2.1673e-05,0.054273,-0.0019658,0,17.333,7.3333,0
-1.9183e-05,0.053956,-0.0019944,0,17.639,7.3333,0
-1.6726e-05,0.053641,-0.0020118,0,17.944,7.3333,0
-1.4307e-05,0.05333,-0.0020183,0,18.25,7.3333,0
-1.1935e-05,0.053025,-0.0020118,0,18.556,7.3333,0
-9.6105e-06,0.052732,-0.0019892,0,18.861,7.3333,0
-7.3233e-06,0.052456,-0.0019483,0,19.167,7.3333,0
-5.0781e-06,0.052198,-0.0018866,0,19.472,7.3333,0
-2.8741e-06,0.05196,-0.0018014,0,19.778,7.3333,0
-7.0711e-07,0.051745,-0.0016903,0,20.083,7.3333,0
1.4184e-06,0.051556,-0.001553,0,20.389,7.3333,0
3.529e-06,0.051389,-0.0013936,0,20.694,7.3333,0
5.6115e-06,0.051235,-0.0012174,0,21,7.3333,0
7.6694e-06,0.051094,-0.0010232,0,21.306,7.3333,0
9.724e-06,0.050976,-0.0008041,0,21.611,7.3333,0
1.1699e-05,0.0509,-0.00055741,0,21.917,7.3333,0
1.3736e-05,0.050872,-0.00029626,0,22.222,7.3333,0
1.5742e-05,0.050876,-4.2516e-05,0,22.528,7.3333,0
1.7791e-05,0.050882,0.00021496,0,22.833,7.3333,0
2.0077e-05,0.050888,0.0005511,0,23.139,7.3333,0
2.1776e-05,0.050943,0.0010758,0,23.444,7.3333,0
2.2818e-05,0.05119,0.0018215,0,23.75,7.3333,0
2.3744e-05,0.051775,0.0026482,0,24.056,7.3333,0
2.3767e-05,0.052691,0.003314,0,24.361,7.3333,0
2.2172e-05,0.053783,0.0036496,0,24.667,7.3333,0
1.9391e-05,0.054869,0.0036345,0,24.972,7.3333,0
1.5801e-05,0.055813,0.0033458,0,25.278,7.3333,0
1.2079e-05,0.056548,0.0028864,0,25.583,7.3333,0
8.9769e-06,0.057059,0.0023497,0,25.889,7.3333,0
6.1533e-06,0.057368,0.0018089,0,26.194,7.3333,0
3.3591e-06,0.057521,0.0013055,0,26.5,7.3333,0
8.6734e-07,0.057558,0.000852,0,26.806,7.3333,0
-1.1324e-06,0.057511,0.00044997,0,27.111,7.3333,0
-2.6238e-06,0.057399,9.7524e-05,0,27.417,7.3333,0
-3.6752e-06,0.057239,-0.00020822,0,27.722,7.3333,0
-4.3427e-06,0.057042,-0.00047127,0,28.028,7.3333,0
-4.6832e-06,0.05682,-0.00069648,0,28.333,7.3333,0
-4.7442e-06,0.056578,-0.0008895,0,28.639,7.3333,0
-4.5803e-06,0.056322,-0.0010547,0,28.944,7.3333,0
-4.2257e-06,0.056054,-0.0011952,0,29.25,7.3333,0
-3.7175e-06,0.055778,-0.0013129,0,29.556,7.3333,0
-3.0805e-06,0.055494,-0.00141,0,29.861,7.3333,0
-2.3468e-06,0.055206,-0.0014897,0,30.167,7.3333,0
-1.5381e-06,0.054913,-0.0015552,0,30.472,7.3333,0
-6.741e-07,0.054619,-0.0016086,0,30.778,7.3333,0
2.3151e-07,0.054328,-0.0016504,0,31.083,7.3333,0
1.1674e-06,0.054044,-0.0016809,0,31.389,7.3333,0
2.1232e-06,0.053766,-0.0017023,0,31.694,7.3333,0
3.089e-06,0.053494,-0.0017178,0,32,7.3333,0
4.0573e-06,0.053224,-0.0017291,0,32.306,7.3333,0
5.0231e-06,0.052958,-0.0017337,0,32.611,7.3333,0
5.984e-06,0.052698,-0.0017262,0,32.917,7.3333,0
6.9415e-06,0.052447,-0.0017044,0,33.222,7.3333,0
7.8967e-06,0.052204,-0.0016743,0,33.528,7.3333,0
8.8656e-06,0.051961,-0.0016494,0,33.833,7.3333,0
9.8529e-06,0.051711,-0.0016374,0,34.139,7.3333,0
1.0844e-05,0.051453,-0.0016266,0,34.444,7.3333,0
1.1841e-05,0.0512,-0.001585,0,34.75,7.3333,0
1.2839e-05,0.050968,-0.0014813,0,35.056,7.3333,0
1.3858e-05,0.050766,-0.001315,0,35.361,7.3333,0
1.4922e-05,0.050587,-0.0011343,0,35.667,7.3333,0
1.6009e-05,0.050406,-0.0010173,0,35.972,7.3333,0
1.7232e-05,0.050195,-0.0010171,0,36.278,7.3333,0
1.8542e-05,0.049945,-0.001104,0,36.583,7.3333,0
1.9984e-05,0.049668,-0.001149,0,36.889,7.3333,0
2.1763e-05,0.049392,-0.0009447,0,37.194,7.3333,0
2.3169e-05,0.049155,-0.00017872,0,37.5,7.3333,0
2.365e-05,0.049082,0.001383,0,37.806,7.3333,0
2.3641e-05,0.049338,0.0034696,0,38.111,7.3333,0
2.358e-05,0.050008,0.005395,0,38.417,7.3333,0
2.3202e-05,0.051061,0.0065811,0,38.722,7.3333,0
2.1477e-05,0.052379,0.0068388,0,39.028,7.3333,0
1.8741e-05,0.053805,0.0063124,0,39.333,7.3333,0
1.621e-05,0.055188,0.005291,0,39.639,7.3333,0
1.3617e-05,0.056388,0.0040634,0,39.944,7.3333,0
1.0772e-05,0.057302,0.0028445,0,40.25,7.3333,0
8.2181e-06,0.057889,0.0017604,0,40.556,7.3333,0
6.1821e-06,0.058167,0.00086442,0,40.861,7.3333,0
4.6626e-06,0.058194,0.00015686,0,41.167,7.3333,0
3.5947e-06,0.058039,-0.0003889,0,41.472,7.3333,0
2.8792e-06,0.057771,-0.00080199,0,41.778,7.3333,0
2.43e-06,0.057443,-0.0011104,0,42.083,7.3333,0
2.2304e-06,0.057094,-0.0013385,0,42.389,7.3333,0
2.235e-06,0.056743,-0.0015052,0,42.694,7.3333,0
2.3939e-06,0.056402,-0.0016242,0,43,7.3333,0
2.676e-06,0.056073,-0.0017057,0,43.306,7.3333,0
3.05e-06,0.055758,-0.001758,0,43.611,7.3333,0
3.4958e-06,0.055455,-0.0017881,0,43.917,7.3333,0
3.9929e-06,0.055161,-0.0018021,0,44.222,7.3333,0
4.5275e-06,0.054876,-0.001805,0,44.528,7.3333,0
5.0856e-06,0.054598,-0.0017997,0,44.833,7.3333,0
5.6593e-06,0.054327,-0.001788,0,45.139,7.3333,0
6.2392e-06,0.054062,-0.0017709,0,45.444,7.3333,0
6.821e-06,0.053803,-0.0017499,0,45.75,7.3333,0
7.398e-06,0.053549,-0.0017274,0,46.056,7.3333,0
7.9677e-06,0.053298,-0.0017049,0,46.361,7.3333,0
8.5243e-06,0.05305,-0.0016827,0,46.667,7.3333,0
9.0668e-06,0.052808,-0.0016583,0,46.972,7.3333,0
9.593e-06,0.052573,-0.0016285,0,47.278,7.3333,0
1.0105e-05,0.052346,-0.0015923,0,47.583,7.3333,0
1.0603e-05,0.052125,-0.001554,0,47.889,7.3333,0
1.109e-05,0.051908,-0.0015214,0,48.194,7.3333,0
1.1565e-05,0.051691,-0.0015014,0,48.5,7.3333,0
1.203e-05,0.051475,-0.0014914,0,48.806,7.3333,0
1.2487e-05,0.051262,-0.0014788,0,49.111,7.3333,0
1.2932e-05,0.051058,-0.0014434,0,49.417,7.3333,0
1.3375e-05,0.050871,-0.0013698,0,49.722,7.3333,0
1.3813e-05,0.050703,-0.0012577,0,50.028,7.3333,0
1.4254e-05,0.050548,-0.0011316,0,50.333,7.3333,0
1.4702e-05,0.050397,-0.0010325,0,50.639,7.3333,0
1.5159e-05,0.050237,-0.0010011,0,50.944,7.3333,0
1.5665e-05,0.050065,-0.0010498,0,51.25,7.3333,0
1.6239e-05,0.049882,-0.0011466,0,51.556,7.3333,0
1.6843e-05,0.0497,-0.0012151,0,51.861,7.3333,0
1.762e-05,0.04953,-0.0011528,0,52.167,7.3333,0
1.8332e-05,0.049383,-0.00078848,0,52.472,7.3333,0
1.86e-05,0.049291,0.00010704,0,52.778,7.3333,0
1.8637e-05,0.04933,0.0015807,0,53.083,7.3333,0
1.8639e-05,0.049557,0.0033151,0,53.389,7.3333,0
1.8575e-05,0.05,0.0048615,0,53.694,7.3333,0
1.8433e-05,0.050671,0.0058791,0,54,7.3333,0
1.8028e-05,0.051553,0.0062157,0,54.306,7.3333,0
1.6823e-05,0.052586,0.0059065,0,54.611,7.3333,0
1.521e-05,0.053691,0.005108,0,54.917,7.3333,0
1.3776e-05,0.054768,0.0040316,0,55.222,7.3333,0
1.2242e-05,0.055712,0.0028657,0,55.528,7.3333,0
1.0741e-05,0.05644,0.0017609,0,55.833,7.3333,0
9.5337e-06,0.056913,0.00079482,0,56.139,7.3333,0
8.6519e-06,0.057133,1.2902e-05,0,56.444,7.3333,0
7.9107e-06,0.057138,-0.00059771,0,56.75,7.3333,0
7.3904e-06,0.056982,-0.0010487,0,57.056,7.3333,0
6.9785e-06,0.056722,-0.0013823,0,57.361,7.3333,0
6.6504e-06,0.056405,-0.0016153,0,57.667,7.3333,0
6.3641e-06,0.056064,-0.0017819,0,57.972,7.3333,0
6.1525e-06,0.055722,-0.0018877,0,58.278,7.3333,0
5.9493e-06,0.055386,-0.0019557,0,58.583,7.3333,0
5.7945e-06,0.055063,-0.0019951,0,58.889,7.3333,0
5.6298e-06,0.054748,-0.002025,0,59.194,7.3333,0
5.4843e-06,0.054443,-0.0020588,0,59.5,7.3333,0
5.3149e-06,0.054145,-0.0020993,0,59.806,7.3333,0
5.1286e-06,0.053862,-0.0021455,0,60.111,7.3333,0
4.9181e-06,0.053588,-0.0021796,0,60.417,7.3333,0
4.6685e-06,0.053331,-0.0022008,0,60.722,7.3333,0
4.4134e-06,0.05308,-0.0021912,0,61.028,7.3333,0
4.1126e-06,0.05284,-0.0021665,0,61.333,7.3333,0
3.8318e-06,0.052592,-0.0021383,0,61.639,7.3333,0
3.4903e-06,0.052344,-0.0021323,0,61.944,7.3333,0
3.1682e-06,0.052089,-0.0021557,0,62.25,7.3333,0
2.7534e-06,0.051844,-0.0022251,0,62.556,7.3333,0
2.3484e-06,0.05161,-0.0023394,0,62.861,7.3333,0
1.8068e-06,0.05141,-0.0024906,0,63.167,7.3333,0
1.2554e-06,0.051248,-0.0026292,0,63.472,7.3333,0
6.1666e-07,0.051129,-0.0027223,0,63.778,7.3333,0
-2.0869e-07,0.051043,-0.0027473,0,64.083,7.3333,0
-6.9008e-07,0.050974,-0.0027324,0,64.389,7.3333,0
-1.6498e-06,0.050906,-0.002658,0,64.694,7.3333,0
0,0.050851,-0.0025924,0,65,7.3333,0
-8.6659e-05,0.056185,3.9205e-05,0,10.306,8,0
-8.1956e-05,0.056275,0.00012603,0,10.611,8,0
-7.6125e-05,0.056358,0.00019621,0,10.917,8,0
-7.1846e-05,0.056472,0.00023745,0,11.222,8,0
-6.8176e-05,0.056573,0.00026144,0,11.528,8,0
-6.5085e-05,0.056678,0.00025695,0,11.833,8,0
-6.2074e-05,0.056765,0.00023115,0,12.139,8,0
-5.9597e-05,0.056839,0.0001819,0,12.444,8,0
-5.7196e-05,0.056885,0.00011189,0,12.75,8,0
-5.4955e-05,0.056905,2.2313e-05,0,13.056,8,0
-5.2674e-05,0.056895,-8.2851e-05,0,13.361,8,0
-5.0425e-05,0.056852,-0.00019787,0,13.667,8,0
-4.8153e-05,0.056776,-0.00031691,0,13.972,8,0
-4.5837e-05,0.056667,-0.00043574,0,14.278,8,0
-4.3469e-05,0.056526,-0.00055191,0,14.583,8,0
-4.1041e-05,0.056357,-0.00066573,0,14.889,8,0
-3.8575e-05,0.056164,-0.00077786,0,15.194,8,0
-3.6066e-05,0.05595,-0.00088858,0,15.5,8,0
-3.3545e-05,0.05572,-0.00099547,0,15.806,8,0
-3.1011e-05,0.055476,-0.0010946,0,16.111,8,0
-2.8484e-05,0.055224,-0.001182,0,16.417,8,0
-2.5966e-05,0.054966,-0.0012556,0,16.722,8,0
-2.3467e-05,0.054704,-0.0013147,0,17.028,8,0
-2.0992e-05,0.054442,-0.0013592,0,17.333,8,0
-1.8549e-05,0.054181,-0.0013895,0,17.639,8,0
-1.6144e-05,0.053921,-0.0014074,0,17.944,8,0
-1.379e-05,0.053663,-0.0014147,0,18.25,8,0
-1.1488e-05,0.053408,-0.0014117,0,18.556,8,0
-9.2412e-06,0.05316,-0.0013968,0,18.861,8,0
-7.0507e-06,0.052917,-0.0013691,0,19.167,8,0
-4.9227e-06,0.052682,-0.0013289,0,19.472,8,0
-2.8506e-06,0.052457,-0.0012764,0,19.778,8,0
-8.3393e-07,0.052248,-0.0012101,0,20.083,8,0
1.1315e-06,0.052057,-0.0011281,0,20.389,8,0
3.0535e-06,0.051889,-0.0010287,0,20.694,8,0
4.9304e-06,0.051743,-0.0009109,0,21,8,0
6.7604e-06,0.051619,-0.00077379,0,21.306,8,0
8.5477e-06,0.05152,-0.00061752,0,21.611,8,0
1.0267e-05,0.05145,-0.00044481,0,21.917,8,0
1.195e-05,0.051412,-0.00026042,0,22.222,8,0
1.356e-05,0.051407,-6.6697e-05,0,22.528,8,0
1.5092e-05,0.051426,0.00014337,0,22.833,8,0
1.6518e-05,0.051475,0.00038686,0,23.139,8,0
1.7737e-05,0.051582,0.00068844,0,23.444,8,0
1.8667e-05,0.051798,0.0010548,0,23.75,8,0
1.9236e-05,0.052166,0.0014405,0,24.056,8,0
1.9279e-05,0.052679,0.0017634,0,24.361,8,0
1.8591e-05,0.053283,0.0019588,0,24.667,8,0
1.7239e-05,0.053902,0.0020074,0,24.972,8,0
1.54e-05,0.054476,0.0019283,0,25.278,8,0
1.3282e-05,0.054967,0.0017574,0,25.583,8,0
1.1019e-05,0.055358,0.0015264,0,25.889,8,0
8.7421e-06,0.05565,0.0012591,0,26.194,8,0
6.6225e-06,0.055854,0.00097744,0,26.5,8,0
4.7255e-06,0.055984,0.0007002,0,26.806,8,0
3.0927e-06,0.056051,0.00043964,0,27.111,8,0
1.7353e-06,0.056064,0.00020122,0,27.417,8,0
6.6231e-07,0.056031,-1.3156e-05,0,27.722,8,0
-1.3829e-07,0.055958,-0.00020275,0,28.028,8,0
-6.7708e-07,0.055852,-0.00036732,0,28.333,8,0
-9.7606e-07,0.055719,-0.00050844,0,28.639,8,0
-1.0793e-06,0.055563,-0.00062827,0,28.944,8,0
-9.9389e-07,0.055389,-0.00072966,0,29.25,8,0
-7.6507e-07,0.0552,-0.00081509,0,29.556,8,0
-3.9912e-07,0.054998,-0.00088728,0,29.861,8,0
7.5799e-08,0.054787,-0.00094871,0,30.167,8,0
6.4652e-07,0.054568,-0.0010019,0,30.472,8,0
1.2926e-06,0.054343,-0.0010491,0,30.778,8,0
1.9993e-06,0.054114,-0.0010911,0,31.083,8,0
2.7532e-06,0.053883,-0.0011276,0,31.389,8,0
3.5457e-06,0.053651,-0.0011577,0,31.694,8,0
4.3702e-06,0.053419,-0.0011807,0,32,8,0
5.2219e-06,0.053187,-0.0011968,0,32.306,8,0
6.0945e-06,0.052956,-0.0012063,0,32.611,8,0
6.984e-06,0.052727,-0.0012088,0,32.917,8,0
7.8891e-06,0.052504,-0.0012023,0,33.222,8,0
8.8099e-06,0.052287,-0.0011849,0,33.528,8,0
9.7508e-06,0.052077,-0.001159,0,33.833,8,0
1.0708e-05,0.051869,-0.0011309,0,34.139,8,0
1.168e-05,0.051659,-0.0011044,0,34.444,8,0
1.2679e-05,0.051449,-0.0010715,0,34.75,8,0
1.3681e-05,0.051247,-0.0010136,0,35.056,8,0
1.471e-05,0.051067,-0.00091451,0,35.361,8,0
1.579e-05,0.050916,-0.00078107,0,35.667,8,0
1.6911e-05,0.050785,-0.0006491,0,35.972,8,0
1.8194e-05,0.050646,-0.00056278,0,36.278,8,0
1.9564e-05,0.050468,-0.00053147,0,36.583,8,0
2.1096e-05,0.050241,-0.0004932,0,36.889,8,0
2.291e-05,0.04999,-0.00031709,0,37.194,8,0
2.4343e-05,0.049781,0.00016756,0,37.5,8,0
2.519e-05,0.049765,0.0010446,0,37.806,8,0
2.592e-05,0.050106,0.0021348,0,38.111,8,0
2.6536e-05,0.050848,0.0030884,0,38.417,8,0
2.6621e-05,0.051887,0.0036545,0,38.722,8,0
2.5812e-05,0.053045,0.0037789,0,39.028,8,0
2.413e-05,0.054152,0.0035399,0,39.333,8,0
2.1889e-05,0.055093,0.0030674,0,39.639,8,0
1.9382e-05,0.055812,0.0024849,0,39.944,8,0
1.6901e-05,0.056304,0.0018857,0,40.25,8,0
1.4708e-05,0.056594,0.0013274,0,40.556,8,0
1.2756e-05,0.05672,0.00083387,0,40.861,8,0
1.1032e-05,0.056725,0.00040645,0,41.167,8,0
9.5788e-06,0.056644,3.8911e-05,0,41.472,8,0
8.4168e-06,0.056504,-0.00027247,0,41.778,8,0
7.5239e-06,0.056324,-0.00053024,0,42.083,8,0
6.8663e-06,0.05612,-0.00073796,0,42.389,8,0
6.4253e-06,0.055901,-0.00090122,0,42.694,8,0
6.1527e-06,0.055673,-0.0010258,0,43,8,0
6.0326e-06,0.055441,-0.0011177,0,43.306,8,0
6.0338e-06,0.055207,-0.0011822,0,43.611,8,0
6.139e-06,0.054973,-0.0012241,0,43.917,8,0
6.3271e-06,0.05474,-0.0012484,0,44.222,8,0
6.5841e-06,0.054509,-0.0012595,0,44.528,8,0
6.8943e-06,0.054279,-0.0012614,0,44.833,8,0
7.2478e-06,0.054051,-0.0012566,0,45.139,8,0
7.6327e-06,0.053824,-0.0012467,0,45.444,8,0
8.0428e-06,0.0536,-0.001233,0,45.75,8,0
8.4681e-06,0.053379,-0.0012173,0,46.056,8,0
8.9056e-06,0.05316,-0.0012018,0,46.361,8,0
9.3479e-06,0.052945,-0.0011886,0,46.667,8,0
9.7935e-06,0.052732,-0.0011774,0,46.972,8,0
1.0237e-05,0.052524,-0.0011657,0,47.278,8,0
1.0682e-05,0.052322,-0.0011499,0,47.583,8,0
1.1124e-05,0.052128,-0.0011289,0,47.889,8,0
1.1569e-05,0.051941,-0.0011044,0,48.194,8,0
1.201e-05,0.051757,-0.001082,0,48.5,8,0
1.2446e-05,0.051572,-0.0010649,0,48.806,8,0
1.2881e-05,0.051385,-0.0010518,0,49.111,8,0
1.3311e-05,0.051199,-0.0010319,0,49.417,8,0
1.3746e-05,0.051022,-0.00099091,0,49.722,8,0
1.4188e-05,0.050861,-0.00091724,0,50.028,8,0
1.4638e-05,0.05072,-0.00081608,0,50.333,8,0
1.5134e-05,0.050595,-0.00071089,0,50.639,8,0
1.5664e-05,0.05047,-0.00063902,0,50.944,8,0
1.6266e-05,0.050327,-0.00062698,0,51.25,8,0
1.696e-05,0.05015,-0.00067107,0,51.556,8,0
1.7669e-05,0.049939,-0.00071885,0,51.861,8,0
1.8579e-05,0.049712,-0.00067972,0,52.167,8,0
1.9431e-05,0.049498,-0.0004209,0,52.472,8,0
1.9803e-05,0.049367,0.00019106,0,52.778,8,0
2.0147e-05,0.049436,0.0011585,0,53.083,8,0
2.0711e-05,0.049795,0.0022549,0,53.389,8,0
2.1351e-05,0.05045,0.0031636,0,53.694,8,0
2.1733e-05,0.051333,0.0036688,0,54,8,0
2.1649e-05,0.052336,0.0037297,0,54.306,8,0
2.1093e-05,0.053337,0.0034373,0,54.611,8,0
2.0124e-05,0.054236,0.0029175,0,54.917,8,0
1.8848e-05,0.054963,0.0022919,0,55.222,8,0
1.7426e-05,0.055494,0.0016514,0,55.528,8,0
1.6044e-05,0.055827,0.0010677,0,55.833,8,0
1.4736e-05,0.055988,0.00056428,0,56.139,8,0
1.3584e-05,0.056005,0.00015005,0,56.444,8,0
1.2527e-05,0.055918,-0.00019651,0,56.75,8,0
1.162e-05,0.055751,-0.00048067,0,57.056,8,0
1.0811e-05,0.055539,-0.00072687,0,57.361,8,0
1.0126e-05,0.055297,-0.00093099,0,57.667,8,0
9.5065e-06,0.055044,-0.0011042,0,57.972,8,0
8.9774e-06,0.054788,-0.0012336,0,58.278,8,0
8.4751e-06,0.054533,-0.0013274,0,58.583,8,0
8.0618e-06,0.054279,-0.0013868,0,58.889,8,0
7.6587e-06,0.054024,-0.0014283,0,59.194,8,0
7.3259e-06,0.053767,-0.0014669,0,59.5,8,0
6.9845e-06,0.053505,-0.0015139,0,59.806,8,0
6.6629e-06,0.053244,-0.0015719,0,60.111,8,0
6.3116e-06,0.052984,-0.0016258,0,60.417,8,0
5.9421e-06,0.052734,-0.001667,0,60.722,8,0
5.5539e-06,0.052491,-0.0016768,0,61.028,8,0
5.151e-06,0.052263,-0.0016549,0,61.333,8,0
4.7679e-06,0.052031,-0.0016153,0,61.639,8,0
4.3782e-06,0.051803,-0.001591,0,61.944,8,0
4.0123e-06,0.051558,-0.0016016,0,62.25,8,0
3.6286e-06,0.051313,-0.0016693,0,62.556,8,0
3.1672e-06,0.051048,-0.0018103,0,62.861,8,0
2.6667e-06,0.050793,-0.0020313,0,63.167,8,0
1.9444e-06,0.050543,-0.0022767,0,63.472,8,0
1.1803e-06,0.050337,-0.0024914,0,63.778,8,0
1.2247e-07,0.050178,-0.0025988,0,64.083,8,0
-8.8068e-07,0.050046,-0.0026324,0,64.389,8,0
-2.6025e-06,0.049917,-0.0025673,0,64.694,8,0
0,0.04982,-0.0024901,0,65,8,0
-9.614e-05,0.05558,-5.8778e-05,0,10.306,8.6667,0
-9.2303e-05,0.055619,7.9e-07,0,10.611,8.6667,0
-8.3325e-05,0.055627,3.5833e-05,0,10.917,8.6667,0
-7.8121e-05,0.055665,6.351e-05,0,11.222,8.6667,0
-7.3531e-05,0.055711,8.3537e-05,0,11.528,8.6667,0
-6.9633e-05,0.055767,8.277e-05,0,11.833,8.6667,0
-6.549e-05,0.05582,7.1736e-05,0,12.139,8.6667,0
-6.1964e-05,0.055864,5.0229e-05,0,12.444,8.6667,0
-5.9073e-05,0.055898,2.3221e-05,0,12.75,8.6667,0
-5.6273e-05,0.055914,-1.5881e-05,0,13.056,8.6667,0
-5.3592e-05,0.055912,-6.5805e-05,0,13.361,8.6667,0
-5.101e-05,0.055893,-0.00012018,0,13.667,8.6667,0
-4.8455e-05,0.055852,-0.00017529,0,13.972,8.6667,0
-4.592e-05,0.055789,-0.00023341,0,14.278,8.6667,0
-4.3399e-05,0.055706,-0.00029401,0,14.583,8.6667,0
-4.0869e-05,0.055602,-0.00035716,0,14.889,8.6667,0
-3.8347e-05,0.055479,-0.00042186,0,15.194,8.6667,0
-3.5809e-05,0.055337,-0.00048829,0,15.5,8.6667,0
-3.3289e-05,0.055177,-0.00055487,0,15.806,8.6667,0
-3.0769e-05,0.055,-0.00061998,0,16.111,8.6667,0
-2.8272e-05,0.054808,-0.00067948,0,16.417,8.6667,0
-2.5793e-05,0.054603,-0.0007323,0,16.722,8.6667,0
-2.3345e-05,0.054388,-0.0007808,0,17.028,8.6667,0
-2.093e-05,0.054167,-0.00082484,0,17.333,8.6667,0
-1.8557e-05,0.053944,-0.00085934,0,17.639,8.6667,0
-1.6225e-05,0.053718,-0.00088289,0,17.944,8.6667,0
-1.3941e-05,0.053492,-0.00090019,0,18.25,8.6667,0
-1.1709e-05,0.053268,-0.00091347,0,18.556,8.6667,0
-9.5368e-06,0.05305,-0.00091754,0,18.861,8.6667,0
-7.4258e-06,0.052837,-0.00090724,0,19.167,8.6667,0
-5.3785e-06,0.05263,-0.0008843,0,19.472,8.6667,0
-3.3918e-06,0.052429,-0.00085434,0,19.778,8.6667,0
-1.471e-06,0.05224,-0.00081814,0,20.083,8.6667,0
3.8473e-07,0.052064,-0.00077069,0,20.389,8.6667,0
2.1795e-06,0.051903,-0.0007072,0,20.694,8.6667,0
3.9116e-06,0.05176,-0.00062832,0,21,8.6667,0
5.585e-06,0.051637,-0.000537,0,21.306,8.6667,0
7.195e-06,0.051538,-0.00043549,0,21.611,8.6667,0
8.7271e-06,0.051466,-0.00032381,0,21.917,8.6667,0
1.0198e-05,0.051424,-0.00020247,0,22.222,8.6667,0
1.1572e-05,0.051413,-7.2349e-05,0,22.528,8.6667,0
1.285e-05,0.051432,6.5129e-05,0,22.833,8.6667,0
1.4005e-05,0.051487,0.00021215,0,23.139,8.6667,0
1.497e-05,0.051587,0.00037378,0,23.444,8.6667,0
1.5682e-05,0.051748,0.00054909,0,23.75,8.6667,0
1.6119e-05,0.051982,0.0007257,0,24.056,8.6667,0
1.6204e-05,0.052287,0.00087773,0,24.361,8.6667,0
1.5839e-05,0.052641,0.00098315,0,24.667,8.6667,0
1.507e-05,0.053016,0.0010311,0,24.972,8.6667,0
1.3956e-05,0.053384,0.0010219,0,25.278,8.6667,0
1.2627e-05,0.053723,0.00096205,0,25.583,8.6667,0
1.1188e-05,0.054019,0.00086057,0,25.889,8.6667,0
9.7014e-06,0.054266,0.00072833,0,26.194,8.6667,0
8.2207e-06,0.054463,0.00057779,0,26.5,8.6667,0
6.7932e-06,0.05461,0.00042256,0,26.806,8.6667,0
5.4831e-06,0.054712,0.00027443,0,27.111,8.6667,0
4.3239e-06,0.054771,0.00014125,0,27.417,8.6667,0
3.3392e-06,0.054788,2.3874e-05,0,27.722,8.6667,0
2.5363e-06,0.054768,-8.0609e-05,0,28.028,8.6667,0
1.9614e-06,0.054714,-0.00017419,0,28.333,8.6667,0
1.5726e-06,0.054632,-0.00025886,0,28.639,8.6667,0
1.3467e-06,0.054528,-0.00033435,0,28.944,8.6667,0
1.2982e-06,0.054406,-0.00040142,0,29.25,8.6667,0
1.3754e-06,0.054271,-0.00045934,0,29.556,8.6667,0
1.5901e-06,0.054124,-0.00050881,0,29.861,8.6667,0
1.9103e-06,0.053967,-0.00055084,0,30.167,8.6667,0
2.3314e-06,0.053802,-0.00058707,0,30.472,8.6667,0
2.8346e-06,0.05363,-0.00061862,0,30.778,8.6667,0
3.4098e-06,0.053452,-0.00064604,0,31.083,8.6667,0
4.0445e-06,0.053267,-0.00066952,0,31.389,8.6667,0
4.7291e-06,0.053077,-0.00068919,0,31.694,8.6667,0
5.4542e-06,0.052884,-0.00070561,0,32,8.6667,0
6.2123e-06,0.052688,-0.00071936,0,32.306,8.6667,0
6.9962e-06,0.052491,-0.00073062,0,32.611,8.6667,0
7.8008e-06,0.052295,-0.00073892,0,32.917,8.6667,0
8.6233e-06,0.052101,-0.00074333,0,33.222,8.6667,0
9.4608e-06,0.05191,-0.00074286,0,33.528,8.6667,0
1.0317e-05,0.051724,-0.00073706,0,33.833,8.6667,0
1.119e-05,0.051543,-0.00072612,0,34.139,8.6667,0
1.2079e-05,0.051367,-0.00070986,0,34.444,8.6667,0
1.2992e-05,0.051194,-0.00068594,0,34.75,8.6667,0
1.3912e-05,0.051027,-0.00064939,0,35.056,8.6667,0
1.4855e-05,0.050874,-0.00059464,0,35.361,8.6667,0
1.5834e-05,0.050743,-0.00051937,0,35.667,8.6667,0
1.6842e-05,0.050637,-0.00042718,0,35.972,8.6667,0
1.7947e-05,0.050547,-0.00032668,0,36.278,8.6667,0
1.9089e-05,0.050457,-0.00022295,0,36.583,8.6667,0
2.0316e-05,0.050353,-0.00010523,0,36.889,8.6667,0
2.1654e-05,0.050245,5.7421e-05,0,37.194,8.6667,0
2.2771e-05,0.05018,0.00030901,0,37.5,8.6667,0
2.3743e-05,0.050243,0.00067218,0,37.806,8.6667,0
2.4732e-05,0.050517,0.0011042,0,38.111,8.6667,0
2.5364e-05,0.051013,0.0015074,0,38.417,8.6667,0
2.5365e-05,0.051663,0.0017852,0,38.722,8.6667,0
2.4789e-05,0.052373,0.0018926,0,39.028,8.6667,0
2.3771e-05,0.053058,0.0018391,0,39.333,8.6667,0
2.2392e-05,0.053659,0.0016663,0,39.639,8.6667,0
2.0831e-05,0.05415,0.0014203,0,39.944,8.6667,0
1.9194e-05,0.054524,0.0011398,0,40.25,8.6667,0
1.7486e-05,0.054791,0.00085246,0,40.556,8.6667,0
1.5804e-05,0.054967,0.0005761,0,40.861,8.6667,0
1.4277e-05,0.055066,0.00032132,0,41.167,8.6667,0
1.291e-05,0.055096,9.4407e-05,0,41.472,8.6667,0
1.1727e-05,0.055069,-0.00010352,0,41.778,8.6667,0
1.072e-05,0.054994,-0.00027341,0,42.083,8.6667,0
9.8926e-06,0.054881,-0.00041484,0,42.389,8.6667,0
9.2545e-06,0.054739,-0.00052969,0,42.694,8.6667,0
8.7559e-06,0.054575,-0.00061968,0,43,8.6667,0
8.4063e-06,0.054395,-0.00068769,0,43.306,8.6667,0
8.1767e-06,0.054205,-0.00073672,0,43.611,8.6667,0
8.0594e-06,0.054008,-0.00076968,0,43.917,8.6667,0
8.0363e-06,0.053807,-0.00078936,0,44.222,8.6667,0
8.0974e-06,0.053606,-0.00079852,0,44.528,8.6667,0
8.2281e-06,0.053406,-0.00079978,0,44.833,8.6667,0
8.4203e-06,0.053206,-0.00079562,0,45.139,8.6667,0
8.661e-06,0.053009,-0.00078805,0,45.444,8.6667,0
8.9448e-06,0.052814,-0.00077851,0,45.75,8.6667,0
9.2601e-06,0.052623,-0.00076807,0,46.056,8.6667,0
9.6041e-06,0.052433,-0.00075757,0,46.361,8.6667,0
9.9661e-06,0.052246,-0.00074819,0,46.667,8.6667,0
1.0345e-05,0.05206,-0.00074057,0,46.972,8.6667,0
1.0729e-05,0.051875,-0.00073461,0,47.278,8.6667,0
1.1122e-05,0.051693,-0.00072868,0,47.583,8.6667,0
1.1513e-05,0.051514,-0.00072116,0,47.889,8.6667,0
1.191e-05,0.051339,-0.00071015,0,48.194,8.6667,0
1.2306e-05,0.051169,-0.0006964,0,48.5,8.6667,0
1.2707e-05,0.051001,-0.00068102,0,48.806,8.6667,0
1.3106e-05,0.050835,-0.00066613,0,49.111,8.6667,0
1.3505e-05,0.05067,-0.0006507,0,49.417,8.6667,0
1.3901e-05,0.05051,-0.00063106,0,49.722,8.6667,0
1.4302e-05,0.050361,-0.00059953,0,50.028,8.6667,0
1.4709e-05,0.050231,-0.00055163,0,50.333,8.6667,0
1.5159e-05,0.050122,-0.00048706,0,50.639,8.6667,0
1.5633e-05,0.05003,-0.00041606,0,50.944,8.6667,0
1.6173e-05,0.04994,-0.0003512,0,51.25,8.6667,0
1.676e-05,0.049835,-0.00030256,0,51.556,8.6667,0
1.7379e-05,0.049703,-0.00025939,0,51.861,8.6667,0
1.8129e-05,0.049552,-0.00018972,0,52.167,8.6667,0
1.8876e-05,0.049409,-3.8988e-05,0,52.472,8.6667,0
1.9416e-05,0.04934,0.00024021,0,52.778,8.6667,0
2.0058e-05,0.04943,0.00064677,0,53.083,8.6667,0
2.0835e-05,0.049741,0.0011037,0,53.389,8.6667,0
2.1604e-05,0.050265,0.0015043,0,53.694,8.6667,0
2.2093e-05,0.05093,0.0017607,0,54,8.6667,0
2.2144e-05,0.051643,0.00184,0,54.306,8.6667,0
2.1826e-05,0.05232,0.0017589,0,54.611,8.6667,0
2.1156e-05,0.052908,0.0015584,0,54.917,8.6667,0
2.0286e-05,0.053377,0.0012853,0,55.222,8.6667,0
1.9406e-05,0.053725,0.00098001,0,55.528,8.6667,0
1.8444e-05,0.053956,0.00067982,0,55.833,8.6667,0
1.7304e-05,0.054093,0.00040401,0,56.139,8.6667,0
1.6152e-05,0.054148,0.00016653,0,56.444,8.6667,0
1.4998e-05,0.05414,-4.2929e-05,0,56.75,8.6667,0
1.4023e-05,0.054074,-0.0002221,0,57.056,8.6667,0
1.3114e-05,0.053967,-0.00039099,0,57.361,8.6667,0
1.2307e-05,0.053818,-0.00053678,0,57.667,8.6667,0
1.1555e-05,0.053641,-0.00067099,0,57.972,8.6667,0
1.0879e-05,0.05344,-0.00077173,0,58.278,8.6667,0
1.0212e-05,0.053228,-0.00084558,0,58.583,8.6667,0
9.6458e-06,0.053008,-0.0008858,0,58.889,8.6667,0
9.0806e-06,0.052783,-0.00090782,0,59.194,8.6667,0
8.64e-06,0.052549,-0.00092598,0,59.5,8.6667,0
8.1922e-06,0.052303,-0.00095692,0,59.806,8.6667,0
7.8318e-06,0.05204,-0.0010091,0,60.111,8.6667,0
7.4047e-06,0.051766,-0.0010687,0,60.417,8.6667,0
6.9982e-06,0.05149,-0.0011252,0,60.722,8.6667,0
6.5004e-06,0.05122,-0.0011623,0,61.028,8.6667,0
6.0241e-06,0.050971,-0.0011629,0,61.333,8.6667,0
5.4919e-06,0.050734,-0.0011348,0,61.639,8.6667,0
5.069e-06,0.050506,-0.0011006,0,61.944,8.6667,0
4.6426e-06,0.050256,-0.0010867,0,62.25,8.6667,0
4.3821e-06,0.049987,-0.0011126,0,62.556,8.6667,0
3.9749e-06,0.049667,-0.001203,0,62.861,8.6667,0
3.7486e-06,0.049317,-0.0013882,0,63.167,8.6667,0
3.0268e-06,0.048913,-0.0016329,0,63.472,8.6667,0
2.2882e-06,0.048512,-0.001926,0,63.778,8.6667,0
7.5654e-07,0.048167,-0.0021069,0,64.083,8.6667,0
-2.3989e-07,0.047902,-0.0021774,0,64.389,8.6667,0
-1.9591e-06,0.047709,-0.0021349,0,64.694,8.6667,0
0,0.047605,-0.0020578,0,65,8.6667,0
-8.1403e-05,0.053873,0.00011755,0,10.306,9.3333,0
-9.3568e-05,0.05401,9.1068e-05,0,10.611,9.3333,0
-8.3768e-05,0.053983,7.5239e-05,0,10.917,9.3333,0
-7.924e-05,0.054002,6.0912e-05,0,11.222,9.3333,0
-7.4884e-05,0.054021,3.5599e-05,0,11.528,9.3333,0
-7.1854e-05,0.054039,2.2341e-05,0,11.833,9.3333,0
-6.7591e-05,0.054064,1.7016e-05,0,12.139,9.3333,0
-6.3228e-05,0.054076,1.1153e-05,0,12.444,9.3333,0
-6.0601e-05,0.054085,4.3895e-06,0,12.75,9.3333,0
-5.8075e-05,0.054086,-1.0904e-05,0,13.056,9.3333,0
-5.4875e-05,0.05408,-3.7741e-05,0,13.361,9.3333,0
-5.1723e-05,0.054058,-6.5915e-05,0,13.667,9.3333,0
-4.898e-05,0.054025,-9.1075e-05,0,13.972,9.3333,0
-4.6285e-05,0.053978,-0.00011743,0,14.278,9.3333,0
-4.3597e-05,0.053918,-0.00014459,0,14.583,9.3333,0
-4.0956e-05,0.053843,-0.00017236,0,14.889,9.3333,0
-3.8378e-05,0.053755,-0.00019958,0,15.194,9.3333,0
-3.5771e-05,0.05365,-0.00022849,0,15.5,9.3333,0
-3.3253e-05,0.053531,-0.0002588,0,15.806,9.3333,0
-3.0724e-05,0.053396,-0.00028945,0,16.111,9.3333,0
-2.8244e-05,0.053247,-0.00031647,0,16.417,9.3333,0
-2.5784e-05,0.053085,-0.00034024,0,16.722,9.3333,0
-2.3359e-05,0.052911,-0.0003644,0,17.028,9.3333,0
-2.0974e-05,0.052727,-0.00038904,0,17.333,9.3333,0
-1.8636e-05,0.052533,-0.00040856,0,17.639,9.3333,0
-1.6344e-05,0.052333,-0.0004217,0,17.944,9.3333,0
-1.4105e-05,0.052129,-0.00043387,0,18.25,9.3333,0
-1.1924e-05,0.051921,-0.00044718,0,18.556,9.3333,0
-9.8052e-06,0.05171,-0.00045523,0,18.861,9.3333,0
-7.7468e-06,0.0515,-0.00045193,0,19.167,9.3333,0
-5.7459e-06,0.051294,-0.00043984,0,19.472,9.3333,0
-3.806e-06,0.051095,-0.00042609,0,19.778,9.3333,0
-1.9317e-06,0.050903,-0.00041237,0,20.083,9.3333,0
-1.3102e-07,0.05072,-0.00039362,0,20.389,9.3333,0
1.6033e-06,0.05055,-0.00036541,0,20.694,9.3333,0
3.2582e-06,0.050396,-0.00032927,0,21,9.3333,0
4.8454e-06,0.050262,-0.00028863,0,21.306,9.3333,0
6.3484e-06,0.05015,-0.0002451,0,21.611,9.3333,0
7.7536e-06,0.050063,-0.00019728,0,21.917,9.3333,0
9.0751e-06,0.050002,-0.00014372,0,22.222,9.3333,0
1.0277e-05,0.04997,-8.3612e-05,0,22.528,9.3333,0
1.1345e-05,0.049969,-1.926e-05,0,22.833,9.3333,0
1.2225e-05,0.05,4.8237e-05,0,23.139,9.3333,0
1.3197e-05,0.050067,0.00011938,0,23.444,9.3333,0
1.391e-05,0.050171,0.00019321,0,23.75,9.3333,0
1.4236e-05,0.050319,0.00026516,0,24.056,9.3333,0
1.4402e-05,0.050504,0.00032499,0,24.361,9.3333,0
1.4228e-05,0.050721,0.00036656,0,24.667,9.3333,0
1.3802e-05,0.050955,0.00038724,0,24.972,9.3333,0
1.3109e-05,0.051193,0.00038839,0,25.278,9.3333,0
1.2222e-05,0.051423,0.00037253,0,25.583,9.3333,0
1.1179e-05,0.051634,0.00034031,0,25.889,9.3333,0
1.0047e-05,0.051818,0.00029119,0,26.194,9.3333,0
8.893e-06,0.051968,0.00022722,0,26.5,9.3333,0
7.7215e-06,0.052082,0.00015622,0,26.806,9.3333,0
6.6329e-06,0.052162,8.9193e-05,0,27.111,9.3333,0
5.6433e-06,0.052208,3.5387e-05,0,27.417,9.3333,0
4.6718e-06,0.052227,-5.7145e-06,0,27.722,9.3333,0
3.7533e-06,0.052219,-3.9805e-05,0,28.028,9.3333,0
3.2141e-06,0.05219,-7.1879e-05,0,28.333,9.3333,0
2.8363e-06,0.052139,-0.00010414,0,28.639,9.3333,0
2.5585e-06,0.052071,-0.00013601,0,28.944,9.3333,0
2.4836e-06,0.051986,-0.00016818,0,29.25,9.3333,0
2.4712e-06,0.051887,-0.00019811,0,29.556,9.3333,0
2.6121e-06,0.051776,-0.00022497,0,29.861,9.3333,0
2.8446e-06,0.051654,-0.00024796,0,30.167,9.3333,0
3.1825e-06,0.051523,-0.00026748,0,30.472,9.3333,0
3.6042e-06,0.051385,-0.00028415,0,30.778,9.3333,0
4.1032e-06,0.05124,-0.00029856,0,31.083,9.3333,0
4.6674e-06,0.051089,-0.00031109,0,31.389,9.3333,0
5.2877e-06,0.050933,-0.00032201,0,31.694,9.3333,0
5.9554e-06,0.050773,-0.00033179,0,32,9.3333,0
6.6621e-06,0.05061,-0.00034082,0,32.306,9.3333,0
7.4007e-06,0.050444,-0.0003492,0,32.611,9.3333,0
8.1634e-06,0.050275,-0.00035643,0,32.917,9.3333,0
8.9468e-06,0.050105,-0.00036138,0,33.222,9.3333,0
9.7455e-06,0.049935,-0.0003627,0,33.528,9.3333,0
1.0559e-05,0.049765,-0.00035967,0,33.833,9.3333,0
1.1386e-05,0.049597,-0.00035271,0,34.139,9.3333,0
1.2223e-05,0.049432,-0.00034291,0,34.444,9.3333,0
1.3069e-05,0.049272,-0.00033084,0,34.75,9.3333,0
1.3926e-05,0.049118,-0.00031532,0,35.056,9.3333,0
1.4794e-05,0.048974,-0.00029368,0,35.361,9.3333,0
1.5685e-05,0.048845,-0.00026311,0,35.667,9.3333,0
1.6581e-05,0.048736,-0.00022194,0,35.972,9.3333,0
1.7503e-05,0.04865,-0.00016979,0,36.278,9.3333,0
1.8447e-05,0.048587,-0.00010649,0,36.583,9.3333,0
1.9356e-05,0.048548,-3.0606e-05,0,36.889,9.3333,0
2.0279e-05,0.048539,6.0318e-05,0,37.194,9.3333,0
2.1137e-05,0.048574,0.00017273,0,37.5,9.3333,0
2.1994e-05,0.048681,0.00030912,0,37.806,9.3333,0
2.277e-05,0.048883,0.00045552,0,38.111,9.3333,0
2.3318e-05,0.049188,0.00058875,0,38.417,9.3333,0
2.3622e-05,0.049575,0.00068673,0,38.722,9.3333,0
2.3541e-05,0.050007,0.00073702,0,39.028,9.3333,0
2.3077e-05,0.050443,0.00073578,0,39.333,9.3333,0
2.2276e-05,0.05085,0.00068715,0,39.639,9.3333,0
2.1197e-05,0.051206,0.00059995,0,39.944,9.3333,0
1.994e-05,0.051501,0.00048619,0,40.25,9.3333,0
1.8586e-05,0.051729,0.00035991,0,40.556,9.3333,0
1.7176e-05,0.051891,0.00023589,0,40.861,9.3333,0
1.5843e-05,0.051993,0.00012486,0,41.167,9.3333,0
1.4586e-05,0.052039,3.1392e-05,0,41.472,9.3333,0
1.3438e-05,0.052036,-4.8704e-05,0,41.778,9.3333,0
1.2352e-05,0.051991,-0.00011983,0,42.083,9.3333,0
1.1469e-05,0.051911,-0.00018106,0,42.389,9.3333,0
1.0791e-05,0.051801,-0.00023317,0,42.694,9.3333,0
1.0185e-05,0.051668,-0.00027577,0,43,9.3333,0
9.7393e-06,0.051517,-0.00031015,0,43.306,9.3333,0
9.4005e-06,0.051353,-0.00033713,0,43.611,9.3333,0
9.1745e-06,0.051179,-0.00035771,0,43.917,9.3333,0
9.0436e-06,0.051,-0.00037266,0,44.222,9.3333,0
9.0007e-06,0.050818,-0.00038287,0,44.528,9.3333,0
9.0325e-06,0.050634,-0.00038901,0,44.833,9.3333,0
9.1321e-06,0.050451,-0.0003918,0,45.139,9.3333,0
9.2871e-06,0.050269,-0.00039175,0,45.444,9.3333,0
9.4928e-06,0.05009,-0.00038941,0,45.75,9.3333,0
9.7375e-06,0.049912,-0.00038529,0,46.056,9.3333,0
1.0019e-05,0.049738,-0.00038003,0,46.361,9.3333,0
1.0326e-05,0.049565,-0.0003744,0,46.667,9.3333,0
1.0658e-05,0.049395,-0.00036918,0,46.972,9.3333,0
1.1003e-05,0.049226,-0.00036479,0,47.278,9.3333,0
1.1361e-05,0.049058,-0.00036088,0,47.583,9.3333,0
1.1723e-05,0.048892,-0.00035683,0,47.889,9.3333,0
1.2094e-05,0.048728,-0.00035153,0,48.194,9.3333,0
1.2465e-05,0.048566,-0.00034499,0,48.5,9.3333,0
1.2845e-05,0.048409,-0.00033749,0,48.806,9.3333,0
1.3221e-05,0.048254,-0.00033008,0,49.111,9.3333,0
1.3603e-05,0.048103,-0.00032316,0,49.417,9.3333,0
1.3975e-05,0.047956,-0.00031652,0,49.722,9.3333,0
1.4352e-05,0.047814,-0.00030774,0,50.028,9.3333,0
1.4723e-05,0.047681,-0.00029434,0,50.333,9.3333,0
1.5111e-05,0.047561,-0.00027273,0,50.639,9.3333,0
1.5509e-05,0.047458,-0.0002418,0,50.944,9.3333,0
1.5952e-05,0.047371,-0.00020124,0,51.25,9.3333,0
1.6403e-05,0.047297,-0.00015382,0,51.556,9.3333,0
1.6914e-05,0.047233,-9.9815e-05,0,51.861,9.3333,0
1.7422e-05,0.047178,-3.7979e-05,0,52.167,9.3333,0
1.7962e-05,0.047146,3.9864e-05,0,52.472,9.3333,0
1.8528e-05,0.047161,0.00014555,0,52.778,9.3333,0
1.9282e-05,0.047257,0.00028372,0,53.083,9.3333,0
2.0011e-05,0.047457,0.00043481,0,53.389,9.3333,0
2.0668e-05,0.047763,0.00056987,0,53.694,9.3333,0
2.1239e-05,0.048147,0.00066127,0,54,9.3333,0
2.157e-05,0.04857,0.00069739,0,54.306,9.3333,0
2.1621e-05,0.048991,0.00067783,0,54.611,9.3333,0
2.1383e-05,0.049377,0.00061177,0,54.917,9.3333,0
2.0898e-05,0.049705,0.00051091,0,55.222,9.3333,0
2.0194e-05,0.049966,0.00038941,0,55.528,9.3333,0
1.9325e-05,0.050154,0.00026279,0,55.833,9.3333,0
1.8374e-05,0.050277,0.00014532,0,56.139,9.3333,0
1.7382e-05,0.05034,4.7975e-05,0,56.444,9.3333,0
1.6074e-05,0.050353,-3.5167e-05,0,56.75,9.3333,0
1.5102e-05,0.050321,-0.00010227,0,57.056,9.3333,0
1.4216e-05,0.050251,-0.00016767,0,57.361,9.3333,0
1.3388e-05,0.050142,-0.0002198,0,57.667,9.3333,0
1.2649e-05,0.050005,-0.0002792,0,57.972,9.3333,0
1.1924e-05,0.049834,-0.0003328,0,58.278,9.3333,0
1.1194e-05,0.049651,-0.00038375,0,58.583,9.3333,0
1.0571e-05,0.049447,-0.00041725,0,58.889,9.3333,0
9.9039e-06,0.049244,-0.00042793,0,59.194,9.3333,0
9.4112e-06,0.049031,-0.00041969,0,59.5,9.3333,0
8.8864e-06,0.048819,-0.00040126,0,59.806,9.3333,0
8.5158e-06,0.048593,-0.00040086,0,60.111,9.3333,0
8.0413e-06,0.048356,-0.00042676,0,60.417,9.3333,0
7.5571e-06,0.048103,-0.00047699,0,60.722,9.3333,0
7.0648e-06,0.04784,-0.00054326,0,61.028,9.3333,0
6.6112e-06,0.047571,-0.00059389,0,61.333,9.3333,0
5.9299e-06,0.047307,-0.00060062,0,61.639,9.3333,0
5.439e-06,0.047051,-0.00055034,0,61.944,9.3333,0
4.8835e-06,0.046801,-0.0004675,0,62.25,9.3333,0
4.6703e-06,0.046554,-0.00038601,0,62.556,9.3333,0
4.1113e-06,0.046289,-0.00034598,0,62.861,9.3333,0
3.5574e-06,0.046003,-0.00038929,0,63.167,9.3333,0
2.5858e-06,0.045651,-0.0005188,0,63.472,9.3333,0
2.0619e-06,0.045257,-0.00086898,0,63.778,9.3333,0
-6.5296e-07,0.044761,-0.001263,0,64.083,9.3333,0
-2.3613e-06,0.044297,-0.0016589,0,64.389,9.3333,0
-5.0969e-06,0.043736,-0.0018951,0,64.694,9.3333,0
0,0.043356,-0.0018793,0,65,9.3333,0
-5.5983e-05,0,0,0,10.306,10,0
-8.4693e-05,0,0,0,10.611,10,0
-7.7048e-05,0,0,0,10.917,10,0
-7.3794e-05,0,0,0,11.222,10,0
-7.0751e-05,0,0,0,11.528,10,0
-6.9402e-05,0,0,0,11.833,10,0
-6.5953e-05,0,0,0,12.139,10,0
-6.1883e-05,0,0,0,12.444,10,0
-5.9996e-05,0,0,0,12.75,10,0
-5.8331e-05,0,0,0,13.056,10,0
-5.4986e-05,0,0,0,13.361,10,0
-5.158e-05,0,0,0,13.667,10,0
-4.8923e-05,0,0,0,13.972,10,0
-4.6282e-05,0,0,0,14.278,10,0
-4.3582e-05,0,0,0,14.583,10,0
-4.0932e-05,0,0,0,14.889,10,0
-3.836e-05,0,0,0,15.194,10,0
-3.5715e-05,0,0,0,15.5,10,0
-3.3201e-05,0,0,0,15.806,10,0
-3.0649e-05,0,0,0,16.111,10,0
-2.816e-05,0,0,0,16.417,10,0
-2.5689e-05,0,0,0,16.722,10,0
-2.3255e-05,0,0,0,17.028,10,0
-2.0862e-05,0,0,0,17.333,10,0
-1.8515e-05,0,0,0,17.639,10,0
-1.6216e-05,0,0,0,17.944,10,0
-1.397e-05,0,0,0,18.25,10,0
-1.1785e-05,0,0,0,18.556,10,0
-9.665e-06,0,0,0,18.861,10,0
-7.6133e-06,0,0,0,19.167,10,0
-5.6276e-06,0,0,0,19.472,10,0
-3.7107e-06,0,0,0,19.778,10,0
-1.8647e-06,0,0,0,20.083,10,0
-9.8657e-08,0,0,0,20.389,10,0
1.5993e-06,0,0,0,20.694,10,0
3.2098e-06,0,0,0,21,10,0
4.7546e-06,0,0,0,21.306,10,0
6.2117e-06,0,0,0,21.611,10,0
7.5636e-06,0,0,0,21.917,10,0
8.8418e-06,0,0,0,22.222,10,0
9.9901e-06,0,0,0,22.528,10,0
1.0986e-05,0,0,0,22.833,10,0
1.1725e-05,0,0,0,23.139,10,0
1.2777e-05,0,0,0,23.444,10,0
1.3525e-05,0,0,0,23.75,10,0
1.3734e-05,0,0,0,24.056,10,0
1.3927e-05,0,0,0,24.361,10,0
1.3773e-05,0,0,0,24.667,10,0
1.3405e-05,0,0,0,24.972,10,0
1.2781e-05,0,0,0,25.278,10,0
1.1989e-05,0,0,0,25.583,10,0
1.1053e-05,0,0,0,25.889,10,0
1.0034e-05,0,0,0,26.194,10,0
9.0027e-06,0,0,0,26.5,10,0
7.921e-06,0,0,0,26.806,10,0
6.9428e-06,0,0,0,27.111,10,0
6.0494e-06,0,0,0,27.417,10,0
5.0542e-06,0,0,0,27.722,10,0
4.0203e-06,0,0,0,28.028,10,0
3.5189e-06,0,0,0,28.333,10,0
3.1901e-06,0,0,0,28.639,10,0
2.9087e-06,0,0,0,28.944,10,0
2.866e-06,0,0,0,29.25,10,0
2.8318e-06,0,0,0,29.556,10,0
2.9688e-06,0,0,0,29.861,10,0
3.185e-06,0,0,0,30.167,10,0
3.5081e-06,0,0,0,30.472,10,0
3.9126e-06,0,0,0,30.778,10,0
4.3942e-06,0,0,0,31.083,10,0
4.9414e-06,0,0,0,31.389,10,0
5.545e-06,0,0,0,31.694,10,0
6.1971e-06,0,0,0,32,10,0
6.8887e-06,0,0,0,32.306,10,0
7.6136e-06,0,0,0,32.611,10,0
8.3637e-06,0,0,0,32.917,10,0
9.1361e-06,0,0,0,33.222,10,0
9.9248e-06,0,0,0,33.528,10,0
1.073e-05,0,0,0,33.833,10,0
1.1549e-05,0,0,0,34.139,10,0
1.238e-05,0,0,0,34.444,10,0
1.322e-05,0,0,0,34.75,10,0
1.4067e-05,0,0,0,35.056,10,0
1.4912e-05,0,0,0,35.361,10,0
1.5774e-05,0,0,0,35.667,10,0
1.6626e-05,0,0,0,35.972,10,0
1.7492e-05,0,0,0,36.278,10,0
1.8377e-05,0,0,0,36.583,10,0
1.918e-05,0,0,0,36.889,10,0
1.9998e-05,0,0,0,37.194,10,0
2.0761e-05,0,0,0,37.5,10,0
2.1654e-05,0,0,0,37.806,10,0
2.2517e-05,0,0,0,38.111,10,0
2.3084e-05,0,0,0,38.417,10,0
2.3422e-05,0,0,0,38.722,10,0
2.3372e-05,0,0,0,39.028,10,0
2.2946e-05,0,0,0,39.333,10,0
2.2204e-05,0,0,0,39.639,10,0
2.1199e-05,0,0,0,39.944,10,0
2.004e-05,0,0,0,40.25,10,0
1.8777e-05,0,0,0,40.556,10,0
1.7428e-05,0,0,0,40.861,10,0
1.6179e-05,0,0,0,41.167,10,0
1.4982e-05,0,0,0,41.472,10,0
1.386e-05,0,0,0,41.778,10,0
1.273e-05,0,0,0,42.083,10,0
1.1846e-05,0,0,0,42.389,10,0
1.1193e-05,0,0,0,42.694,10,0
1.0562e-05,0,0,0,43,10,0
1.0105e-05,0,0,0,43.306,10,0
9.7454e-06,0,0,0,43.611,10,0
9.498e-06,0,0,0,43.917,10,0
9.3439e-06,0,0,0,44.222,10,0
9.2775e-06,0,0,0,44.528,10,0
9.2858e-06,0,0,0,44.833,10,0
9.3627e-06,0,0,0,45.139,10,0
9.4961e-06,0,0,0,45.444,10,0
9.6818e-06,0,0,0,45.75,10,0
9.9083e-06,0,0,0,46.056,10,0
1.0174e-05,0,0,0,46.361,10,0
1.0466e-05,0,0,0,46.667,10,0
1.0785e-05,0,0,0,46.972,10,0
1.1119e-05,0,0,0,47.278,10,0
1.1468e-05,0,0,0,47.583,10,0
1.1822e-05,0,0,0,47.889,10,0
1.2186e-05,0,0,0,48.194,10,0
1.255e-05,0,0,0,48.5,10,0
1.2925e-05,0,0,0,48.806,10,0
1.3295e-05,0,0,0,49.111,10,0
1.3673e-05,0,0,0,49.417,10,0
1.4042e-05,0,0,0,49.722,10,0
1.4418e-05,0,0,0,50.028,10,0
1.4788e-05,0,0,0,50.333,10,0
1.5172e-05,0,0,0,50.639,10,0
1.5562e-05,0,0,0,50.944,10,0
1.5987e-05,0,0,0,51.25,10,0
1.64e-05,0,0,0,51.556,10,0
1.6876e-05,0,0,0,51.861,10,0
1.7298e-05,0,0,0,52.167,10,0
1.7734e-05,0,0,0,52.472,10,0
1.8218e-05,0,0,0,52.778,10,0
1.9012e-05,0,0,0,53.083,10,0
1.9817e-05,0,0,0,53.389,10,0
2.0518e-05,0,0,0,53.694,10,0
2.1151e-05,0,0,0,54,10,0
2.1512e-05,0,0,0,54.306,10,0
2.1582e-05,0,0,0,54.611,10,0
2.1362e-05,0,0,0,54.917,10,0
2.0913e-05,0,0,0,55.222,10,0
2.0299e-05,0,0,0,55.528,10,0
1.9529e-05,0,0,0,55.833,10,0
1.8706e-05,0,0,0,56.139,10,0
1.7779e-05,0,0,0,56.444,10,0
1.6266e-05,0,0,0,56.75,10,0
1.5244e-05,0,0,0,57.056,10,0
1.4387e-05,0,0,0,57.361,10,0
1.3546e-05,0,0,0,57.667,10,0
1.2846e-05,0,0,0,57.972,10,0
1.2109e-05,0,0,0,58.278,10,0
1.1375e-05,0,0,0,58.583,10,0
1.0754e-05,0,0,0,58.889,10,0
1.0055e-05,0,0,0,59.194,10,0
9.5521e-06,0,0,0,59.5,10,0
8.9884e-06,0,0,0,59.806,10,0
8.5992e-06,0,0,0,60.111,10,0
8.0854e-06,0,0,0,60.417,10,0
7.5083e-06,0,0,0,60.722,10,0
7.04e-06,0,0,0,61.028,10,0
6.6288e-06,0,0,0,61.333,10,0
5.8396e-06,0,0,0,61.639,10,0
5.2732e-06,0,0,0,61.944,10,0
4.5423e-06,0,0,0,62.25,10,0
4.2201e-06,0,0,0,62.556,10,0
3.3271e-06,0,0,0,62.861,10,0
2.1104e-06,0,0,0,63.167,10,0
7.0305e-07,0,0,0,63.472,10,0
1.7828e-07,0,0,0,63.778,10,0
-3.4773e-06,0,0,0,64.083,10,0
-6.2582e-06,0,0,0,64.389,10,0
-1.0639e-05,0,0,0,64.694,10,0
-9.2704e-06,0.018884,-0.0010193,0,65,10,0
